# k                      k2T(z=7.00)              k2T(z=6.00)              k2T(z=5.00)              k2T(z=4.00)              k2T(z=3.00)              k2T(z=2.00)              k2T(z=1.00)              
1.000000000000000048e-04 2.188298729036098581e-08
1.021919705260436977e-04 2.285271634161598613e-08
1.044319883999578305e-04 2.386541278003979915e-08
1.067211068054462657e-04 2.492297986466461054e-08
1.090604020116892536e-04 2.602740507915158151e-08
1.114509738793702530e-04 2.718076389423820679e-08
1.138939463777946954e-04 2.838522366068847886e-08
1.163904681133439746e-04 2.964304771261754486e-08
1.189417128695127403e-04 3.095659965364994385e-08
1.215488801587839862e-04 3.232834773657222579e-08
1.242131957866006887e-04 3.376086948646793741e-08
1.269359124276999405e-04 3.525685652150599935e-08
1.297183102150797462e-04 3.681911946429782967e-08
1.325616973418762264e-04 3.845059324485306208e-08
1.354674106764333804e-04 4.015434267556088113e-08
1.384368163908553638e-04 4.193356819493935681e-08
1.414713106033361296e-04 4.379161183641434807e-08
1.445723200345690066e-04 4.573196343409889326e-08
1.477413026785442908e-04 4.775826721066872643e-08
1.509797484880509772e-04 4.987432861292500410e-08
1.542891800752039611e-04 5.208412142826088441e-08
1.576711534273269298e-04 5.439179507030763141e-08
1.611272586385270491e-04 5.680168233586133449e-08
1.646591206573057309e-04 5.931830762589604147e-08
1.682684000505566013e-04 6.194639541187397381e-08
1.719567937843100838e-04 6.469087912718478085e-08
1.757260360215918960e-04 6.755691058758038139e-08
1.795778989377701067e-04 7.054986949009013426e-08
1.835141935537745619e-04 7.367537342150333381e-08
1.875367705875800753e-04 7.693928833975948420e-08
1.916475213243539963e-04 8.034773862714024451e-08
1.958483785056771447e-04 8.390711810281041342e-08
2.001413172382560709e-04 8.762410288290974614e-08
2.045283559225542509e-04 9.150566388758553044e-08
2.090115572017783917e-04 9.555907999822143059e-08
2.135930289316662935e-04 9.979195260528976636e-08
2.182749251715324198e-04 1.042122192981412317e-07
2.230594471970363259e-04 1.088281682856545433e-07
2.279488445351513187e-04 1.136484538453919947e-07
2.329454160218190177e-04 1.186821114525245819e-07
2.380515108827871125e-04 1.239385735412027500e-07
2.432695298381395673e-04 1.294276884511124554e-07
2.486019262310366256e-04 1.351597389080073582e-07
2.540512071811978001e-04 1.411454611445232916e-07
2.596199347636678873e-04 1.473960650036849136e-07
2.653107272134213636e-04 1.539232547165799897e-07
2.711262601563716574e-04 1.607392505462217439e-07
2.770692678673639369e-04 1.678568114694820349e-07
2.831425445557415443e-04 1.752892579995775010e-07
2.893489456790935546e-04 1.830504951921466285e-07
2.956913892857974437e-04 1.911550399904522244e-07
3.021728573869912854e-04 1.996180484320825144e-07
3.087963973586181393e-04 2.084553436580508669e-07
3.155651233742037755e-04 2.176834448878626621e-07
3.224822178690397241e-04 2.273195979237859847e-07
3.295509330364610953e-04 2.373818071993924184e-07
3.367745923569223274e-04 2.478888690181898258e-07
3.441565921605898529e-04 2.588604053952140488e-07
3.517004032241863374e-04 2.703168973370431130e-07
3.594095724028373556e-04 2.822797245872410752e-07
3.672877242976871435e-04 2.947712057436657204e-07
3.753385629600690409e-04 3.078146392132108400e-07
3.835658736330297336e-04 3.214343440250820968e-07
3.919735245310277663e-04 3.356557035324725511e-07
4.005654686586425177e-04 3.505052139308970765e-07
4.093457456691487468e-04 3.660105329019099924e-07
4.183184837638302526e-04 3.822005296937810573e-07
4.274879016329263012e-04 3.991053348970770765e-07
4.368583104391227426e-04 4.167563969264948387e-07
4.464341158445206642e-04 4.351865405396345429e-07
4.562198200820363541e-04 4.544300266251790456e-07
4.662200240722041283e-04 4.745226119919496290e-07
4.764394295863806791e-04 4.955016116595722515e-07
4.868828414573648372e-04 5.174059702049822559e-07
4.975551698384743414e-04 5.402763328479519250e-07
5.084614325121403428e-04 5.641551183209359823e-07
5.196067572491059076e-04 5.890865879891117625e-07
5.309963842193376029e-04 6.151169277476585537e-07
5.426356684557833180e-04 6.422943354839576395e-07
5.545300823721341973e-04 6.706691079473258298e-07
5.666852183357772325e-04 7.002937299577219491e-07
5.791067912971438253e-04 7.312229661773213363e-07
5.918006414766945359e-04 7.635139618640610700e-07
6.047727371108012730e-04 7.972263458732222816e-07
6.180291772578177731e-04 8.324223366559087396e-07
6.315761946656592556e-04 8.691668394522391111e-07
6.454201587022389153e-04 9.075275614201765376e-07
6.595675783501363460e-04 9.475751426975104285e-07
6.740251052669115868e-04 9.893832822837392323e-07
6.887995369124972397e-04 1.033028867218274566e-06
7.038978197451445807e-04 1.078592103272012750e-06
7.193270524874223601e-04 1.126156660813381203e-06
7.350944894638052540e-04 1.175809824170617306e-06
7.512075440114233038e-04 1.227642645176627452e-06
7.676737919655704555e-04 1.281750087881127344e-06
7.845009752216176944e-04 1.338231188260937401e-06
8.016970053750009867e-04 1.397189243745532552e-06
8.192699674409958770e-04 1.458731994969999811e-06
8.372281236560303761e-04 1.522971809874991370e-06
8.555799173623191128e-04 1.590025856319205432e-06
8.743339769776501801e-04 1.660016317168415341e-06
8.934991200521859300e-04 1.733070611116516568e-06
9.130843574141895951e-04 1.809321612931249227e-06
9.330988974066240990e-04 1.888907862754244900e-06
9.535521502166159277e-04 1.971973783537450247e-06
9.744537322998196496e-04 2.058669956749226208e-06
9.958134709017645372e-04 2.149153383581870647e-06
1.017641408678303773e-03 2.243587747145433143e-06
1.039947808417347871e-03 2.342143633417383721e-06
1.062743157864093650e-03 2.444998835385570667e-06
1.086038174652020601e-03 2.552338684884734213e-06
1.109843811341975706e-03 2.664356365221368103e-06
1.134171260571712001e-03 2.781253213469315500e-06
1.159031960318301913e-03 2.903239013801759846e-06
1.184437599275905799e-03 3.030532389417423875e-06
1.210400122351413003e-03 3.163361175196545895e-06
1.236931736280552944e-03 3.301962790036077057e-06
1.264044915367103054e-03 3.446584534182483691e-06
1.291752407347903850e-03 3.597483991634987906e-06
1.320067239386429805e-03 3.754929522516807816e-06
1.349002724197738423e-03 3.919200702717706158e-06
1.378572466307679319e-03 4.090588750982533988e-06
1.408790368449297373e-03 4.269396907470684401e-06
1.439670638099448379e-03 4.455940987836883484e-06
1.471227794158693316e-03 4.650549914868088699e-06
1.503476673777614766e-03 4.853566240694892208e-06
1.536432439332762129e-03 5.065346594664262565e-06
1.570110585555510542e-03 5.286262203688497079e-06
1.604526946817179346e-03 5.516699574470038478e-06
1.639697704573840750e-03 5.757061105091678771e-06
1.675639394974314357e-03 6.007765670426069939e-06
1.712368916634928037e-03 6.269249031701126153e-06
1.749903538584699544e-03 6.541964626446479969e-06
1.788260908384671803e-03 6.826384354445888497e-06
1.827459060425225181e-03 7.122999293817482621e-06
1.867516424405260772e-03 7.432320330118709791e-06
1.908451833997249110e-03 7.754878805988679039e-06
1.950284535702208333e-03 8.091227470994833890e-06
1.993034197898789234e-03 8.441941320785686988e-06
2.036720920090701655e-03 8.807618411127916523e-06
2.081365242356855889e-03 9.188880404574463549e-06
2.126988155008635931e-03 9.586373559443723012e-06
2.173611108458865793e-03 1.000076983986029706e-05
2.221256023307095848e-03 1.043276787919347284e-05
2.269945300645957557e-03 1.088309383002191009e-05
2.319701832593430799e-03 1.135250210884834560e-05
2.370549013055974277e-03 1.184177671919826055e-05
2.422510748727581351e-03 1.235173239657228260e-05
2.475611470329929908e-03 1.288321570312684705e-05
2.529876144098918908e-03 1.343710571810332558e-05
2.585330283522977932e-03 1.401431520800013629e-05
2.641999961338683481e-03 1.461579219514976353e-05
2.699911821789312098e-03 1.524252122541620868e-05
2.759093093152103007e-03 1.589552450910451409e-05
2.819571600540104507e-03 1.657586272940647564e-05
2.881375778984642238e-03 1.728463678349704210e-05
2.944534686804547215e-03 1.802298932908848170e-05
3.009078019268435905e-03 1.879210620592825027e-05
3.075036122556459514e-03 1.959321723988402059e-05
3.142440008028094065e-03 2.042759745806337562e-05
3.211321366802674659e-03 2.129656932590068397e-05
3.281712584659533458e-03 2.220150437910434923e-05
3.353646757264737086e-03 2.314382466932536636e-05
3.427157705731599582e-03 2.412500339671745075e-05
3.502279992522271471e-03 2.514656712909837231e-05
3.579048937697885523e-03 2.621009793567937021e-05
3.657500635524903263e-03 2.731723515006549574e-05
3.737671971445469775e-03 2.846967634183484750e-05
3.819600639419750473e-03 2.966917829599455240e-05
3.903325159648406498e-03 3.091756004704545078e-05
3.988884896683546691e-03 3.221670492472849140e-05
4.076320077936659327e-03 3.356856231721411503e-05
4.165671812592232348e-03 3.497514794320585939e-05
4.256982110935963841e-03 3.643854630360368558e-05
4.350293904106633178e-03 3.796091362544760353e-05
4.445651064280926185e-03 3.954447991939713677e-05
4.543098425300711070e-03 4.119154993999181230e-05
4.642681803752458751e-03 4.290450311976581410e-05
4.744448020508705913e-03 4.468579777061003328e-05
4.848444922741720203e-03 4.653797364490143651e-05
4.954721406419680500e-03 4.846365391432486949e-05
5.063327439295978345e-03 5.046554470861370996e-05
5.174314084402428793e-03 5.254643718179980984e-05
5.287733524057457342e-03 5.470921159964315620e-05
5.403639084400525643e-03 5.695683953782517236e-05
5.522085260464363113e-03 5.929238436688277802e-05
5.643127741796744208e-03 6.171899778055833850e-05
5.766823438643924049e-03 6.423992594027361214e-05
5.893230508707978689e-03 6.685851304739137062e-05
6.022408384490672735e-03 6.957820319783861803e-05
6.154417801236692145e-03 7.240253791331998181e-05
6.289320825489387069e-03 7.533515612311039397e-05
6.427180884272442815e-03 7.837980049032303750e-05
6.568062794911208417e-03 8.154031944757807204e-05
6.712032795507703702e-03 8.482066706673932065e-05
6.859158576083619792e-03 8.822489441643630124e-05
7.009509310405970597e-03 9.175715627227335640e-05
7.163155688510358145e-03 9.542171639162440105e-05
7.320169949937127725e-03 9.922294857579933621e-05
7.480625917696056594e-03 1.031653285535060762e-04
7.644599032975539152e-03 1.072534255556039235e-04
7.812166390612585408e-03 1.114919156320502084e-04
7.983406775340304296e-03 1.158855835397944265e-04
8.158400698829939776e-03 1.204393211185266160e-04
8.337230437544834727e-03 1.251581103362502513e-04
8.519980071424161638e-03 1.300470276357843641e-04
8.706735523414574004e-03 1.351112524446750692e-04
8.897584599868398059e-03 1.403560662517038394e-04
9.092617031827317578e-03 1.457868375324366768e-04
9.291924517210991066e-03 1.514089937612065012e-04
9.495600763930484717e-03 1.572280452911544325e-04
9.703741533946621395e-03 1.632495881441788619e-04
9.916444688294190693e-03 1.694792987297524638e-04
1.013381023309302409e-02 1.759228941150781328e-04
1.035594036656762272e-02 1.825861273268101364e-04
1.058293952709744856e-02 1.894748097202984837e-04
1.081491444232045122e-02 1.965948063442462786e-04
1.105197417931295945e-02 2.039520149740536013e-04
1.129423019586945839e-02 2.115523095342855965e-04
1.154179639290644349e-02 2.194015700239043622e-04
1.179478916801492659e-02 2.275056882124771576e-04
1.205332747018680872e-02 2.358705568147301235e-04
1.231753285574083145e-02 2.445020009362467513e-04
1.258752954547441745e-02 2.534057432248641977e-04
1.286344448306825893e-02 2.625874526926169519e-04
1.314540739477110948e-02 2.720527357976819556e-04
1.343355085039285926e-02 2.818071072286356055e-04
1.372801032563456328e-02 2.918558886128323955e-04
1.402892426578470839e-02 3.022042393122919158e-04
1.433643415081170200e-02 3.128571737091845589e-04
1.465068456188315694e-02 3.238195425493203415e-04
1.497182324934326868e-02 3.350959532693396480e-04
1.530000120218022973e-02 3.466906903445056030e-04
1.563537271901635148e-02 3.586077800014990358e-04
1.597809548065426757e-02 3.708509780906235100e-04
1.632833062421332887e-02 3.834237375432682986e-04
1.668624281889104916e-02 3.963290977518371758e-04
1.705200034338522422e-02 4.095696858245313700e-04
1.742577516501309792e-02 4.231477383792025810e-04
1.780774302056482503e-02 4.370650750137471574e-04
1.819808349892919341e-02 4.513230596388968503e-04
1.859698012553054336e-02 4.659225517924815143e-04
1.900462044861637653e-02 4.808638994482854851e-04
1.942119612743652135e-02 4.961469144927187908e-04
1.984690302235506826e-02 5.117708509662036859e-04
2.028194128693756870e-02 5.277345002259689090e-04
2.072651546205672712e-02 5.440361598002636453e-04
2.118083457206089773e-02 5.606735094250269325e-04
2.164511222305054786e-02 5.776435804013475058e-04
2.211956670330889399e-02 5.949428678685674812e-04
2.260442108593399904e-02 6.125677605152030645e-04
2.309990333372047983e-02 6.305141539515623150e-04
2.360624640634021582e-02 6.487772958028727686e-04
2.412368836987244247e-02 6.673517907857352350e-04
2.465247250873467758e-02 6.862324420919518582e-04
2.519284744006716759e-02 7.054145504114706523e-04
2.574506723062459229e-02 7.248929866616356243e-04
2.630939151623001848e-02 7.446621222190563747e-04
2.688608562384722095e-02 7.647162145542479861e-04
2.747542069632882139e-02 7.850515624914459339e-04
2.807767381989885458e-02 8.056652414782569920e-04
2.869312815442972425e-02 8.265542217400838288e-04
2.932207306657477058e-02 8.477153996110821507e-04
2.996480426581909010e-02 8.691479022716428349e-04
3.062162394351252911e-02 8.908552250753773568e-04
3.129284091495025677e-02 9.128418900948297209e-04
3.197877076456771134e-02 9.351130746684971915e-04
3.267973599431811538e-02 9.576751411871964369e-04
3.339606617530245514e-02 9.805402780833584377e-04
3.412809810272313810e-02 1.003724909300625573e-03
3.487617595423410377e-02 1.027247098391622553e-03
3.564065145176205374e-02 1.051126586379476325e-03
3.642188402687464299e-02 1.075388572055270379e-03
3.722024098977351481e-02 1.100070451433556636e-03
3.803609770199178203e-02 1.125214456450637302e-03
3.886983775287663340e-02 1.150866274417777519e-03
3.972185313994068545e-02 1.177074813370960170e-03
4.059254445316655413e-02 1.203885793939246402e-03
4.148232106335114633e-02 1.231342341884466120e-03
4.239160131457862107e-02 1.259490385465024745e-03
4.332081272091212881e-02 1.288378996083436616e-03
4.427039216739710875e-02 1.318067929422403646e-03
4.524078611547041606e-02 1.348651424807424887e-03
4.623245081287199326e-02 1.380238831045405229e-03
4.724585250815779847e-02 1.412948098005613416e-03
4.828146766991469468e-02 1.446901570972378972e-03
4.933978321078053009e-02 1.482156940800887163e-03
5.042129671637470001e-02 1.518716798640675760e-03
5.152651667924666723e-02 1.556579677821009165e-03
5.265596273795274812e-02 1.595742455030116705e-03
5.381016592137322085e-02 1.636220798914704870e-03
5.498966889838492744e-02 1.678046901781498094e-03
5.619502623300653976e-02 1.721253739323334170e-03
5.742680464513656713e-02 1.765859398879793610e-03
5.868558327700665322e-02 1.811795950856886009e-03
5.997195396547546492e-02 1.858955680233729179e-03
6.128652152029117478e-02 1.907215948890625011e-03
6.262990400845339090e-02 1.956422039049872472e-03
6.400273304480814940e-02 2.006383246303972048e-03
6.540565408901276301e-02 2.056887427730910451e-03
6.683932674901001125e-02 2.107691935546007495e-03
6.830442509115434990e-02 2.158515382953705812e-03
6.980163795713605068e-02 2.209051040804808821e-03
7.133166928785220073e-02 2.258994652889888266e-03
7.289523845437681504e-02 2.308064182072084702e-03
7.449308059618603428e-02 2.355968630301765593e-03
7.612594696679640671e-02 2.402471979977036359e-03
7.779460528698023403e-02 2.447396579797610650e-03
7.949984010572286319e-02 2.490587474971299974e-03
8.124245316909217696e-02 2.532014451260780879e-03
8.302326379719351945e-02 2.571702012189830671e-03
8.484310926938751218e-02 2.609756196940838605e-03
8.670284521795153243e-02 2.646390896811294264e-03
8.860334603037031687e-02 2.681883382224509345e-03
9.054550526044453929e-02 2.716670633409787750e-03
9.253023604841083272e-02 2.751269307074093780e-03
9.455847155027065354e-02 2.786394089471764396e-03
9.663116537652999272e-02 2.822878213929590641e-03
9.874929204055607479e-02 2.861601183083309439e-03
1.009138474167618760e-01 2.903497115789210794e-03
1.031258492088339834e-01 2.949534058129678771e-03
1.053863374282238974e-01 3.000396084673961211e-03
1.076963748831275131e-01 3.056560182849602479e-03
1.100570476781832091e-01 3.118265724717139437e-03
1.124694657251228413e-01 3.185219177488772795e-03
1.149347632646163520e-01 3.256948396501747195e-03
1.174540993995548260e-01 3.332550287363011520e-03
1.200286586400231281e-01 3.410905421427998935e-03
1.226596514602180388e-01 3.490631160345711217e-03
1.253483148675739456e-01 3.570148087700649245e-03
1.280959129843635969e-01 3.647752608763325972e-03
1.309037376420474352e-01 3.721662407948609069e-03
1.337731089886506630e-01 3.790343827782355519e-03
1.367053761094542130e-01 3.852499158697366994e-03
1.397019176612906421e-01 3.907549875560997581e-03
1.427641425207439585e-01 3.955453563218499884e-03
1.458934904465576665e-01 3.997031534104648377e-03
1.490914327565624475e-01 4.033743855045013316e-03
1.523594730194425539e-01 4.067795096238980244e-03
1.556991477616642416e-01 4.102039284178398727e-03
1.591120271899011396e-01 4.139757282235229964e-03
1.625997159292943695e-01 4.184283509061308311e-03
1.661638537778953040e-01 4.238293333327384539e-03
1.698061164776450971e-01 4.303374233588056451e-03
1.735282165022545287e-01 4.379458288541431335e-03
1.773319038623532296e-01 4.465127360595576994e-03
1.812189669282881499e-01 4.557718679292510795e-03
1.851912332709571007e-01 4.653546063226558262e-03
1.892505705210732747e-01 4.748130802100986037e-03
1.933988872472647558e-01 4.836729433429805616e-03
1.976381338534212717e-01 4.915244830918075701e-03
2.019703034957110455e-01 4.981473265246355413e-03
2.063974330196980400e-01 5.035640003617051184e-03
2.109216039180005775e-01 5.080241519410335152e-03
2.155449433089417777e-01 5.119604535209507611e-03
2.202696249366513925e-01 5.159351852525364060e-03
2.250978701930897441e-01 5.205566132624142583e-03
2.300319491624744084e-01 5.263272563451542631e-03
2.350741816885996427e-01 5.334915395160609933e-03
2.402269384655521256e-01 5.419842273840944948e-03
2.454926421523341562e-01 5.514534669152709560e-03
2.508737685119192817e-01 5.612893554466354649e-03
2.563728475752756197e-01 5.707170201900655174e-03
2.619924648309045478e-01 5.790618357892661668e-03
2.677352624404533699e-01 5.860498797696804020e-03
2.736039404809738618e-01 5.918563402020585174e-03
2.796012582144109526e-01 5.969399738352249365e-03
2.857300353849181462e-01 6.019513506406288204e-03
2.919931535446095294e-01 6.076634026457236604e-03
2.983935574083728670e-01 6.146496929644594369e-03
3.049342562383776656e-01 6.229351151862160159e-03
3.116183252589334596e-01 6.320548303522116780e-03
3.184489071023602347e-01 6.413361404298338966e-03
3.254292132865522769e-01 6.500505601715077242e-03
3.325625257249293920e-01 6.576668977290438603e-03
3.398521982694863164e-01 6.642283399196537499e-03
3.473016582876650160e-01 6.703140549272708706e-03
3.549144082737915595e-01 6.766179237840470179e-03
3.626940274958354582e-01 6.837000713263111963e-03
3.706441736782650209e-01 6.917736544337521089e-03
3.787685847217908131e-01 7.004871846906625746e-03
3.870710804608052946e-01 7.091916535305720082e-03
3.955555644593450326e-01 7.173472301635948171e-03
4.042260258464195899e-01 7.247332372319038873e-03
4.130865411915708996e-01 7.316880516604904253e-03
4.221412764215434765e-01 7.387849644431669638e-03
4.313944887789682991e-01 7.463960091056968775e-03
4.408505288239802367e-01 7.546208498737795416e-03
4.505138424797095476e-01 7.630597575729191999e-03
4.603889731226117332e-01 7.712760112652902560e-03
4.704805637186145750e-01 7.790755022967431678e-03
4.807933590060908813e-01 7.865847334949077618e-03
4.913322077266798482e-01 7.942385412005094694e-03
5.021020649050084161e-01 8.022062894062412589e-03
5.131079941783830423e-01 8.104615554273697162e-03
5.243551701775470697e-01 8.186997283353765475e-03
5.358488809596252400e-01 8.267358543091730266e-03
5.475945304943952152e-01 8.346167952667108217e-03
5.595976412050597260e-01 8.425578119985311157e-03
5.718638565647102823e-01 8.506801138394616546e-03
5.843989437497055794e-01 8.589194068741172125e-03
5.972087963512097142e-01 8.671136242662989824e-03
6.102994371461686329e-01 8.752270841251554023e-03
6.236770209290232181e-01 8.833178849995335091e-03
6.373478374054947215e-01 8.915106255544296560e-03
6.513183141498001261e-01 8.997655935812294212e-03
6.655950196266883223e-01 9.080390271500047086e-03
6.801846662797201848e-01 9.163161181057354401e-03
6.950941136872402781e-01 9.245982397875846664e-03
7.103303717875291134e-01 9.328870768362133858e-03
7.259006041746484117e-01 9.411844053663511941e-03
7.418121314665298005e-01 9.494920934199412715e-03
7.580724347468925650e-01 9.578121014480942691e-03
7.746891590826063823e-01 9.661464828261918936e-03
7.916701171181528274e-01 9.744973844065878479e-03
8.090232927488782977e-01 9.828670340099276287e-03
8.267568448747619758e-01 9.912566689629451894e-03
8.448791112364639755e-01 9.996656939087581600e-03
8.633986123354671083e-01 1.008093318917221114e-02
8.823240554401309277e-01 1.016538742631593363e-02
9.016643386795720749e-01 1.025001152332841343e-02
9.214285552272749591e-01 1.033479724008074842e-02
9.416259975764071921e-01 1.041973622423091397e-02
9.622661619088469509e-01 1.050482001199112836e-02
9.833587525599807311e-01 1.059004002893642986e-02
1.004913686581366372e+00 1.067538780115948743e-02
1.026941098403409081e+00 1.076085885962085875e-02
1.049451344600241143e+00 1.084645251489526827e-02
1.072455008759047645e+00 1.093216836355753556e-02
1.095962906456125374e+00 1.101800615767190537e-02
1.119986090342015350e+00 1.110396580657743541e-02
1.144535855338101538e+00 1.119004737864659482e-02
1.169623743947114880e+00 1.127625110301758680e-02
1.195261551680044221e+00 1.136257737130192194e-02
1.221461332602003402e+00 1.144902673926762905e-02
1.248235404999659792e+00 1.153559963177477367e-02
1.275596357172894546e+00 1.162229429759967410e-02
1.303557053353411321e+00 1.170910797023760365e-02
1.332130639753081880e+00 1.179603793556516060e-02
1.361330550744866530e+00 1.188308153930707663e-02
1.391170515179222633e+00 1.197023618821271146e-02
1.421664562838961254e+00 1.205749935121859691e-02
1.452827031035599070e+00 1.214486856059563032e-02
1.484672571350295289e+00 1.223234141308197562e-02
1.517216156522548598e+00 1.231991557100335297e-02
1.550473087489895985e+00 1.240758888806726620e-02
1.584459000581914134e+00 1.249535975112975143e-02
1.619189874871916235e+00 1.258322673931961885e-02
1.654682039689792328e+00 1.267118852123427092e-02
1.690952182299531037e+00 1.275924385603315926e-02
1.728017355745029793e+00 1.284739159451481032e-02
1.765894986867880379e+00 1.293563068017740229e-02
1.804602884500907445e+00 1.302396015026310340e-02
1.844159247841301585e+00 1.311237913678680103e-02
1.884582675007292041e+00 1.320088686395691838e-02
1.925892171782377593e+00 1.328948230079043252e-02
1.968107160551230139e+00 1.337816385872407816e-02
2.011247489431468694e+00 1.346692995216987668e-02
2.055333441605600164e+00 1.355577906668500691e-02
2.100385744857514059e+00 1.364470975984388539e-02
2.146425581318014419e+00 1.373372066209783103e-02
2.193474597423967332e+00 1.382281047762186008e-02
2.241554914095755802e+00 1.391197798514920078e-02
2.290689137137819298e+00 1.400122203879303022e-02
2.340900367867165155e+00 1.409054155851771108e-02
2.392212213974861612e+00 1.417993532097372791e-02
2.444648800625607965e+00 1.426940196359379777e-02
2.498234781800601656e+00 1.435894018275773489e-02
2.552995351889042919e+00 1.444854874279073199e-02
2.608956257533716183e+00 1.453822647669176724e-02
2.666143809736228221e+00 1.462797228685065905e-02
2.724584896227584263e+00 1.471778514575500067e-02
2.784306994109931210e+00 1.480766409668585887e-02
2.845338182775394298e+00 1.489760825440325683e-02
2.907707157108097906e+00 1.498761676466970477e-02
2.971443240975570443e+00 1.507768850024923321e-02
3.036576401015872673e+00 1.516782222592942715e-02
3.103137260726938962e+00 1.525801676601656540e-02
3.171157114864753268e+00 1.534827100616897692e-02
3.240667944157126001e+00 1.543858389400028230e-02
3.311702430339990233e+00 1.552895443967379323e-02
3.384293971523316014e+00 1.561938171648771106e-02
3.458476697893780649e+00 1.570986486145182354e-02
3.534285487761701372e+00 1.580040307585500389e-02
3.611755983959676897e+00 1.589099558352686722e-02
3.690924610600692546e+00 1.598164150676111700e-02
3.771828590203553322e+00 1.607233998835303976e-02
3.854505961193703811e+00 1.616309023190280747e-02
3.938995595787667447e+00 1.625389150233379904e-02
4.025337218269491757e+00 1.634474312640244939e-02
4.113571423667826465e+00 1.643564449320045889e-02
4.203739696842381690e+00 1.652659505464938380e-02
4.295884431988764796e+00 1.661759432598792705e-02
4.390048952570857921e+00 1.670864188370342271e-02
4.486277531690101128e+00 1.679973706872414652e-02
4.584615412901269060e+00 1.689087870023083665e-02
4.685108831484521730e+00 1.698206557727243229e-02
4.787805036183732099e+00 1.707329654400233793e-02
4.892752311421315170e+00 1.716457049009822641e-02
4.999999999999992006e+00 1.725588635117576708e-02
