# Linear growth rate;  Normalised to (1+z) in matter domination.
7.000000000000000000e+00 1.250000000000000000e-01
6.950000000000000178e+00 1.257830992381557822e-01
6.900000000000000355e+00 1.265760664377516276e-01
6.850000000000000533e+00 1.273790840296496196e-01
6.800000000000000711e+00 1.281923459706803270e-01
6.750000000000000888e+00 1.290160512450405916e-01
6.700000000000001066e+00 1.298503960579813210e-01
6.650000000000001243e+00 1.306955903459106338e-01
6.600000000000001421e+00 1.315518485414274574e-01
6.550000000000001599e+00 1.324193840795246102e-01
6.500000000000001776e+00 1.332984236844163839e-01
6.450000000000001954e+00 1.341891937844487126e-01
6.400000000000002132e+00 1.350919323663248572e-01
6.350000000000002309e+00 1.360068829158133374e-01
6.300000000000002487e+00 1.369342907832721556e-01
6.250000000000002665e+00 1.378744129341132330e-01
6.200000000000002842e+00 1.388275102160297647e-01
6.150000000000003020e+00 1.397938503942178501e-01
6.100000000000003197e+00 1.407737132154195381e-01
6.050000000000003375e+00 1.417673854425798297e-01
6.000000000000003553e+00 1.427751521031442594e-01
5.950000000000003730e+00 1.437973206679648563e-01
5.900000000000003908e+00 1.448341991912251991e-01
5.850000000000004086e+00 1.458861038371479790e-01
5.800000000000004263e+00 1.469533631315745881e-01
5.750000000000004441e+00 1.480363131039742763e-01
5.700000000000004619e+00 1.491353031656731387e-01
5.650000000000004796e+00 1.502506893611991468e-01
5.600000000000004974e+00 1.513828372561932811e-01
5.550000000000005151e+00 1.525321286003385457e-01
5.500000000000005329e+00 1.536989525297695336e-01
5.450000000000005507e+00 1.548837086823275921e-01
5.400000000000005684e+00 1.560868131993738972e-01
5.350000000000005862e+00 1.573086923582310559e-01
5.300000000000006040e+00 1.585497887032627506e-01
5.250000000000006217e+00 1.598105528239847917e-01
5.200000000000006395e+00 1.610914550974555659e-01
5.150000000000006573e+00 1.623929773003220667e-01
5.100000000000006750e+00 1.637156191995332299e-01
5.050000000000006928e+00 1.650598966102491683e-01
5.000000000000007105e+00 1.664263357072157667e-01
4.950000000000007283e+00 1.678154903616063121e-01
4.900000000000007461e+00 1.692279246120935721e-01
4.850000000000007638e+00 1.706642253853673241e-01
4.800000000000007816e+00 1.721249976759796074e-01
4.750000000000007994e+00 1.736108654184868871e-01
4.700000000000008171e+00 1.751224782478210673e-01
4.650000000000008349e+00 1.766605028329276961e-01
4.600000000000008527e+00 1.782256333153377226e-01
4.550000000000008704e+00 1.798185834206600942e-01
4.500000000000008882e+00 1.814400961075831320e-01
4.450000000000009059e+00 1.830909391814692089e-01
4.400000000000009237e+00 1.847719086788567056e-01
4.350000000000009415e+00 1.864838272627378224e-01
4.300000000000009592e+00 1.882275472387659465e-01
4.250000000000009770e+00 1.900039550462205296e-01
4.200000000000009948e+00 1.918139668531028963e-01
4.150000000000010125e+00 1.936585371133005273e-01
4.100000000000010303e+00 1.955386501280163836e-01
4.050000000000010481e+00 1.974553326070490333e-01
4.000000000000010658e+00 1.994096465674571050e-01
3.950000000000010836e+00 2.014027009421646697e-01
3.900000000000011013e+00 2.034356387530494026e-01
3.850000000000011191e+00 2.055096536114661421e-01
3.800000000000011369e+00 2.076259880837138805e-01
3.750000000000011546e+00 2.097859307898904679e-01
3.700000000000011724e+00 2.119908211477294080e-01
3.650000000000011902e+00 2.142420576448055280e-01
3.600000000000012079e+00 2.165410896933582241e-01
3.550000000000012257e+00 2.188894334207186487e-01
3.500000000000012434e+00 2.212886617546272472e-01
3.450000000000012612e+00 2.237404213919675922e-01
3.400000000000012790e+00 2.262464211792355462e-01
3.350000000000012967e+00 2.288084506236235938e-01
3.300000000000013145e+00 2.314283669928695331e-01
3.250000000000013323e+00 2.341081159822421265e-01
3.200000000000013500e+00 2.368497282254527214e-01
3.150000000000013678e+00 2.396553253601470534e-01
3.100000000000013856e+00 2.425271157865454552e-01
3.050000000000014033e+00 2.454674177545054792e-01
3.000000000000014211e+00 2.484786543007485027e-01
2.950000000000014388e+00 2.515633542322832650e-01
2.900000000000014566e+00 2.547241703261745593e-01
2.850000000000014744e+00 2.579638719268171898e-01
2.800000000000014921e+00 2.612853669555988412e-01
2.750000000000015099e+00 2.646916970934010127e-01
2.700000000000015277e+00 2.681860572039659885e-01
2.650000000000015454e+00 2.717717855296156726e-01
2.600000000000015632e+00 2.754523989948252649e-01
2.550000000000015810e+00 2.792315719482841851e-01
2.500000000000015987e+00 2.831131730908486022e-01
2.450000000000016165e+00 2.871012641044086711e-01
2.400000000000016342e+00 2.912001084490542513e-01
2.350000000000016520e+00 2.954141881274683912e-01
2.300000000000016698e+00 2.997482132023865375e-01
2.250000000000016875e+00 3.042071452392098307e-01
2.200000000000017053e+00 3.087961981519443122e-01
2.150000000000017231e+00 3.135208533346717785e-01
2.100000000000017408e+00 3.183868947995208143e-01
2.050000000000017586e+00 3.234004074076111124e-01
2.000000000000017764e+00 3.285677913796044569e-01
1.950000000000017941e+00 3.338958015538834312e-01
1.900000000000018119e+00 3.393915527187645886e-01
1.850000000000018296e+00 3.450625377403456207e-01
1.800000000000018474e+00 3.509166575639423025e-01
1.750000000000018652e+00 3.569622371771963287e-01
1.700000000000018829e+00 3.632080577509869679e-01
1.650000000000019007e+00 3.696633575439760566e-01
1.600000000000019185e+00 3.763378914275941067e-01
1.550000000000019362e+00 3.832419160592748786e-01
1.500000000000019540e+00 3.903862403658905356e-01
1.450000000000019718e+00 3.977822362319982652e-01
1.400000000000019895e+00 4.054418578907814652e-01
1.350000000000020073e+00 4.133776766488208576e-01
1.300000000000020250e+00 4.216028773213206238e-01
1.250000000000020428e+00 4.301312772318529598e-01
1.200000000000020606e+00 4.389773507844471068e-01
1.150000000000020783e+00 4.481561940506073038e-01
1.100000000000020961e+00 4.576835580150118155e-01
1.050000000000021139e+00 4.675757903246793856e-01
1.000000000000021316e+00 4.778498284033397825e-01
9.500000000000214939e-01 4.885231324314904255e-01
9.000000000000216716e-01 4.996136237583018169e-01
8.500000000000218492e-01 5.111395811023586866e-01
8.000000000000220268e-01 5.231194963672017861e-01
7.500000000000222045e-01 5.355719196789222591e-01
7.000000000000223821e-01 5.485152603678623562e-01
6.500000000000225597e-01 5.619674861343656458e-01
6.000000000000227374e-01 5.759458136233934766e-01
5.500000000000229150e-01 5.904662923588968049e-01
5.000000000000230926e-01 6.055433863729776656e-01
4.500000000000232703e-01 6.211893409653578280e-01
4.000000000000234479e-01 6.374135658589646924e-01
3.500000000000236255e-01 6.542218843865634792e-01
3.000000000000238032e-01 6.716156537717107300e-01
2.500000000000239808e-01 6.895908383090593174e-01
2.000000000000241585e-01 7.081369446898850839e-01
1.500000000000243361e-01 7.272359774641380392e-01
1.000000000000245137e-01 7.468611788457127920e-01
5.000000000002469136e-02 7.669759842898272728e-01
