# M [Msun]               n(1.0) [(Mpc/h)^-3]      n(2.0) [(Mpc/h)^-3]      n(3.0) [(Mpc/h)^-3]      n(4.0) [(Mpc/h)^-3]      
1.000000000000000000e+09 3.340179529628278576e+00 3.394763240172172569e+00 3.073454270566909230e+00 2.486689286433822144e+00
1.122018454301965237e+09 3.007532070526906853e+00 3.047548694462216101e+00 2.744363882122019316e+00 2.204302835267718752e+00
1.258925411794171095e+09 2.708003514290044489e+00 2.735514385439762108e+00 2.449803362074125523e+00 1.953018421399520976e+00
1.412537544622761250e+09 2.438289764194397247e+00 2.455112573632785011e+00 2.186202866564226355e+00 1.729492991300865645e+00
1.584893192461123943e+09 2.195414318191764025e+00 2.203155064960538034e+00 1.950358550188634688e+00 1.530739222691517964e+00
1.778279410038937330e+09 1.976702497232259992e+00 1.976769946614390649e+00 1.739389142338634731e+00 1.354081069527283132e+00
1.995262314968899250e+09 1.779730078438395591e+00 1.773362414308756296e+00 1.550704574561043492e+00 1.197116589921225271e+00
2.238721138568364620e+09 1.602359594213098370e+00 1.590643241418199683e+00 1.382012622696271675e+00 1.057733106548197410e+00
2.511886431509612560e+09 1.442616312701377579e+00 1.426501175189895276e+00 1.231213638430090684e+00 9.340017657893012748e-01
2.818382931264495850e+09 1.298738807429773656e+00 1.279054185415543055e+00 1.096438370839210252e+00 8.242113915012683201e-01
3.162277660168431282e+09 1.169154738546783756e+00 1.146622926227736983e+00 9.760215392590959604e-01 7.268440851549837767e-01
3.548133892335818291e+09 1.052431883733850437e+00 1.027680022116596703e+00 8.684547313711314942e-01 6.405304981610835391e-01
3.981071705535050392e+09 9.473046224367965840e-01 9.208760028612401616e-01 7.724060942260154716e-01 5.640681315711801869e-01
4.466835921509727478e+09 8.526077036945642895e-01 8.249713845946448076e-01 6.866581306545361807e-01 4.963551678520244370e-01
5.011872336272837639e+09 7.673097499646475139e-01 7.388674737057435715e-01 6.101332653883315693e-01 4.364331617231524407e-01
5.623413251903628349e+09 6.904751305211166423e-01 6.615727697517026495e-01 5.418625336229483391e-01 3.834359720525715720e-01
6.309573444802096367e+09 6.212573821093206883e-01 5.921883407313502934e-01 4.809705808873726007e-01 3.365877985415063334e-01
7.079457843841575623e+09 5.589107270234257019e-01 5.299229511553739114e-01 4.266877643543391940e-01 2.952081063728572152e-01
7.943282347243047714e+09 5.027480264714189184e-01 4.740505781892165871e-01 3.783117665631673399e-01 2.586807320495879692e-01
8.912509381337730408e+09 4.521494588432782291e-01 4.239159688075753163e-01 3.352109801427315960e-01 2.264552424733331515e-01
1.000000000000032806e+10 4.065711123346483769e-01 3.789452938904104840e-01 2.968329668866324655e-01 1.980502330781954146e-01
1.122018454302001953e+10 3.655109152057116062e-01 3.386098345306418067e-01 2.626710922310866447e-01 1.730300703057621181e-01
1.258925411794212341e+10 3.285209594089548157e-01 3.024380520287440755e-01 2.322760716177385554e-01 1.510082999673530157e-01
1.412537544622807503e+10 2.951973995647477200e-01 2.700060859767836607e-01 2.052446925992668370e-01 1.316412428688222280e-01
1.584893192461175728e+10 2.651791795082018011e-01 2.409353227114447160e-01 1.812183056944939863e-01 1.146248826450711883e-01
1.778279410038995361e+10 2.381389322128898978e-01 2.148832304128072967e-01 1.598739592300515433e-01 9.968739463691238256e-02
1.995262314968964767e+10 2.137837584485562659e-01 1.915438038620253802e-01 1.409241159311132308e-01 8.658821091512799994e-02
2.238721138568438339e+10 1.918420581843977568e-01 1.706344296863607779e-01 1.241055585767933400e-01 7.510952664990511174e-02
2.511886431509695435e+10 1.720756087086136310e-01 1.519073352591500947e-01 1.091875602181798938e-01 6.506132605801727420e-02
2.818382931264587784e+10 1.542733135886453222e-01 1.351431434892980954e-01 9.596665419632556537e-02 5.627671695088820591e-02
3.162277660168534470e+10 1.382381985389140033e-01 1.201381662457824129e-01 8.425556272167519789e-02 4.860413390370136449e-02
3.548133892335934448e+10 1.237962990606301383e-01 1.067126324869587251e-01 7.388952198933063098e-02 4.191102790902885566e-02
3.981071705535180664e+10 1.107900188186567020e-01 9.470422768128659852e-02 6.472060600407555930e-02 3.607944574432404850e-02
4.466835921509872437e+10 9.907667830334587755e-02 8.396643958227645310e-02 5.661619211669465662e-02 3.100468357521251120e-02
5.011872336273001099e+10 8.852888444127060552e-02 7.436867090871240871e-02 4.945857877995627622e-02 2.659454103694747218e-02
5.623413251903813934e+10 7.903156130010563496e-02 6.579337242717461787e-02 4.314248979925047744e-02 2.276736950538704382e-02
6.309573444802304077e+10 7.048023475071835131e-02 5.813417783514195775e-02 3.757341464422630367e-02 1.945316654753847380e-02
7.079457843841807556e+10 6.278173632375236290e-02 5.129645690238024414e-02 3.266766453462414260e-02 1.658095446559867611e-02
7.943282347243309021e+10 5.585168687541552240e-02 4.519476867626795458e-02 2.835028567447278602e-02 1.410179849463943924e-02
8.912509381338021851e+10 4.961400897851527686e-02 3.975256117777083847e-02 2.455448276035382058e-02 1.196362847197464038e-02
1.000000000000065460e+11 4.400051622313984334e-02 3.490118319176131051e-02 2.122091006847606418e-02 1.012282177884591024e-02
1.122018454302038727e+11 3.894940614102832682e-02 3.057862316893514634e-02 1.829633922514930025e-02 8.540898847763907578e-03
1.258925411794253693e+11 3.440475675608964390e-02 2.672934520304138736e-02 1.573350754208886759e-02 7.183951712654757307e-03
1.412537544622853394e+11 3.031627270568096680e-02 2.330336974955348611e-02 1.349025162059272302e-02 6.022264076286690769e-03
1.584893192461227417e+11 2.663906548540389066e-02 2.025626044519571872e-02 1.152933398487298797e-02 5.029867143076642046e-03
1.778279410039053650e+11 2.333242054399968513e-02 1.754793689566203421e-02 9.817712552719947208e-03 4.183962540697746396e-03
1.995262314969029846e+11 2.035942278616207843e-02 1.514225564261435439e-02 8.325129102145596358e-03 3.464518790586864402e-03
2.238721138568511963e+11 1.768713385441515740e-02 1.300709589920205113e-02 7.026038805468664931e-03 2.854139126204851586e-03
2.511886431509777527e+11 1.528558469679692187e-02 1.111335947005095449e-02 5.896839418337390844e-03 2.337544077008290363e-03
2.818382931264680176e+11 1.312791249093406623e-02 9.435173727482256550e-03 4.916942024992871155e-03 1.901492211452483630e-03
3.162277660168638306e+11 1.118995220718191179e-02 7.949317634186103820e-03 4.068046168412340138e-03 1.534441268517015801e-03
3.548133892336050415e+11 9.449737873449224126e-03 6.634881270298074313e-03 3.333919849939964188e-03 1.226355872001222468e-03
3.981071705535311279e+11 7.887668100286904238e-03 5.473248370263036379e-03 2.700252638285270332e-03 9.685554513859070177e-04
4.466835921510017700e+11 6.486001875356638656e-03 4.447714250893792035e-03 2.154381266614391072e-03 7.535234215392559503e-04
5.011872336273165283e+11 5.228616041497266727e-03 3.543219967543610564e-03 1.685069219800441713e-03 5.747468998962129965e-04
5.623413251903996582e+11 4.101238472668351613e-03 2.746468137451396792e-03 1.282497132241842541e-03 4.266493767163730220e-04
6.309573444802510986e+11 3.090749295955735020e-03 2.045415940658990885e-03 9.379412462876692653e-04 3.044107896034517089e-04
7.079457843842039795e+11 2.185380318273798163e-03 1.429284737305631546e-03 6.437190482646911339e-04 2.038957713568857256e-04
7.943282347243570557e+11 1.374673785645845990e-03 8.885723193534455057e-04 3.931419812937562768e-04 1.215890058514471929e-04
8.912509381338315430e+11 6.490756752243987890e-04 4.146944892011616870e-04 1.802951066002037017e-04 5.447741479004949641e-05
1.000000000000098022e+12 -5.294984278967146118e-16 -3.342850313909314423e-16 -1.427553834843063907e-16 -4.211785376177764298e-17
1.122018454302075439e+12 -5.802791484523629837e-04 -3.623310996452312185e-04 -1.522697930823156286e-04 -4.401236390089879229e-05
1.258925411794294922e+12 -1.098739190569319709e-03 -6.783940669325570685e-04 -2.804748735834713610e-04 -7.939469593315685208e-05
1.412537544622899902e+12 -1.561659276767719167e-03 -9.536163834858611341e-04 -3.880657524505351399e-04 -1.076906948092712553e-04
1.584893192461279785e+12 -1.974691908813685538e-03 -1.192831740280648079e-03 -4.780459734287633442e-04 -1.301953716638669964e-04
1.778279410039111572e+12 -2.342960611349241898e-03 -1.400361536198944327e-03 -5.530319115085157453e-04 -1.479927522362962315e-04
1.995262314969094727e+12 -2.671017952591992189e-03 -1.580008744092082805e-03 -6.152717327925581042e-04 -1.619776586379112167e-04
2.238721138568584961e+12 -2.963012414077029286e-03 -1.735190010792146426e-03 -6.667299747406887911e-04 -1.728989523446811669e-04
2.511886431509859375e+12 -3.222694333682468281e-03 -1.868939981629355943e-03 -7.090960573978075240e-04 -1.813705572040953434e-04
2.818382931264771973e+12 -3.453397579628312772e-03 -1.983929230288206634e-03 -7.438167055657918898e-04 -1.878941881761531541e-04
3.162277660168742188e+12 -3.658160191282550273e-03 -2.082547067148318720e-03 -7.721393533071681638e-04 -1.928886866830550363e-04
3.548133892336166504e+12 -3.839661624680393640e-03 -2.166866199423799020e-03 -7.951255834350920556e-04 -1.966624580809360121e-04
3.981071705535441406e+12 -4.000384085566820180e-03 -2.238774896397169398e-03 -8.136823640213653851e-04 -1.995055361217661170e-04
4.466835921510165039e+12 -4.142524088179598898e-03 -2.299910745960100176e-03 -8.285833165663016335e-04 -2.016260129582947804e-04
5.011872336273330078e+12 -4.268048580134744911e-03 -2.351707040899820612e-03 -8.404696837965196709e-04 -2.031895880588001368e-04
5.623413251904179688e+12 -4.378753814020492491e-03 -2.395499473111821140e-03 -8.498998516919898175e-04 -2.043337666967002240e-04
6.309573444802715820e+12 -4.476233407679830467e-03 -2.432256585006332700e-03 -8.573285196989983287e-04 -2.051612043479760774e-04
7.079457843842271484e+12 -4.561911021803946760e-03 -2.463099746515076162e-03 -8.631400141837891051e-04 -2.057535332166375173e-04
7.943282347243829102e+12 -4.637116393170073042e-03 -2.488847507984468486e-03 -8.676528811618698222e-04 -2.061719598905904902e-04
8.912509381338605469e+12 -4.703023051422298463e-03 -2.510259020692672764e-03 -8.711336253993265735e-04 -2.064656619893155741e-04
