# M [Msun]               dn/dlnM(1.0)[(Mpc/h)^-3] dn/dlnM(2.0)[(Mpc/h)^-3] dn/dlnM(3.0)[(Mpc/h)^-3] dn/dlnM(4.0)[(Mpc/h)^-3] 
1.000000000000000000e+09 3.040635439109779625e+00 3.176672252616779435e+00 3.016518041667772376e+00 2.595438557838560811e+00
1.122018454301965237e+09 2.737991199433890799e+00 2.855013692162780004e+00 2.700356423444921550e+00 2.310079107879303262e+00
1.258925411794171333e+09 2.465347506695581892e+00 2.565571921469686600e+00 2.416676738387693035e+00 2.055178678988036189e+00
1.412537544622761250e+09 2.220087001831312357e+00 2.305507473975821231e+00 2.162533719109076547e+00 1.827854205779018582e+00
1.584893192461123943e+09 1.999060211232847717e+00 2.071437024892548884e+00 1.934496505827068891e+00 1.624849616777044758e+00
1.778279410038937330e+09 1.800356130283060185e+00 1.861278097045818258e+00 1.730389297754064692e+00 1.444018821553973098e+00
1.995262314968899250e+09 1.621406078839700227e+00 1.672273614707789680e+00 1.547425553139853749e+00 1.282732186565228361e+00
2.238721138568365097e+09 1.459835482247706429e+00 1.501884146829388422e+00 1.383058040476533579e+00 1.138609771137406135e+00
2.511886431509613037e+09 1.315206767694341972e+00 1.349571656265782238e+00 1.236603484700153688e+00 1.010836379874316515e+00
2.818382931264495373e+09 1.184184818916452331e+00 1.211829293934748586e+00 1.104671256809636626e+00 8.964041309407307923e-01
3.162277660168431282e+09 1.066918796636845634e+00 1.088735123425474960e+00 9.871770160433477326e-01 7.950375379789991204e-01
3.548133892335818291e+09 9.607749304510859734e-01 9.775253583225295140e-01 8.814604031119654959e-01 7.043917967239315958e-01
3.981071705535050869e+09 8.654599855163049860e-01 8.778371420039524642e-01 7.870632385966129796e-01 6.239285141273585023e-01
4.466835921509726524e+09 7.795939282049336727e-01 7.882036786745563184e-01 7.025383978511922090e-01 5.523301325354290636e-01
5.011872336272837639e+09 7.021921878414765228e-01 7.075703002350633986e-01 6.268297825658195599e-01 4.886167103302995751e-01
5.623413251903628349e+09 6.325538244479322891e-01 6.351742238707551724e-01 5.591527770932225305e-01 4.320375636042556589e-01
6.309573444802097321e+09 5.698846895789845268e-01 5.701638982368697484e-01 4.986552174278428007e-01 3.818046438667432319e-01
7.079457843841575623e+09 5.131857264604018365e-01 5.114908053246234321e-01 4.443280128002976559e-01 3.370293301484316717e-01
7.943282347243048668e+09 4.624646697189803701e-01 4.591169426105872198e-01 3.960532697833137883e-01 2.975160432772557817e-01
8.912509381337732315e+09 4.165219866537962501e-01 4.118053457665059591e-01 3.526803860709087912e-01 2.622977376329810317e-01
1.000000000000032806e+10 3.752598551626509793e-01 3.694199653213732226e-01 3.140214717300149894e-01 2.311466270365538644e-01
1.122018454302001953e+10 3.380201456272177718e-01 3.312738569463298255e-01 2.794232632191605004e-01 2.034976440238598916e-01
1.258925411794212532e+10 3.045604743971733197e-01 2.970936900164166672e-01 2.485922717061290754e-01 1.790610312987351294e-01
1.412537544622807503e+10 2.743285364074204979e-01 2.663067291899039457e-01 2.209903772598189597e-01 1.573787853250348534e-01
1.584893192461175728e+10 2.471405980919867407e-01 2.387034013932691767e-01 1.963900789699713212e-01 1.382252235900971737e-01
1.778279410038995361e+10 2.225976386264713336e-01 2.138688271401409102e-01 1.744001075056066108e-01 1.212662226534312326e-01
1.995262314968964386e+10 2.004946126969507914e-01 1.915787265535316419e-01 1.547918415293660088e-01 1.062894051894362341e-01
2.238721138568438339e+10 1.806762514742385750e-01 1.716582640409935745e-01 1.373804572187498074e-01 9.311773314796727152e-02
2.511886431509695053e+10 1.626970781515071074e-01 1.536595107622123202e-01 1.217673205630673411e-01 8.143521991636751278e-02
2.818382931264587402e+10 1.465609698383855131e-01 1.375648298232308164e-01 1.079037334375544666e-01 7.116958167752308884e-02
3.162277660168534470e+10 1.319970770403299520e-01 1.230980910749117502e-01 9.553840473658853361e-02 6.211634124768147108e-02
3.548133892335934448e+10 1.188845034215156582e-01 1.101272075851953691e-01 8.453824194639313061e-02 5.415486775882146636e-02
3.981071705535180664e+10 1.070576438073740089e-01 9.848008208549725861e-02 7.474211554098510180e-02 4.715008009163323965e-02
4.466835921509872437e+10 9.642388417916028520e-02 8.805435465520219940e-02 6.604592713706181062e-02 4.100753712854611488e-02
5.011872336273001862e+10 8.681162308841751385e-02 7.867720897329438801e-02 5.829557468961539535e-02 3.560518547976830595e-02
5.623413251903813171e+10 7.817221118214372211e-02 7.028972653306736484e-02 5.142507787496706367e-02 3.087887779617520811e-02
6.309573444802304077e+10 7.037950860626626670e-02 6.276408057263280216e-02 4.531965866995420894e-02 2.673739922642918640e-02
7.079457843841807556e+10 6.335725662332934716e-02 5.601942521043638823e-02 3.990204957292318999e-02 2.311541559238213320e-02
7.943282347243309021e+10 5.703043432774897864e-02 4.997714636823729489e-02 3.509848692236129664e-02 1.995191986836796633e-02
8.912509381338023376e+10 5.132878836851664794e-02 4.456428023416273559e-02 3.084142239621700393e-02 1.719192983105548647e-02
1.000000000000065460e+11 4.618736014458065670e-02 3.971381012890525669e-02 2.706946667886321253e-02 1.478614683080180930e-02
1.122018454302038727e+11 4.155973364733489550e-02 3.537592933898535408e-02 2.373485419485210982e-02 1.269477720015786161e-02
1.258925411794253693e+11 3.738859192061193271e-02 3.149256426382290863e-02 2.078583547568776599e-02 1.087764421233737566e-02
1.412537544622853699e+11 3.363564974091887844e-02 2.802272303287382804e-02 1.818349888538599995e-02 9.302981746405255409e-03
1.584893192461227722e+11 3.024397753214258869e-02 2.491098261014747933e-02 1.588113374147279849e-02 7.936662601866133898e-03
1.778279410039053650e+11 2.719835135665403525e-02 2.213743816569629583e-02 1.385624717164581597e-02 6.758230225891079766e-03
1.995262314969029846e+11 2.444789201200695677e-02 1.965350978023045272e-02 1.206911754635198869e-02 5.739767220869011234e-03
2.238721138568511658e+11 2.197433224655963996e-02 1.743813942323414398e-02 1.049854983626761530e-02 4.863662176905261640e-03
2.511886431509777527e+11 1.974503351287578909e-02 1.545930033525728421e-02 9.117489533852799963e-03 4.110460194575417218e-03
2.818382931264679565e+11 1.773767955325490642e-02 1.369387301237527492e-02 7.905220199076979856e-03 3.464612615756331501e-03
3.162277660168638306e+11 1.592838974491434662e-02 1.211818104610749673e-02 6.841592202239024645e-03 2.911703412642021108e-03
3.548133892336050415e+11 1.430187180914701747e-02 1.071572736695637802e-02 5.911359637987855832e-03 2.440224686629609892e-03
3.981071705535311279e+11 1.283405849028163188e-02 9.463901932229923722e-03 5.096566367599637652e-03 2.038226611213125438e-03
4.466835921510018311e+11 1.151537932483398183e-02 8.351455116511490376e-03 4.386189194929672637e-03 1.697262276664943505e-03
5.011872336273165894e+11 1.032764830908268483e-02 7.361215243450425563e-03 3.766597513246427997e-03 1.408404068988377980e-03
5.623413251903996582e+11 9.257118950906905244e-03 6.479783374008260370e-03 3.226797103509554225e-03 1.164314810381319185e-03
6.309573444802510986e+11 8.296663014428556568e-03 5.698738962470806246e-03 2.758750526620367457e-03 9.591855486222641402e-04
7.079457843842039795e+11 7.431207029317656379e-03 5.004556727129835791e-03 2.352413029259290550e-03 7.869393965557717899e-04
7.943282347243569336e+11 6.652207913211515347e-03 4.388579629588269630e-03 2.000555996133120216e-03 6.428753324743689997e-04
8.912509381338315430e+11 5.952722304206937119e-03 3.843521439668662939e-03 1.696972930657387893e-03 5.229724143141341276e-04
1.000000000000098145e+12 5.322877059305323837e-03 3.360459693767053457e-03 1.435073865770098009e-03 4.233972109534990254e-04
1.122018454302075439e+12 4.757604226140686385e-03 2.933876194141614002e-03 1.210123370075418241e-03 3.411758601529015270e-04
1.258925411794294922e+12 4.248969189007962936e-03 2.556699910932396305e-03 1.017026990469093546e-03 2.734782021862177596e-04
1.412537544622899902e+12 3.792775796544011271e-03 2.224400927627973642e-03 8.520176937053204527e-04 2.180733092933622135e-04
1.584893192461279541e+12 3.382336495571098590e-03 1.931195946540472004e-03 7.110991599748853111e-04 1.728733050991992514e-04
1.778279410039111816e+12 3.015017646060943503e-03 1.673858008661433840e-03 5.914745654160847568e-04 1.362718599820154062e-04
1.995262314969094971e+12 2.684050549044514605e-03 1.447041487142190341e-03 4.898067895505690958e-04 1.066973788208023757e-04
2.238721138568584961e+12 2.388411477036533111e-03 1.248732381964264915e-03 4.041142200012466722e-04 8.302640971831056296e-05
2.511886431509859375e+12 2.122726821040091510e-03 1.074743433405760899e-03 3.318607505307941000e-04 6.413942547837717090e-05
2.818382931264771973e+12 1.884998677152169332e-03 9.228240459844088122e-04 2.713087795168250024e-04 4.919287474193885572e-05
3.162277660168741699e+12 1.671889642497175225e-03 7.901773205736632982e-04 2.206946364824270506e-04 3.743243928648124484e-05
3.548133892336166504e+12 1.481320619175883905e-03 6.747623860114210443e-04 1.786148814602004384e-04 2.825367009428286956e-05
3.981071705535441406e+12 1.310710016352705301e-03 5.744195694080287068e-04 1.437528885203862288e-04 2.113902768809711405e-05
4.466835921510165039e+12 1.158396972751519214e-03 4.875225548276654721e-04 1.150440414685473917e-04 1.567390752436058590e-05
5.011872336273330078e+12 1.022299876900489455e-03 4.123641783232564139e-04 9.150245948958062676e-05 1.150920512904496827e-05
5.623413251904180664e+12 9.008267662341407772e-04 3.475452820943699924e-04 7.230650843861458337e-05 8.364799394555001469e-06
6.309573444802716797e+12 7.925921443181828960e-04 2.918375885926617836e-04 5.675247536957652865e-05 6.014597823888425987e-06
7.079457843842270508e+12 6.957465574323159260e-04 2.439306975256221727e-04 4.419554868489505780e-05 4.272956606078940855e-06
7.943282347243829102e+12 6.107419608068298620e-04 2.033894216867649068e-04 3.421357869889403409e-05 3.004209934242707343e-06
8.912509381338607422e+12 5.341182655999689773e-04 1.685209449830784071e-04 2.622495022143142798e-05 2.081654149213959594e-06
