# M [Msun]               b(z=1.0)                 b(z=2.0)                 b(z=3.0)                 b(z=4.0)                 
1.000000000000000000e+10 7.815392120936711651e-01 1.056282536607493938e+00 1.473410063223909994e+00 2.042277937104406860e+00
1.122018454301965332e+10 7.869892803599127795e-01 1.068763925014044380e+00 1.496594218252461417e+00 2.080165928971227096e+00
1.258925411794171333e+10 7.926216273629208553e-01 1.081660971822303585e+00 1.520554409061430690e+00 2.119329709123434213e+00
1.412537544622761154e+10 7.984430167406546541e-01 1.094989283338979380e+00 1.545320053778684866e+00 2.159817989215862433e+00
1.584893192461123848e+10 8.044624748607902553e-01 1.108769660876367524e+00 1.570930254987118690e+00 2.201695356699718609e+00
1.778279410038937378e+10 8.106866928414773188e-01 1.123017575160440318e+00 1.597414242590333266e+00 2.245010301872851333e+00
1.995262314968899155e+10 8.171245388281547228e-01 1.137753498118277307e+00 1.624810575537046997e+00 2.289826616060636866e+00
2.238721138568365097e+10 8.237846908517262312e-01 1.152997484992919652e+00 1.653157075857716096e+00 2.336206935997638290e+00
2.511886431509613037e+10 8.306775636943718455e-01 1.168773586291667055e+00 1.682499035370978557e+00 2.384226174838584456e+00
2.818382931264495468e+10 8.378113474206739797e-01 1.185100782585875701e+00 1.712872358634149883e+00 2.433943939402736234e+00
3.162277660168431091e+10 8.451973566020480888e-01 1.202005229399027542e+00 1.744326340143148357e+00 2.485441809665119628e+00
3.548133892335818481e+10 8.528449013217840324e-01 1.219508520126054263e+00 1.776901833344386894e+00 2.538787608370261406e+00
3.981071705535050964e+10 8.607669934462593986e-01 1.237640748267084589e+00 1.810655560454708324e+00 2.594075209054862441e+00
4.466835921509725952e+10 8.689748415136357984e-01 1.256427909979804358e+00 1.845636672844418680e+00 2.651386158942716342e+00
5.011872336272837830e+10 8.774796153235495666e-01 1.275895944604892973e+00 1.881894269040543577e+00 2.710801986333390978e+00
5.623413251903628540e+10 8.862951268945522543e-01 1.296076874049032046e+00 1.919488833552710716e+00 2.772422951836667870e+00
6.309573444802097321e+10 8.954367518837366147e-01 1.317006337961639684e+00 1.958487658390676067e+00 2.836360562820689601e+00
7.079457843841575623e+10 9.049167857427211636e-01 1.338712964453740106e+00 1.998945039104825794e+00 2.902705107093396464e+00
7.943282347243049622e+10 9.147513051828644048e-01 1.361234081986403943e+00 2.040931554379701307e+00 2.971573659176670823e+00
8.912509381337731934e+10 9.249559369538308262e-01 1.384606035601133378e+00 2.084516027389274218e+00 3.043080513418688682e+00
1.000000000000032654e+11 9.355480054803222423e-01 1.408869108582232688e+00 2.129774705995353568e+00 3.117352247336344639e+00
1.122018454302001953e+11 9.465450415794762762e-01 1.434064111125028296e+00 2.176784907812440828e+00 3.194517303648089168e+00
1.258925411794212494e+11 9.579640413207717309e-01 1.460230684808484725e+00 2.225621857452627417e+00 3.274700798660023171e+00
1.412537544622807312e+11 9.698278150351575810e-01 1.487421856769440165e+00 2.276385859515777099e+00 3.358069148434668971e+00
1.584893192461175842e+11 9.821557427959717312e-01 1.515682861420419192e+00 2.329162780180010550e+00 3.444765195590131945e+00
1.778279410038995667e+11 9.949685440266415881e-01 1.545062072536066200e+00 2.384044451077394378e+00 3.534941708702579621e+00
1.995262314968964539e+11 1.008291611347484462e+00 1.575618656297713915e+00 2.441142981351460683e+00 3.628784919234993467e+00
2.238721138568438416e+11 1.022147828727383523e+00 1.607406109504845304e+00 2.500560014334492376e+00 3.726464016527559320e+00
2.511886431509695129e+11 1.036562292336369762e+00 1.640483089460505806e+00 2.562406964347403004e+00 3.828164405899554090e+00
2.818382931264587402e+11 1.051564196401552742e+00 1.674917752785452407e+00 2.626813148848897939e+00 3.934101106093527367e+00
3.162277660168534546e+11 1.067182337509415380e+00 1.710777448244575893e+00 2.693906529803953731e+00 4.044487097343526294e+00
3.548133892335934448e+11 1.083445451862711906e+00 1.748129493327217343e+00 2.763815165385315353e+00 4.159535706372092356e+00
3.981071705535180664e+11 1.100386167899725098e+00 1.787050259259749030e+00 2.836684222060409155e+00 4.279488612818051152e+00
4.466835921509872437e+11 1.118039956179944561e+00 1.827622774599924060e+00 2.912671514129465677e+00 4.404608539700280545e+00
5.011872336273001709e+11 1.136441949873809421e+00 1.869929428541500238e+00 2.991933852238294556e+00 4.535156792042670304e+00
5.623413251903812256e+11 1.155628374676609837e+00 1.914055261851614453e+00 3.074633209962111646e+00 4.671403412914425957e+00
6.309573444802304688e+11 1.175645974099465363e+00 1.960109662868655844e+00 3.160977415292875570e+00 4.813694258892921241e+00
7.079457843841807861e+11 1.196530939908007740e+00 2.008177914045311319e+00 3.251129340641329968e+00 4.962301389346018610e+00
7.943282347243309326e+11 1.218333153082726605e+00 2.058376973294667067e+00 3.345311495372511157e+00 5.117595442925883198e+00
8.912509381338023682e+11 1.241098167418230869e+00 2.110814031882170205e+00 3.443728337022349706e+00 5.279917618827805192e+00
1.000000000000065430e+12 1.264879723663807187e+00 2.165615340382029963e+00 3.546620368595275075e+00 5.449668892807792986e+00
1.122018454302038818e+12 1.289731690206828985e+00 2.222907667746613747e+00 3.654229372143657173e+00 5.627252714566020941e+00
1.258925411794253662e+12 1.315710292814471272e+00 2.282823448742701267e+00 3.766808082325204143e+00 5.813090976275988808e+00
1.412537544622853760e+12 1.342880389757543202e+00 2.345515280839866712e+00 3.884647458287208366e+00 6.007669070554877422e+00
1.584893192461227539e+12 1.371304162510233571e+00 2.411129859281271770e+00 4.008027731771465874e+00 6.211455109724443702e+00
1.778279410039053711e+12 1.401057197821775180e+00 2.479845115931693655e+00 4.137288258022330467e+00 6.425015315028344887e+00
1.995262314969029785e+12 1.432203551507345907e+00 2.551812663054029429e+00 4.272719293569532617e+00 6.648835271130216107e+00
2.238721138568511719e+12 1.464834091369683566e+00 2.627246391716150598e+00 4.414728720424013986e+00 6.883595455829951248e+00
2.511886431509777344e+12 1.499025809293109024e+00 2.706328495828318026e+00 4.563665250473808221e+00 7.129879119943146826e+00
2.818382931264679688e+12 1.534871350191291395e+00 2.789277743295461409e+00 4.719946954571545561e+00 7.388384764278066008e+00
3.162277660168638184e+12 1.572466691513877413e+00 2.876321036735722814e+00 4.884007779602811183e+00 7.659837791021691267e+00
3.548133892336050781e+12 1.611912570204194983e+00 2.967696741139944194e+00 5.056303847907390292e+00 7.945000956936759451e+00
3.981071705535311035e+12 1.653319852229650833e+00 3.063667161697297026e+00 5.237337034750797926e+00 8.244713452861676117e+00
4.466835921510018555e+12 1.696806567655408049e+00 3.164511729341952240e+00 5.427642188498972509e+00 8.559869832722098337e+00
5.011872336273166016e+12 1.742495183965792727e+00 3.270520717377604747e+00 5.627775321553373011e+00 8.891400511898361003e+00
5.623413251903997070e+12 1.790522839414309342e+00 3.382019032333162034e+00 5.838358582714699097e+00 9.240346332211879954e+00
6.309573444802510742e+12 1.841028190637470363e+00 3.499335747828827170e+00 6.060022802996957836e+00 9.607763457352289649e+00
7.079457843842039062e+12 1.894159310837895793e+00 3.622822473684724098e+00 6.293442226149981167e+00 9.994780963824712927e+00
7.943282347243568359e+12 1.950116644045576386e+00 3.752953334892388249e+00 6.539523683059674575e+00 1.040291472080627599e+01
8.912509381338316406e+12 2.009026410190973166e+00 3.890030664039724417e+00 6.798850165259563205e+00 1.083314467539886294e+01
1.000000000000098242e+13 2.071105133517322727e+00 4.034567666627185467e+00 7.072404512603146287e+00 1.128711517287098687e+01
1.122018454302075391e+13 2.136551054474567390e+00 4.187035987361825029e+00 7.361092167480027371e+00 1.176634355996984382e+01
1.258925411794294922e+13 2.205583636337392406e+00 4.347957695708171144e+00 7.665915261397559632e+00 1.227250907214173203e+01
1.412537544622899805e+13 2.278431874166154003e+00 4.517878147192254445e+00 7.987921349323983122e+00 1.280736786684217599e+01
1.584893192461279492e+13 2.355356068668776892e+00 4.697416873440348084e+00 8.328299971822335834e+00 1.337291355467142928e+01
1.778279410039111719e+13 2.436626602357704563e+00 4.887218211541208390e+00 8.688289260742424247e+00 1.397122225687277286e+01
1.995262314969094922e+13 2.522523500652062545e+00 5.087950334085056703e+00 9.069174159442827232e+00 1.460444971164228711e+01
2.238721138568585156e+13 2.613381483587030374e+00 5.300410679547336024e+00 9.472486655944489797e+00 1.527516436990284809e+01
2.511886431509859375e+13 2.709523421390893638e+00 5.525370580307915169e+00 9.899711129926895836e+00 1.598585771166179370e+01
2.818382931264771875e+13 2.811322279011087666e+00 5.763720227858115663e+00 1.035255967414709843e+01 1.673940225900204837e+01
3.162277660168741406e+13 2.919174035743471229e+00 6.016405551523661188e+00 1.083285251707300745e+01 1.753885299402224618e+01
3.548133892336166406e+13 3.033507554868344336e+00 6.284451503086947000e+00 1.134256247113721372e+01 1.838752155490797691e+01
3.981071705535441406e+13 3.154783964495877058e+00 6.568960813547913169e+00 1.188381281676985957e+01 1.928897299066379745e+01
4.466835921510164844e+13 3.283499035902842422e+00 6.871119778693350000e+00 1.245888855247107685e+01 2.024704476985812107e+01
5.011872336273329688e+13 3.420201229789710862e+00 7.192240878316905395e+00 1.307031781234650047e+01 2.126598276112660812e+01
5.623413251904180469e+13 3.565469374267039360e+00 7.533710636938804939e+00 1.372077294287693583e+01 2.235027677300217164e+01
6.309573444802717188e+13 3.719942888475866738e+00 7.897060906410971803e+00 1.441320656515826393e+01 2.350488767503831511e+01
7.079457843842270312e+13 3.884315544673885068e+00 8.283954575163548384e+00 1.515082479459267972e+01 2.473520324905870282e+01
7.943282347243828125e+13 4.059331879230482443e+00 8.696177451472046016e+00 1.593707215406640998e+01 2.604701345570614990e+01
8.912509381338607812e+13 4.245811695549322806e+00 9.135696334975021315e+00 1.677574275549137184e+01 2.744669640026081936e+01
