# L / L*                 Phi(alpha=-2.0)/Phi*     Phi(alpha=-1.8)/Phi*     Phi(alpha=-1.6)/Phi*     Phi(alpha=-1.4)/Phi*     Phi(alpha=-1.2)/Phi*     
5.000000000000000278e-02 1.655669000150430747e+01 1.072851331371005124e+01 7.108964293977610538e+00 4.836795825789782732e+00 3.394206850577472512e+00
1.000000000000000056e-01 7.225450221940204365e+00 5.277378904974032281e+00 3.919508408381058739e+00 2.967691706203070101e+00 2.297119189846089427e+00
1.500000000000000222e-01 4.273591505646775701e+00 3.343222062948848272e+00 2.651494610407254093e+00 2.135941194171669277e+00 1.751236321641991056e+00
2.000000000000000111e-01 2.871003221206016143e+00 2.356941315592548492e+00 1.957765075356702189e+00 1.647851917435064317e+00 1.407735378689520811e+00
2.500000000000000000e-01 2.070920497841881591e+00 1.764524460730845901e+00 1.519040676991266992e+00 1.322893267779319704e+00 1.167001950317531067e+00
2.999999999999999889e-01 1.563717417263212894e+00 1.373318181483108802e+00 1.217269493751500953e+00 1.090085342893103659e+00 9.873773462116687272e-01
3.500000000000000333e-01 1.219179107432631470e+00 1.098436332659661563e+00 9.979440854969703345e-01 9.150740047801293464e-01 8.477154952725935999e-01
4.000000000000000222e-01 9.734199962234357795e-01 8.966191778890180153e-01 8.322021883917667395e-01 7.789507525377472597e-01 7.359112947097986579e-01
4.500000000000000111e-01 7.916201317251161385e-01 7.435146991464992583e-01 7.032578454775370025e-01 6.703490194386434453e-01 6.444386390272454079e-01
5.000000000000000000e-01 6.532877246491058942e-01 6.243817743083243110e-01 6.006558688976055826e-01 5.819808807818561691e-01 5.683268819915145986e-01
5.500000000000000444e-01 5.456355738448547266e-01 5.297880426545287236e-01 5.175340297936377176e-01 5.089374657798501067e-01 5.041379516098931646e-01
6.000000000000000888e-01 4.603065569673085444e-01 4.534277889140650442e-01 4.491981272896229949e-01 4.477811296671034835e-01 4.494054954575392169e-01
6.500000000000001332e-01 3.916303729136219602e-01 3.909332682292417371e-01 3.923276340821146846e-01 3.960274400391143312e-01 4.023072303669901761e-01
7.000000000000000666e-01 3.356387336113615394e-01 3.391890596088564802e-01 3.445077784835348100e-01 3.518335004773655017e-01 3.614635262439072072e-01
7.500000000000001110e-01 2.894812574101228719e-01 2.959175519709120739e-01 3.039411527290053483e-01 3.138020725864885119e-01 3.258082943734329495e-01
8.000000000000000444e-01 2.510646266009840533e-01 2.594183033016483342e-01 2.692631080848036373e-01 2.808539020777532924e-01 2.945032707644225090e-01
8.500000000000000888e-01 2.188218279078051887e-01 2.283985918320916575e-01 2.394197222703445815e-01 2.521418818566432685e-01 2.668793876650527586e-01
9.000000000000001332e-01 1.915601270524437960e-01 2.018600452592304306e-01 2.135848661220735301e-01 2.269917834616630159e-01 2.423956308523600722e-01
9.500000000000000666e-01 1.683582905088982229e-01 1.790208722627052440e-01 1.911024689897202200e-01 2.048603733580875441e-01 2.206095160815998435e-01
1.000000000000000000e+00 1.484955067759221037e-01 1.592613345026280547e-01 1.714454682290121601e-01 1.853052060800967349e-01 2.011554841818332107e-01
1.050000000000000044e+00 1.314012335523323527e-01 1.420847656678529969e-01 1.541860707076396220e-01 1.679624428978075124e-01 1.837288144349278340e-01
1.100000000000000089e+00 1.166191715531230688e-01 1.270892193992050057e-01 1.389738473189321699e-01 1.525303002477551850e-01 1.680734603091448010e-01
1.150000000000000133e+00 1.037809675691780814e-01 1.139465261635776855e-01 1.255193545488919038e-01 1.387565200693595124e-01 1.539727228940560855e-01
1.200000000000000178e+00 9.258673974203916746e-02 1.023866054989122781e-01 1.135817225540707853e-01 1.264287609182901673e-01 1.412420102149775092e-01
1.250000000000000222e+00 8.279046496224187757e-02 9.218556528111944426e-02 1.029591336959216757e-01 1.153671418849832736e-01 1.297231519820235268e-01
1.300000000000000044e+00 7.418888294626518887e-02 8.315656927822726030e-02 9.348143685876886266e-02 1.054183947878015865e-01 1.192798894600236859e-01
1.350000000000000089e+00 6.661297831199594621e-02 7.514275490889020526e-02 8.500436004249359301e-02 9.645123269677291500e-02 1.097942637692444906e-01
1.400000000000000133e+00 5.992137595836100755e-02 6.801168766289536483e-02 7.740493295654651829e-02 8.835264877250767479e-02 1.011636986079406941e-01
1.450000000000000178e+00 5.399517260950453812e-02 6.165098000916430926e-02 7.057783549064837458e-02 8.102493405856857345e-02 9.329862512081781023e-02
1.500000000000000222e+00 4.873385769232055353e-02 5.596480175026292969e-02 6.443246165820779026e-02 7.438325621113281438e-02 8.612053396097500702e-02
1.550000000000000044e+00 4.405206849820560155e-02 5.087107923499418344e-02 5.889054147706624526e-02 6.835367975861546264e-02 7.956036685798902053e-02
1.600000000000000089e+00 3.987699004911984119e-02 4.629923153312299339e-02 5.388420162763881555e-02 6.287153675880233217e-02 7.355718015306611512e-02
1.650000000000000133e+00 3.614625733923502310e-02 4.218832857164172417e-02 4.935437389790818530e-02 5.788007765591923759e-02 6.805702781137662472e-02
1.700000000000000178e+00 3.280625210035555128e-02 3.848558337347829372e-02 4.524948131911638027e-02 5.332934779907327894e-02 6.301202277467558843e-02
1.750000000000000222e+00 2.981071165275840651e-02 3.514511070540833615e-02 4.152434754565462183e-02 4.917524690804202236e-02 5.837954416178395278e-02
1.800000000000000044e+00 2.711958631479031989e-02 3.212689956495520111e-02 3.813928686109224753e-02 4.537873778107491540e-02 5.412156446400314541e-02
1.850000000000000089e+00 2.469809604385767021e-02 2.939595837653512581e-02 3.505934120899837497e-02 4.190517746011489242e-02 5.020407602372916472e-02
1.900000000000000133e+00 2.251594773211517200e-02 2.692160049281616327e-02 3.225363757573002782e-02 3.872374942726641844e-02 4.659660009603967812e-02
1.950000000000000178e+00 2.054668278405957088e-02 2.467684430378734931e-02 2.969484441647055398e-02 3.580697958571240486e-02 4.327176494564095172e-02
2.000000000000000000e+00 1.876713091024521593e-02 2.263790744811814901e-02 2.735870999825659039e-02 3.313032206069711771e-02 4.020494192599954192e-02
2.049999999999999822e+00 1.715695095408185239e-02 2.078377866859404399e-02 2.522366881671063432e-02 3.067180345104608338e-02 3.737393047380212913e-02
2.100000000000000089e+00 1.569824337385726173e-02 1.909585402865342230e-02 2.327050483647581311e-02 2.841171622572316591e-02 3.475868454317409401e-02
2.149999999999999911e+00 1.437522198616612498e-02 1.755762671347735684e-02 2.148206236611707037e-02 2.633235361134721869e-02 3.234107428621400826e-02
2.199999999999999734e+00 1.317393493094645880e-02 1.615442162908305862e-02 1.984299702516850034e-02 2.441777964523453651e-02 3.010467782504903586e-02
2.250000000000000000e+00 1.208202668582843316e-02 1.487316760157436635e-02 1.833956058428891367e-02 2.265362914313035630e-02 2.803459880636535728e-02
2.299999999999999822e+00 1.108853444698872960e-02 1.370220125368689854e-02 1.695941452818633052e-02 2.102693320427454979e-02 2.611730612141875338e-02
2.350000000000000089e+00 1.018371338776032954e-02 1.263109766409076067e-02 1.569146805827998162e-02 1.952596658984434574e-02 2.434049274346083286e-02
2.399999999999999911e+00 9.358886268126198615e-03 1.165052374824388469e-02 1.452573695921004909e-02 1.814011389611667677e-02 2.269295110430797138e-02
2.450000000000000178e+00 8.606313646664712214e-03 1.075211097796066953e-02 1.345322033241304685e-02 1.685975192597699221e-02 2.116446282135260246e-02
2.500000000000000000e+00 7.919081579289775560e-03 9.928344611482160451e-03 1.246579267624681360e-02 1.567614606144788689e-02 1.974570091067754871e-02
2.549999999999999822e+00 7.291004205670629200e-03 9.172467061152928328e-03 1.155610918541697361e-02 1.458135877138857887e-02 1.842814289304079214e-02
2.600000000000000089e+00 6.716539047584673718e-03 8.478393401087754022e-03 1.071752246845031169e-02 1.356816866491045159e-02 1.720399342693565772e-02
2.649999999999999911e+00 6.190713191800254964e-03 7.840637327687794561e-03 9.944009153185474903e-03 1.262999873234959755e-02 1.606611529440585273e-02
2.700000000000000178e+00 5.709058817765373141e-03 7.254246143664292053e-03 9.230105076711583867e-03 1.176085260986625518e-02 1.500796772704239383e-02
2.750000000000000000e+00 5.267556768802883829e-03 6.714743551030441342e-03 8.570847945911393845e-03 1.095525786738521697e-02 1.402355119666807808e-02
2.799999999999999822e+00 4.862587063790359092e-03 6.218079218096589887e-03 7.961726514234703997e-03 1.020821545790591769e-02 1.310735791174973477e-02
2.850000000000000089e+00 4.490885411735487734e-03 5.760584236110521776e-03 7.398635454786081818e-03 9.515154583476121211e-03 1.225432735994586193e-02
2.899999999999999911e+00 4.149504930120611647e-03 5.338931707884132273e-03 6.877835223521465771e-03 8.871892332833600237e-03 1.145980632216858988e-02
2.950000000000000178e+00 3.835782384131592240e-03 4.950101817652081612e-03 6.395916302791887671e-03 8.274597530744673760e-03 1.071951285640234189e-02
3.000000000000000000e+00 3.547308361757603792e-03 4.591350821866658181e-03 5.949767297498870927e-03 7.719758311767386388e-03 1.002950381216827225e-02
3.049999999999999822e+00 3.281900882383778813e-03 4.260183477385978690e-03 5.536546426077165566e-03 7.204152993489474840e-03 9.386145490523233395e-03
3.100000000000000089e+00 3.037582006598137010e-03 3.954328488809294266e-03 5.153656008328840604e-03 6.724823877854130966e-03 8.786087111145103254e-03
3.149999999999999911e+00 2.812557073341066544e-03 3.671716612404602072e-03 4.798719603395796771e-03 6.279053655332175396e-03 8.226236788472901171e-03
3.200000000000000178e+00 2.605196244014509280e-03 3.410461101690166318e-03 4.469561495202292734e-03 5.864344126548540377e-03 7.703739753958955411e-03
3.250000000000000000e+00 2.414018071312468931e-03 3.168840220540424489e-03 4.164188260629535406e-03 5.478396990460991829e-03 7.215958592019791444e-03
3.299999999999999822e+00 2.237674852394293430e-03 2.945281584927995043e-03 3.880772188421956204e-03 5.119096478105225612e-03 6.760455284598941919e-03
3.350000000000000089e+00 2.074939554584051462e-03 2.738348123274877109e-03 3.617636345142388656e-03 4.784493636925127996e-03 6.334974877524714512e-03
3.399999999999999911e+00 1.924694129923893490e-03 2.546725475404560454e-03 3.373241109038121761e-03 4.472792093356534916e-03 5.937430617290267131e-03
3.450000000000000178e+00 1.785919058111551556e-03 2.369210665906725660e-03 3.146172014255009530e-03 4.182335141099958672e-03 5.565890399407919485e-03
3.500000000000000000e+00 1.657683977489090611e-03 2.204701913967082455e-03 2.935128764574600202e-03 3.911594020182228293e-03 5.218564410722400723e-03
3.549999999999999822e+00 1.539139281151274703e-03 2.052189454561098667e-03 2.738915297507665825e-03 3.659157264363364654e-03 4.893793846439526557e-03
3.600000000000000089e+00 1.429508570308444257e-03 1.910747261996984837e-03 2.556430784494208470e-03 3.423721015847008831e-03 4.590040600003049941e-03
3.649999999999999911e+00 1.328081870107803136e-03 1.779525579416123271e-03 2.386661474606762302e-03 3.204080204301615331e-03 4.305877833969233570e-03
3.700000000000000178e+00 1.234209524474052296e-03 1.657744169047112954e-03 2.228673294374441949e-03 2.999120511223877551e-03 4.039981349553367802e-03
3.750000000000000000e+00 1.147296696416822337e-03 1.544686207789929336e-03 2.081605127745811586e-03 2.807811041437344342e-03 3.791121680963531818e-03
3.799999999999999822e+00 1.066798408873331988e-03 1.439692761270458792e-03 1.944662708303143347e-03 2.629197634324406587e-03 3.558156848128606227e-03
3.850000000000000089e+00 9.922150686846567709e-04 1.342157777016463180e-03 1.817113063209587062e-03 2.462396754077048142e-03 3.340025708087262808e-03
3.899999999999999911e+00 9.230884228913763994e-04 1.251523544003432190e-03 1.698279454870857364e-03 2.306589904532792366e-03 3.135741851232570158e-03
3.950000000000000178e+00 8.589979023062129437e-04 1.167276571622685027e-03 1.587536772035381656e-03 2.161018519735497054e-03 2.944387993891196906e-03
4.000000000000000000e+00 7.995573123861774746e-04 1.088943846237512775e-03 1.484307327136998944e-03 2.024979286312583119e-03 2.765110823433098060e-03
4.049999999999999822e+00 7.444118358777184396e-04 1.016089428004520248e-03 1.388057021184696625e-03 1.897819858166007248e-03 2.597116256323299399e-03
4.099999999999999645e+00 6.932353156255358518e-04 9.483113546232206214e-04 1.298291841496349410e-03 1.778934927899455867e-03 2.439665073300319089e-03
4.150000000000000355e+00 6.457277893877539678e-04 8.852388222031670924e-04 1.214554661119640654e-03 1.667762622905424440e-03 2.292068899246268998e-03
4.200000000000000178e+00 6.016132515464663565e-04 8.265296165616671737e-04 1.136422311937470425e-03 1.563781197162980151e-03 2.153686498346417226e-03
4.250000000000000000e+00 5.606376192944011400e-04 7.718677710358118858e-04 1.063502906263777588e-03 1.466505992593166840e-03 2.023920357859766359e-03
4.299999999999999822e+00 5.225668832599937065e-04 7.209614293532003431e-04 9.954333842399120183e-04 1.375486646322407903e-03 1.902213536271435282e-03
4.349999999999999645e+00 4.871854246427642079e-04 6.735408942935758574e-04 9.318772665768749498e-04 1.290304522447822131e-03 1.788046753802170589e-03
4.400000000000000355e+00 4.542944828019707636e-04 6.293568448212499269e-04 8.725225941862684714e-04 1.210570348911514270e-03 1.680935705236984851e-03
4.450000000000000178e+00 4.237107589029197210e-04 5.881787061039402565e-04 8.170800380297813404e-04 1.135922041899114967e-03 1.580428576826933265e-03
4.500000000000000000e+00 3.952651427022529050e-04 5.497931583823194388e-04 7.652811641174571801e-04 1.066022701803682245e-03 1.486103750636169878e-03
4.549999999999999822e+00 3.688015508679807694e-04 5.140027720378094987e-04 7.168768400198526937e-04 1.000558766259543146e-03 1.397567681169033238e-03
4.599999999999999645e+00 3.441758664010761580e-04 4.806247574429132661e-04 6.716357705468589201e-04 9.392383070690670140e-04 1.314452930435051079e-03
4.650000000000000355e+00 3.212549697699068315e-04 4.494898192853497053e-04 6.293431514027739799e-04 8.817894590344623612e-04 1.236416348808045546e-03
4.700000000000000178e+00 2.999158533012610209e-04 4.204411060490266245e-04 5.897994306674390029e-04 8.279589697800036462e-04 1.163137390121557740e-03
4.750000000000000000e+00 2.800448112050756238e-04 3.933332462243085709e-04 5.528191688894946955e-04 7.775108606198581759e-04 1.094316550428032922e-03
4.799999999999999822e+00 2.615366983554920713e-04 3.680314636184734735e-04 5.182299894213426416e-04 7.302251894036929612e-04 1.029673920743825848e-03
4.850000000000000533e+00 2.442942516184034023e-04 3.444107648546147196e-04 4.858716113859513843e-04 6.858969070659486859e-04 9.689478449149217234e-04
4.900000000000000355e+00 2.282274681139792832e-04 3.223551927924169858e-04 4.555949583520997473e-04 6.443348003237422700e-04 9.118936744776057028e-04
4.950000000000000178e+00 2.132530353393830307e-04 3.017571401849390060e-04 4.272613364146803073e-04 6.053605136202067950e-04 8.582826130611657771e-04
5.000000000000000000e+00 1.992938085588477962e-04 2.825167184087110095e-04 4.007416759372361189e-04 5.688076440016019957e-04 8.079006434926694824e-04
5.049999999999999822e+00 1.862783313013692673e-04 2.645411765761619227e-04 3.759158317210504791e-04 5.345209031535939296e-04 7.605475313225271887e-04
5.100000000000000533e+00 1.741403951958341294e-04 2.477443667650629190e-04 3.526719368243362443e-04 5.023553413102111159e-04 7.160358989992478317e-04
5.150000000000000355e+00 1.628186357240737642e-04 2.320462514841130960e-04 3.309058056712227067e-04 4.721756281928642346e-04 6.741903653870679001e-04
5.200000000000000178e+00 1.522561607882534532e-04 2.173724498412508022e-04 3.105203824676192092e-04 4.438553865407793633e-04 6.348467457451472751e-04
5.250000000000000000e+00 1.424002092738669992e-04 2.036538191955691911e-04 2.914252312835511716e-04 4.172765741621271927e-04 5.978513076755968521e-04
5.299999999999999822e+00 1.332018370466281918e-04 1.908260693582056265e-04 2.735360644726114450e-04 3.923289107704160637e-04 5.630600789029915551e-04
5.350000000000000533e+00 1.246156280536559152e-04 1.788294066652895828e-04 2.567743063818839254e-04 3.689093461765207728e-04 5.303382030733573820e-04
5.400000000000000355e+00 1.165994284090989263e-04 1.676082054796568612e-04 2.410666895628073118e-04 3.469215666857796625e-04 4.995593400585967387e-04
5.450000000000000178e+00 1.091141015340253272e-04 1.571107048899622822e-04 2.263448809274357478e-04 3.262755368044207411e-04 4.706051075253763773e-04
5.500000000000000000e+00 1.021233025920659850e-04 1.472887285682104310e-04 2.125451355076541076e-04 3.068870735924455508e-04 4.433645607779567507e-04
5.549999999999999822e+00 9.559327061775424353e-05 1.380974259214737114e-04 1.996079756690826909e-04 2.886774512129862327e-04 4.177337081141894570e-04
5.600000000000000533e+00 8.949263687538351554e-05 1.294950328324146090e-04 1.874778938084728942e-04 2.715730334229398682e-04 3.936150591448856493e-04
5.650000000000000355e+00 8.379224811395676183e-05 1.214426504277088244e-04 1.761030767249521746e-04 2.555049319279800290e-04 3.709172037205406671e-04
5.700000000000000178e+00 7.846500349972218807e-05 1.139040404449536597e-04 1.654351500029587483e-04 2.404086886883499523e-04 3.495544192874997067e-04
5.750000000000000000e+00 7.348570411305063916e-05 1.068454358883988594e-04 1.554289408794447931e-04 2.262239804115143485e-04 3.294463046594537552e-04
5.799999999999999822e+00 6.883091399203748056e-05 1.002353657729458181e-04 1.460422581910617468e-04 2.128943436049702534e-04 3.105174383408322277e-04
5.850000000000000533e+00 6.447883179215316914e-05 9.404449285535092804e-05 1.372356881096627656e-04 2.003669186884249472e-04 2.926970596773922255e-04
5.900000000000000355e+00 6.040917221035056392e-05 8.824546334232737576e-05 1.289724044775045339e-04 1.885922117801149152e-04 2.759187712370603229e-04
5.950000000000000178e+00 5.660305639401577959e-05 8.281276764808063301e-05 1.212179926478673073e-04 1.775238728781722633e-04 2.601202609418044290e-04
6.000000000000000000e+00 5.304291062070474154e-05 7.772261134947681916e-05 1.139402858232355732e-04 1.671184892554747380e-04 2.452430425798481995e-04
6.049999999999999822e+00 4.971237259433733570e-05 7.295279555617668356e-05 1.071092129623718657e-04 1.573353929760591750e-04 2.312322134276253429e-04
6.100000000000000533e+00 4.659620475798045391e-05 6.848260597627837845e-05 1.006966574002399304e-04 1.481364815236393137e-04 2.180362278032375476e-04
6.150000000000000355e+00 4.368021407302826077e-05 6.429271001583270861e-05 9.467632539135060945e-05 1.394860506086419507e-04 2.056066854584384326e-04
6.200000000000000178e+00 4.095117775992588037e-05 6.036506130350818405e-05 8.902362384824826554e-05 1.313506382900220953e-04 1.938981337949004713e-04
6.250000000000000000e+00 3.839677453698606461e-05 5.668281108014005946e-05 8.371554660300468726e-05 1.236988796124524495e-04 1.828678829632806658e-04
6.299999999999999822e+00 3.600552093167128554e-05 5.323022593728120332e-05 7.873056857116612786e-05 1.165013710187543899e-04 1.724758329708340771e-04
6.350000000000000533e+00 3.376671227328935550e-05 4.999261142955743449e-05 7.404854724500918887e-05 1.097305438520801456e-04 1.626843119855062394e-04
6.400000000000000355e+00 3.167036800766938191e-05 4.695624112293374897e-05 6.965063098655446838e-05 1.033605463127451504e-04 1.534579250819518149e-04
6.450000000000000178e+00 2.970718100331332570e-05 4.410829067521851942e-05 6.551917363088627399e-05 9.736713328109500049e-05 1.447634127281503043e-04
6.500000000000000000e+00 2.786847054500156813e-05 4.143677657654347581e-05 6.163765494723580168e-05 9.172756346070205812e-05 1.365695183605677261e-04
6.549999999999999822e+00 2.614613873508063400e-05 3.893049920639447180e-05 5.799060653926052717e-05 8.642050333579755043e-05 1.288468644414422889e-04
6.600000000000000533e+00 2.453263004488176691e-05 3.657898989025987766e-05 5.456354279725130494e-05 8.142593747344052473e-05 1.215678364340481326e-04
6.650000000000000355e+00 2.302089377908540346e-05 3.437246166330852279e-05 5.134289654383607574e-05 7.672508473473545827e-05 1.147064741709723120e-04
6.700000000000000178e+00 2.160434923452260965e-05 3.230176347088955092e-05 4.831595904133139014e-05 7.230031999066430541e-05 1.082383701267584280e-04
6.750000000000000000e+00 2.027685335203904650e-05 3.035833755623273820e-05 4.547082405340777605e-05 6.813510096700242918e-05 1.021405741399614386e-04
6.799999999999999822e+00 1.903267067577123656e-05 2.853417980466675587e-05 4.279633567634776964e-05 6.421389986951983142e-05 9.639150416090259336e-05
6.850000000000000533e+00 1.786644544862358254e-05 2.682180283110678312e-05 4.028203967604512847e-05 6.052213946540991799e-05 9.097086263041792120e-05
6.900000000000000355e+00 1.677317568599608234e-05 2.521420161361607052e-05 3.791813808616023476e-05 5.704613331978880482e-05 8.585955812181385338e-05
6.950000000000000178e+00 1.574818908199868397e-05 2.370482149063239761e-05 3.569544684063842750e-05 5.377302990731153972e-05 8.103963190324195258e-05
7.000000000000000000e+00 1.478712061359078809e-05 2.228752835307791125e-05 3.360535623023694644e-05 5.069076033859803575e-05 7.649418910092876662e-05
7.049999999999999822e+00 1.388589171838508249e-05 2.095658087513106014e-05 3.163979398789557235e-05 4.778798945935839541e-05 7.220733416527124111e-05
7.100000000000000533e+00 1.304069093133204259e-05 1.970660463902316288e-05 2.979119082183038277e-05 4.505407009697999114e-05 6.816411036186296557e-05
7.150000000000000355e+00 1.224795587422234118e-05 1.853256801990776643e-05 2.805244822821694817e-05 4.247900024497896154e-05 6.435044302816233846e-05
7.200000000000000178e+00 1.150435649997303607e-05 1.742975970671100763e-05 2.641690842734288364e-05 4.005338299022578722e-05 6.075308635385016974e-05
7.250000000000000000e+00 1.080677950105776308e-05 1.639376774397425395e-05 2.487832627822780541e-05 3.776838900131382164e-05 5.735957345905675465e-05
7.299999999999999822e+00 1.015231379825250608e-05 1.542045998810498054e-05 2.343084303699899916e-05 3.561572140892834635e-05 5.415816955964366153e-05
7.350000000000000533e+00 9.538237032146097173e-06 1.450596587921605958e-05 2.206896183384024810e-05 3.358758292066835470e-05 5.113782802269538060e-05
7.400000000000000355e+00 8.962002985651913874e-06 1.364665943690792779e-05 2.078752475215717588e-05 3.167664502353828397e-05 4.828814912838024040e-05
7.450000000000000178e+00 8.421229871093603478e-06 1.283914339497867129e-05 1.958169140177934284e-05 2.987601913732562168e-05 4.559934136644903263e-05
7.500000000000000000e+00 7.913689420361198022e-06 1.208023439617846626e-05 1.844691888559795798e-05 2.817922959137035224e-05 4.306218510692055705e-05
7.549999999999999822e+00 7.437296721176566767e-06 1.136694917379473706e-05 1.737894306606323853e-05 2.658018830586419075e-05 4.066799849501186718e-05
7.600000000000000533e+00 6.990100746700665817e-06 1.069649165210025968e-05 1.637376104447994536e-05 2.507317106684223937e-05 3.840860543016421573e-05
7.650000000000000355e+00 6.570275529587142986e-06 1.006624090255114211e-05 1.542761477208249096e-05 2.365279529149093003e-05 3.627630549814529802e-05
7.700000000000000178e+00 6.176111935162926607e-06 9.473739897114954883e-06 1.453697571747686749e-05 2.231399918733430681e-05 3.426384573371851121e-05
7.750000000000000000e+00 5.806009991720866022e-06 8.916685004270678619e-06 1.369853052024015837e-05 2.105202221531635580e-05 3.236439409930863125e-05
7.799999999999999822e+00 5.458471738962935952e-06 8.392916177075547145e-06 1.290916756529771850e-05 1.986238677280258453e-05 3.057151457249556446e-05
7.850000000000000533e+00 5.132094558455461808e-06 7.900407786264352912e-06 1.216596441718298120e-05 1.874088101811394199e-05 2.887914374207573644e-05
7.900000000000000355e+00 4.825564952568288734e-06 7.437260054655593414e-06 1.146617605745009073e-05 1.768354276341032688e-05 2.728156881887696793e-05
7.950000000000000178e+00 4.537652515189298730e-06 7.001691052205399100e-06 1.080722387237865489e-05 1.668664436758557097e-05 2.577340697352797956e-05
8.000000000000000000e+00 4.267205430299642979e-06 6.592029213894209862e-06 1.018668534170595315e-05 1.574667856534913470e-05 2.434958591900162041e-05
8.050000000000000711e+00 4.013144030125880540e-06 6.206706345268058663e-06 9.602284382463350574e-06 1.486034517287313322e-05 2.300532566099472681e-05
8.100000000000001421e+00 3.774457016131661490e-06 5.844251082902880687e-06 9.051882305100742047e-06 1.402453861430041615e-05 2.173612134410615997e-05
8.150000000000000355e+00 3.550196818339825818e-06 5.503282779330206264e-06 8.533469341971674030e-06 1.323633621705968638e-05 2.053772712635014842e-05
8.200000000000001066e+00 3.339475484412491883e-06 5.182505784069380207e-06 8.045156710938810185e-06 1.249298722733652620e-05 1.940614101881706655e-05
8.250000000000001776e+00 3.141460840935401933e-06 4.880704094367410226e-06 7.585169179359375677e-06 1.179190250022200891e-05 1.833759063128959801e-05
8.300000000000000711e+00 2.955372908351044851e-06 4.596736351063261302e-06 7.151838096035638903e-06 1.113064482201841615e-05 1.732851976835495075e-05
8.350000000000001421e+00 2.780480552291366699e-06 4.329531156680386576e-06 6.743594860880843641e-06 1.050691982494174654e-05 1.637557582404580917e-05
8.400000000000000355e+00 2.616098355271681895e-06 4.078082694418190414e-06 6.358964804066201801e-06 9.918567457035139376e-06 1.547559792630655732e-05
8.450000000000001066e+00 2.461583693830031195e-06 3.841446369304239982e-06 5.996561448290426655e-06 9.363553972508692328e-06 1.462560578563247560e-05
8.500000000000001776e+00 2.316334007238070435e-06 3.618736019399869089e-06 5.655081129561595462e-06 8.839964409964237770e-06 1.382278920508653007e-05
8.550000000000000711e+00 2.179784244875489328e-06 3.409118730027098353e-06 5.333297953508082468e-06 8.345995528055132621e-06 1.306449821156742355e-05
8.600000000000001421e+00 2.051404480256830248e-06 3.211812547196310248e-06 5.030059065752332521e-06 7.879949170085696013e-06 1.234823377070278164e-05
8.650000000000000355e+00 1.930697680531806723e-06 3.026083055865607712e-06 4.744280216294345496e-06 7.440226030879217782e-06 1.167163905007989318e-05
8.700000000000001066e+00 1.817197621052714559e-06 2.851240431148760726e-06 4.474941599168540866e-06 7.025319800946837285e-06 1.103249119771437316e-05
8.750000000000001776e+00 1.710466935320251288e-06 2.686636676621232057e-06 4.221083949866051617e-06 6.633811664582241848e-06 1.042869360470780008e-05
8.800000000000000711e+00 1.610095291285180974e-06 2.531663037547583406e-06 3.981804884158792494e-06 6.264365129993279680e-06 9.858268622962231985e-06
8.850000000000001421e+00 1.515697685602490214e-06 2.385747577669054368e-06 3.756255463029591784e-06 5.915721170971802903e-06 9.319350710617112850e-06
8.900000000000000355e+00 1.426912848009847888e-06 2.248352908948954939e-06 3.543636664375357841e-06 5.586693660901727236e-06 8.810179979556422142e-06
8.950000000000001066e+00 1.343401748536645466e-06 2.118974064379979298e-06 3.343197593957038045e-06 5.276165081118872021e-06 8.329030455695546445e-06
9.000000000000001776e+00 1.264846200746966837e-06 1.997136504615862594e-06 3.154230768563400605e-06 4.983082486771807086e-06 7.874470430115736299e-06
9.050000000000000711e+00 1.190947554681642804e-06 1.882394249802485332e-06 2.976070720061628276e-06 4.706453714393579980e-06 7.444952677551098318e-06
9.100000000000001421e+00 1.121425473594268939e-06 1.774328128554728725e-06 2.808091172506961935e-06 4.445343816387090820e-06 7.039082638232250496e-06
9.150000000000000355e+00 1.056016788975620434e-06 1.672544136557450900e-06 2.649702693834861658e-06 4.198871708555248744e-06 6.655544381336275477e-06
9.200000000000001066e+00 9.944744287325144692e-07 1.576671897764680270e-06 2.500350491035249594e-06 3.966207017675156168e-06 6.293096107880787531e-06
9.250000000000001776e+00 9.365664137331683062e-07 1.486363221633562395e-06 2.359512339846186336e-06 3.746567116928678438e-06 5.950565915105474619e-06
9.300000000000000711e+00 8.820749182528089037e-07 1.401290750260285327e-06 2.226696640578014319e-06 3.539214337761624235e-06 5.626847806843772769e-06
9.350000000000001421e+00 8.307953901529609758e-07 1.321146689687143622e-06 2.101440592215401940e-06 3.343452994019728032e-06 5.320897935326748022e-06
9.400000000000000355e+00 7.825357269067114200e-07 1.245641620024600142e-06 1.983308477445687002e-06 3.158628347051947413e-06 5.031731060741599420e-06
9.450000000000001066e+00 7.371155038418682877e-07 1.174503379381615041e-06 1.871890051729866521e-06 2.984122109265989511e-06 4.758417215692822471e-06
9.500000000000001776e+00 6.943652512158569447e-07 1.107476016923734549e-06 1.766799029970345635e-06 2.819351731015578189e-06 4.500078562489422696e-06
9.550000000000000711e+00 6.541257769613537268e-07 1.044318810682504574e-06 1.667671664738235646e-06 2.663767974028384384e-06 4.255886431907873417e-06
9.600000000000001421e+00 6.162475321515551285e-07 9.848053460237889145e-07 1.574165410405450101e-06 2.516852978688486900e-06 4.025058532763055282e-06
9.650000000000002132e+00 5.805900164294931295e-07 9.287226509475349931e-07 1.485957667884271593e-06 2.378100932404356309e-06 3.806856322259432304e-06
9.700000000000001066e+00 5.470212208279756746e-07 8.758703846388412326e-07 1.402744605011223241e-06 2.247087324362411749e-06 3.600582527695337949e-06
9.750000000000001776e+00 5.154171055765909701e-07 8.260600759211824570e-07 1.324240047924790006e-06 2.123359465574569230e-06 3.405578810657379786e-06
9.800000000000000711e+00 4.856611106505264111e-07 7.791144084782924486e-07 1.250174439078940969e-06 2.006507866308810557e-06 3.221223565371440891e-06
9.850000000000001421e+00 4.576412230492812270e-07 7.348665499125393424e-07 1.180293857807864666e-06 1.896146331032441759e-06 3.046929843373527494e-06
9.900000000000002132e+00 4.312595730029502137e-07 6.931595218958392013e-07 1.114351534419089061e-06 1.791910614996312036e-06 2.882143397130867106e-06
9.950000000000001066e+00 4.064167883122930579e-07 6.538415999356908408e-07 1.052137642480013167e-06 1.693457159516336133e-06 2.726340835681622293e-06
