# k/h [h/Mpc]            k [1/Mpc]              Primoridal             T_cdm(k)                 T_bar(k)                 T_phot(k)                T_massless neutrions(k)  T_massive neutrinos(k)   T_total(k)               Linear Pk [(Mpc/h)^3]  
1.049045658874092624e-05 7.091548468451946974e-06 2.727206404909961128e-09 1.000000000000000000e+00 1.000000000000000000e+00 1.000000000000000000e+00 1.000000000000000000e+00 nan 1.000000000000000000e+00 3.742776875867906750e+00
1.158353370556142181e-05 7.830468348402064294e-06 2.717761705682844603e-09 1.219251394271850586e+00 1.219251275062561035e+00 1.219215393066406250e+00 1.219214439392089844e+00 nan 1.219251394271850586e+00 4.118450092312857080e+00
1.279050593439023942e-05 8.646382411825470626e-06 2.708349706436794825e-09 1.486574053764343262e+00 1.486573815345764160e+00 1.486476421356201172e+00 1.486474037170410156e+00 nan 1.486574053764343262e+00 4.531829913869464654e+00
1.412324218108551577e-05 9.547311492497101426e-06 2.698970312856197758e-09 1.812507033348083496e+00 1.812506794929504395e+00 1.812308549880981445e+00 1.812303781509399414e+00 nan 1.812507033348083496e+00 4.986701069873152647e+00
1.559484553581569344e-05 1.054211588780162856e-05 2.689623392481895528e-09 2.209901332855224609e+00 2.209901332855224609e+00 2.209540843963623047e+00 2.209532499313354492e+00 nan 2.209901332855224609e+00 5.487227920017342164e+00
1.721978514979127795e-05 1.164057448477251455e-05 2.680308856040028027e-09 2.694424152374267578e+00 2.694424152374267578e+00 2.693808794021606445e+00 2.693794250488281250e+00 nan 2.694424152374267578e+00 6.037993150887718485e+00
1.901403993542771786e-05 1.285349117097212002e-05 2.671026563908324178e-09 3.285179138183593750e+00 3.285178899765014648e+00 3.284167766571044922e+00 3.284143686294555664e+00 nan 3.285179138183593750e+00 6.644038481474413338e+00
2.099525045196060091e-05 1.419278942194068804e-05 2.661776424936157355e-09 4.005457401275634766e+00 4.005456924438476562e+00 4.003834724426269531e+00 4.003796577453613281e+00 nan 4.005456924438476562e+00 7.310913050864807694e+00
2.318289807590190321e-05 1.567163963045459241e-05 2.652558315858844083e-09 4.883655548095703125e+00 4.883655548095703125e+00 4.881100177764892578e+00 4.881040096282958984e+00 nan 4.883655548095703125e+00 8.044717366635680378e+00
2.559849235694855452e-05 1.730458097881637514e-05 2.643372135990062650e-09 5.954398632049560547e+00 5.954397678375244141e+00 5.950423717498779297e+00 5.950329780578613281e+00 nan 5.954398155212402344e+00 8.852174927731011778e+00
2.826578383974265307e-05 1.910767059598583728e-05 2.634217767634683471e-09 7.259900569915771484e+00 7.259899139404296875e+00 7.253777027130126953e+00 7.253633499145507812e+00 nan 7.259899616241455078e+00 9.740669850715951483e+00
3.121100235148333013e-05 2.109863817167934030e-05 2.625095097817206075e-09 8.851631164550781250e+00 8.851629257202148438e+00 8.842267990112304688e+00 8.842048645019531250e+00 nan 8.851630210876464844e+00 1.071833915868583453e+01
3.446310074650682509e-05 2.329705603187903762e-05 2.616004033478672110e-09 1.079234218597412109e+01 1.079233932495117188e+01 1.077810764312744141e+01 1.077777481079101562e+01 nan 1.079234218597412109e+01 1.179412708454655423e+01
3.805406231549568474e-05 2.572454650362487882e-05 2.606944439452153756e-09 1.315855026245117188e+01 1.315854835510253906e+01 1.313700389862060547e+01 1.313649940490722656e+01 nan 1.315855026245117188e+01 1.297787987247173014e+01
4.201919000479392707e-05 2.840497290890198201e-05 2.597916226597658093e-09 1.604353713989257812e+01 1.604353141784667969e+01 1.601103591918945312e+01 1.601027679443359375e+01 nan 1.604353523254394531e+01 1.428043145581834317e+01
4.639747567125596106e-05 3.136469240416772664e-05 2.588919279439887767e-09 1.956103706359863281e+01 1.956102752685546875e+01 1.951215553283691406e+01 1.951101684570312500e+01 nan 1.956103706359863281e+01 1.571369329665148840e+01
5.123196388012729585e-05 3.463280881987884641e-05 2.579953483847589841e-09 2.384972572326660156e+01 2.384971427917480469e+01 2.377637672424316406e+01 2.377466583251953125e+01 nan 2.384972381591796875e+01 1.729078014083628645e+01
5.657019573845900595e-05 3.824145096587017179e-05 2.571018745591721348e-09 2.907865905761718750e+01 2.907864570617675781e+01 2.896880340576171875e+01 2.896623802185058594e+01 nan 2.907865905761718750e+01 1.902611413970602428e+01
6.246465636650100350e-05 4.222610732540488243e-05 2.562114941593048984e-09 3.545398330688476562e+01 3.545395660400390625e+01 3.528969192504882812e+01 3.528585815429687500e+01 nan 3.545397949218750000e+01 2.093555942081243160e+01
6.897329876665025949e-05 4.662595165427774191e-05 2.553241977543412439e-09 4.322698593139648438e+01 4.322695159912109375e+01 4.298160934448242188e+01 4.297588729858398438e+01 nan 4.322698211669921875e+01 2.303657408272038865e+01
7.616012590005993843e-05 5.148424679646268487e-05 2.544399743325443185e-09 5.270407104492187500e+01 5.270401763916015625e+01 5.233796310424804688e+01 5.232943725585937500e+01 nan 5.270406723022460938e+01 2.534834737309543939e+01
8.409580186707898974e-05 5.684876305167563260e-05 2.535588130685252624e-09 6.425878143310546875e+01 6.425870513916015625e+01 6.371305465698242188e+01 6.370034027099609375e+01 nan 6.425876617431640625e+01 2.789200593566134145e+01
9.285835403716191649e-05 6.277224747464060783e-05 2.526807033334104165e-09 7.834651947021484375e+01 7.834639739990234375e+01 7.753369140625000000e+01 7.751477050781250000e+01 nan 7.834648895263671875e+01 3.069075167621428335e+01
1.025339443003758788e-04 6.931294774403795600e-05 2.518056339675267213e-09 9.552249145507812500e+01 9.552230834960937500e+01 9.431269836425781250e+01 9.428455352783203125e+01 nan 9.552245330810546875e+01 3.377013242679704774e+01
1.132176985265687108e-04 7.653516513528302312e-05 2.509335958204897443e-09 1.164635238647460938e+02 1.164632415771484375e+02 1.146640853881835938e+02 1.146222763061523438e+02 nan 1.164634780883789062e+02 3.715820074475436030e+01
1.250146742677316070e-04 8.450992027064785361e-05 2.500645773867358897e-09 1.419947204589843750e+02 1.419943237304687500e+02 1.393199920654296875e+02 1.392579040527343750e+02 nan 1.419946441650390625e+02 4.088580780089921518e+01
1.380408502882346511e-04 9.331561159342527390e-05 2.491985695624705562e-09 1.731218872070312500e+02 1.731212768554687500e+02 1.691486511230468750e+02 1.690565338134765625e+02 nan 1.731217956542968750e+02 4.498685735564227883e+01
1.524243270978331566e-04 1.030388448270969093e-04 2.483355596498544299e-09 2.110711517333984375e+02 2.110702819824218750e+02 2.051729736328125000e+02 2.050364532470703125e+02 nan 2.110710144042968750e+02 4.949859142695436276e+01
1.683065347606316209e-04 1.137752187787555158e-04 2.474755379885282393e-09 2.573370361328125000e+02 2.573357543945312500e+02 2.485876770019531250e+02 2.483855743408203125e+02 nan 2.573368530273437500e+02 5.446192164585212936e+01
1.858436153270304203e-04 1.256302784895524383e-04 2.466184957973141175e-09 3.137409667968750000e+02 3.137390441894531250e+02 3.007726135253906250e+02 3.004737854003906250e+02 nan 3.137406921386718750e+02 5.992172736064558336e+01
2.052080089924857020e-04 1.387206139042973518e-04 2.457644209414643305e-09 3.825030822753906250e+02 3.825002746582031250e+02 3.632991333007812500e+02 3.628579101562500000e+02 nan 3.825026855468750000e+02 6.592726363023302838e+01
2.265901130158454180e-04 1.531749148853123188e-04 2.449133045395065615e-09 4.663287658691406250e+02 4.663245544433593750e+02 4.379213256835937500e+02 4.372709350585937500e+02 nan 4.663281250000000000e+02 7.253255477618948532e+01
2.502001880202442408e-04 1.691353245405480266e-04 2.440651351248999153e-09 5.685145874023437500e+02 5.685084228515625000e+02 5.265462646484375000e+02 5.255894775390625000e+02 nan 5.685137329101562500e+02 7.979674357184684652e+01
2.762703516054898500e-04 1.867587561719119549e-04 2.432199034655000626e-09 6.930772094726562500e+02 6.930680541992187500e+02 6.311672973632812500e+02 6.297633056640625000e+02 nan 6.930757446289062500e+02 8.778463266083321059e+01
3.050569503102451563e-04 2.062184939859434962e-04 2.423775992290330563e-09 8.449091186523437500e+02 8.448956298828125000e+02 7.537470703125000000e+02 7.516929321289062500e+02 nan 8.449070434570312500e+02 9.656699992405759758e+01
3.368430479895323515e-04 2.277058956678956747e-04 2.415382114947829304e-09 1.029969726562500000e+03 1.029949829101562500e+03 8.960247802734375000e+02 8.930303344726562500e+02 nan 1.029966552734375000e+03 1.062211604693130056e+02
3.719411906786262989e-04 2.514322404749691486e-04 2.407017301830847028e-09 1.255515747070312500e+03 1.255486450195312500e+03 1.059223510742187500e+03 1.054877319335937500e+03 nan 1.255511108398437500e+03 1.168314346127589545e+02
4.106964333914220333e-04 2.776307810563594103e-04 2.398681465071051552e-09 1.530380004882812500e+03 1.530337280273437500e+03 1.243626953125000000e+03 1.237351928710937500e+03 nan 1.530373535156250000e+03 1.284894427550312059e+02
4.534898616839200258e-04 3.065591445192694664e-04 2.390374494355455649e-09 1.865313964843750000e+03 1.865251464843750000e+03 1.448004272460937500e+03 1.439002929687500000e+03 nan 1.865304321289062500e+03 1.412947903626822779e+02
5.007422878406941891e-04 3.385017917025834322e-04 2.382096284987275655e-09 2.273396240234375000e+03 2.273305419921875000e+03 1.668875000000000000e+03 1.656063842773437500e+03 nan 2.273382324218750000e+03 1.553551984093090539e+02
5.529182380996644497e-04 3.737727238330990076e-04 2.373846756225058361e-09 2.770529541015625000e+03 2.770397705078125000e+03 1.899649780273437500e+03 1.881588989257812500e+03 nan 2.770509277343750000e+03 1.707869113683781848e+02
6.105307838879525661e-04 4.127188003621995449e-04 2.365625794166928840e-09 3.376044189453125000e+03 3.375854492187500000e+03 2.129771972656250000e+03 2.104604003906250000e+03 nan 3.376014892578125000e+03 1.877148607162650364e+02
6.741464603692293167e-04 4.557229985948652029e-04 2.357433293568910220e-09 4.113421386718750000e+03 4.113149902343750000e+03 2.344108642578125000e+03 2.309524658203125000e+03 nan 4.113379882812500000e+03 2.062728366948014127e+02
7.443906506523489952e-04 5.032080807723104954e-04 2.349269171114912410e-09 5.011162597656250000e+03 5.010776855468750000e+03 2.523045166015625000e+03 2.476320556640625000e+03 nan 5.011104003906250000e+03 2.266032679467166417e+02
8.219541050493717194e-04 5.556409596465528011e-04 2.341133324843220307e-09 6.103846191406250000e+03 6.103301757812500000e+03 2.643985595703125000e+03 2.582131103515625000e+03 nan 6.103762695312500000e+03 2.488568969208651254e+02
9.075994603335857391e-04 6.135372095741331577e-04 2.333025652639057309e-09 7.433379882812500000e+03 7.432621582031250000e+03 2.685104492187500000e+03 2.605178955078125000e+03 nan 7.433263671875000000e+03 2.731923788741512453e+02
1.002168864943087101e-03 6.774661596864461899e-04 2.324946049885245546e-09 9.050518554687500000e+03 9.049476562500000000e+03 2.632082519531250000e+03 2.531691894531250000e+03 nan 9.050360351562500000e+03 2.997755152362069566e+02
1.106592128053307533e-03 7.480562780983746052e-04 2.316894434325377400e-09 1.101666699218750000e+04 1.101525097656250000e+04 2.487691650390625000e+03 2.365597412109375000e+03 nan 1.101645117187500000e+04 3.287781756245042857e+02
1.221895916387438774e-03 8.260016329586505890e-04 2.308870708568745277e-09 1.340604003906250000e+04 1.340414746093750000e+04 2.281952636718750000e+03 2.138549316406250000e+03 nan 1.340575195312500000e+04 3.603770042994083838e+02
1.349214115180075169e-03 9.120687609538435936e-04 2.300874762407135126e-09 1.630825488281250000e+04 1.630576367187500000e+04 2.076975341796875000e+03 1.914195678710937500e+03 nan 1.630787207031250000e+04 3.947519224644212841e+02
1.489798538386821747e-03 1.007103826850652695e-03 2.292906509188567727e-09 1.983136523437500000e+04 1.982813671875000000e+04 1.956710083007812500e+03 1.776864501953125000e+03 nan 1.983087304687500000e+04 4.320837519209419497e+02
1.645031501539051533e-03 1.112041296437382698e-03 2.284965850418265676e-09 2.410552734375000000e+04 2.410139257812500000e+04 1.992100341796875000e+03 1.795671630859375000e+03 nan 2.410489453125000000e+04 4.725517583000408877e+02
1.816439209505915642e-03 1.227912958711385727e-03 2.277052691606405739e-09 2.928724023437500000e+04 2.928196875000000000e+04 2.184605468750000000e+03 1.968430541992187500e+03 nan 2.928643945312500000e+04 5.163288631421838772e+02
2.005707239732146263e-03 1.355858054012060165e-03 2.269166941709029953e-09 3.556437890625000000e+04 3.555761328125000000e+04 2.421846923828125000e+03 2.180944580078125000e+03 nan 3.556333984375000000e+04 5.635770714818276019e+02
2.214696491137146950e-03 1.497134799137711525e-03 2.261308494449764354e-09 4.316198046875000000e+04 4.315317187500000000e+04 2.513330566406250000e+03 2.248984375000000000e+03 nan 4.316063671875000000e+04 6.144392348645523043e+02
2.445461694151163101e-03 1.653132145293056965e-03 2.253477264686429142e-09 5.234900390625000000e+04 5.233725390625000000e+04 2.352270507812500000e+03 2.081578857421875000e+03 nan 5.234721093750000000e+04 6.690313135323121969e+02
2.700272016227245331e-03 1.825383864343166351e-03 2.245673160886940457e-09 6.344608984375000000e+04 6.343008593750000000e+04 2.097260742187500000e+03 1.847934204101562500e+03 nan 6.344364453125000000e+04 7.274326669235277905e+02
2.981632947921752930e-03 2.015583915635943413e-03 2.237896076485985185e-09 7.683456250000000000e+04 7.681249218750000000e+04 2.071919189453125000e+03 1.853561035156250000e+03 nan 7.683119531250000000e+04 7.896771853931496707e+02
3.292310982942581177e-03 2.225602278485894203e-03 2.230145925871712440e-09 9.296654687500000000e+04 9.293600000000000000e+04 2.277874755859375000e+03 1.936402832031250000e+03 nan 9.296188281250000000e+04 8.557425033677893680e+02
3.635360859334468842e-03 2.457503927871584892e-03 2.222422616889744185e-09 1.123764765625000000e+05 1.123341718750000000e+05 2.242635009765625000e+03 1.919944946289062500e+03 nan 1.123700156250000000e+05 9.255374025079843250e+02
4.014155361801385880e-03 2.713568974286317825e-03 2.214726058195065524e-09 1.356936562500000000e+05 1.356347500000000000e+05 1.925534790039062500e+03 1.901573974609375000e+03 nan 1.356846562500000000e+05 9.988853432166421271e+02
4.432419314980506897e-03 2.996315481141209602e-03 2.207056148657132701e-09 1.636561562500000000e+05 1.635732656250000000e+05 1.993583496093750000e+03 1.881115234375000000e+03 nan 1.636434843750000000e+05 1.075510175737982991e+03
4.894265439361333847e-03 3.308523446321487427e-03 2.199412800139309644e-09 1.971255625000000000e+05 1.970079687500000000e+05 2.107038818359375000e+03 1.858439575195312500e+03 nan 1.971075937500000000e+05 1.155019061367629320e+03
5.404234398156404495e-03 3.653262509033083916e-03 2.191795924301313793e-09 2.371025625000000000e+05 2.369351406250000000e+05 1.872902709960937500e+03 1.833417968750000000e+03 nan 2.370769687500000000e+05 1.236884085004641292e+03
5.967340432107448578e-03 4.033922217786312103e-03 2.184205430909534259e-09 2.847422812500000000e+05 2.845033750000000000e+05 2.186756835937500000e+03 1.805879638671875000e+03 nan 2.847057812500000000e+05 1.320425768035811188e+03
6.589121185243129730e-03 4.454245790839195251e-03 2.176641221197925960e-09 3.413690000000000000e+05 3.410265000000000000e+05 1.951979736328125000e+03 1.775701782226562500e+03 nan 3.413166562500000000e+05 1.404790676618537645e+03
7.275689393281936646e-03 4.918366204947233200e-03 2.169103203027300791e-09 4.084880937500000000e+05 4.079958437500000000e+05 1.956701660156250000e+03 1.742724243164062500e+03 nan 4.084128750000000000e+05 1.488934378375668075e+03
8.033796213567256927e-03 5.430846009403467178e-03 2.161591299930936394e-09 4.877937500000000000e+05 4.870857812500000000e+05 1.747912231445312500e+03 1.706806884765625000e+03 nan 4.876855625000000000e+05 1.571602643191513835e+03
8.870895951986312866e-03 5.996725521981716156e-03 2.154105401952956366e-09 5.811695000000000000e+05 5.801500000000000000e+05 1.840166259765625000e+03 1.667797729492187500e+03 nan 5.810137500000000000e+05 1.651312188516997821e+03
9.795218706130981445e-03 6.621567998081445694e-03 2.146645430474833453e-09 6.906780625000000000e+05 6.892105000000000000e+05 1.812972045898437500e+03 1.625559570312500000e+03 nan 6.904538125000000000e+05 1.726347513778403936e+03
1.081585418432950974e-02 7.311517372727394104e-03 2.139211293795359687e-09 8.185329375000000000e+05 8.164223750000000000e+05 1.615571655273437500e+03 1.579949829101562500e+03 nan 8.182105000000000000e+05 1.794744474599342766e+03
1.194283645600080490e-02 8.073357865214347839e-03 2.131802900090153706e-09 9.670497500000000000e+05 9.640205000000000000e+05 1.612604248046875000e+03 1.530832153320312500e+03 nan 9.665870000000000000e+05 1.854305077386557969e+03
1.318724639713764191e-02 8.914578706026077271e-03 2.124420174276236449e-09 1.138566750000000000e+06 1.134231750000000000e+06 1.452189086914062500e+03 1.478086303710937500e+03 nan 1.137904500000000000e+06 1.902629116375715512e+03
1.456132158637046814e-02 9.843453764915466309e-03 2.117063005254935590e-09 1.335329500000000000e+06 1.329151000000000000e+06 1.423138183593750000e+03 1.421612670898437500e+03 nan 1.334385625000000000e+06 1.937167928264439979e+03
1.607857085764408112e-02 1.086911372840404510e-02 2.109731324472420402e-09 1.559332750000000000e+06 1.550574125000000000e+06 1.446144409179687500e+03 1.361352294921875000e+03 nan 1.557994500000000000e+06 1.955336194533217849e+03
1.775391399860382080e-02 1.200164575129747391e-02 2.102425026951150955e-09 1.812127500000000000e+06 1.799796625000000000e+06 1.508724853515625000e+03 1.297313720703125000e+03 nan 1.810243375000000000e+06 1.954675652996786312e+03
1.960382424294948578e-02 1.325218472629785538e-02 2.095144031049849183e-09 2.094602375000000000e+06 2.077393375000000000e+06 1.353122070312500000e+03 1.229607666015625000e+03 nan 2.091973125000000000e+06 1.933097570937812634e+03
2.164648845791816711e-02 1.463302597403526306e-02 2.087888252770266929e-09 2.406790750000000000e+06 2.383034000000000000e+06 1.300651855468750000e+03 1.158495727539062500e+03 nan 2.403161000000000000e+06 1.889211563406482355e+03
2.390199340879917145e-02 1.615774817764759064e-02 2.080657597354892904e-09 2.747776000000000000e+06 2.715423500000000000e+06 1.080160156250000000e+03 1.084453857421875000e+03 nan 2.742833250000000000e+06 1.822719692075044122e+03
2.639251388609409332e-02 1.784133911132812500e-02 2.073451995948668221e-09 3.115838750000000000e+06 3.072515000000000000e+06 1.070872558593750000e+03 1.008235961914062500e+03 nan 3.109220000000000000e+06 1.734845391835936198e+03
2.914254181087017059e-02 1.970035769045352936e-02 2.066271340052806293e-09 3.509039000000000000e+06 3.452221750000000000e+06 1.074668579101562500e+03 9.309403076171875000e+02 nan 3.500358750000000000e+06 1.628697925696946413e+03
3.217911347746849060e-02 2.175308018922805786e-02 2.059115554147728899e-09 3.926437500000000000e+06 3.853829000000000000e+06 1.002924377441406250e+03 8.540399169921875000e+02 nan 3.915343750000000000e+06 1.509436654813828682e+03
3.553209081292152405e-02 2.401969395577907562e-02 2.051984539888671147e-09 4.370111000000000000e+06 4.280257000000000000e+06 7.639067993164062500e+02 7.793541870117187500e+02 nan 4.356383000000000000e+06 1.384062555822950117e+03
3.923443704843521118e-02 2.652247995138168335e-02 2.044878229365854235e-09 4.847772000000000000e+06 4.740917000000000000e+06 7.171977539062500000e+02 7.089076538085937500e+02 nan 4.831446500000000000e+06 1.260690487149756564e+03
4.332255572080612183e-02 2.928604744374752045e-02 2.037796533657790378e-09 5.375142500000000000e+06 5.254172500000000000e+06 6.668895874023437500e+02 6.446369628906250000e+02 nan 5.356661000000000000e+06 1.147248932627563590e+03
4.765481501817703247e-02 3.221465647220611572e-02 2.031010053452367756e-09 5.949724500000000000e+06 5.820882500000000000e+06 6.279072875976562500e+02 5.897949829101562500e+02 nan 5.930040500000000000e+06 1.052554097998694942e+03
5.198707059025764465e-02 3.514325991272926331e-02 2.024834231214258902e-09 6.558241000000000000e+06 6.429166500000000000e+06 5.817728271484375000e+02 5.464592895507812500e+02 nan 6.538521000000000000e+06 9.820580610422738346e+02
5.631932616233825684e-02 3.807186335325241089e-02 2.019169610001785353e-09 7.195385000000000000e+06 7.072211000000000000e+06 5.441033325195312500e+02 5.110747070312500000e+02 nan 7.176566000000000000e+06 9.271875338093857408e+02
6.065158173441886902e-02 4.100047051906585693e-02 2.013939112582009273e-09 7.852731000000000000e+06 7.738488500000000000e+06 5.122280273437500000e+02 4.811329650878906250e+02 nan 7.835277000000000000e+06 8.819021120585015296e+02
6.498383730649948120e-02 4.392907395958900452e-02 2.009081821590703985e-09 8.508901000000000000e+06 8.402606000000000000e+06 4.836557312011718750e+02 4.542941589355468750e+02 nan 8.492662000000000000e+06 8.398225597397965885e+02
6.931609660387039185e-02 4.685768112540245056e-02 2.004548729015451583e-09 9.137274000000000000e+06 9.033928000000000000e+06 4.565678710937500000e+02 4.288503417968750000e+02 nan 9.121485000000000000e+06 7.961715172301334178e+02
7.364834845066070557e-02 4.978628456592559814e-02 2.000299865353250301e-09 9.712578000000000000e+06 9.604103000000000000e+06 4.299061889648437500e+02 4.038073425292968750e+02 nan 9.696005000000000000e+06 7.484006345476052502e+02
7.798060774803161621e-02 5.271489173173904419e-02 1.996302173696350216e-09 1.021898000000000000e+07 1.009592300000000000e+07 4.033993225097656250e+02 3.789101867675781250e+02 nan 1.020017900000000000e+07 6.965311425982798710e+02
8.231285959482192993e-02 5.564349144697189331e-02 1.992528044667567094e-09 1.065402900000000000e+07 1.050765700000000000e+07 3.773603515625000000e+02 3.544527587890625000e+02 nan 1.063166600000000000e+07 6.425222813202019552e+02
8.664511889219284058e-02 5.857209861278533936e-02 1.988954134422163219e-09 1.102799400000000000e+07 1.085228600000000000e+07 3.523935241699218750e+02 3.310024108886718750e+02 nan 1.100115000000000000e+07 5.891753916265906810e+02
9.097737073898315430e-02 6.150070205330848694e-02 1.985560585482697045e-09 1.135999300000000000e+07 1.115308300000000000e+07 3.291297302246093750e+02 3.091515808105468750e+02 nan 1.132838100000000000e+07 5.391357606812216545e+02
9.636187553405761719e-02 6.514062732458114624e-02 1.981568674123380254e-09 1.175409500000000000e+07 1.151290700000000000e+07 3.034380493164062500e+02 2.850200500488281250e+02 nan 1.171724700000000000e+07 4.847645796288962288e+02
1.017463728785514832e-01 6.878054887056350708e-02 1.977801256732118934e-09 1.218231400000000000e+07 1.191915700000000000e+07 2.820378112792968750e+02 2.649189758300781250e+02 nan 1.214211000000000000e+07 4.415139692959851345e+02
1.071308776736259460e-01 7.242047041654586792e-02 1.974234781265857972e-09 1.269065600000000000e+07 1.242218100000000000e+07 2.650356750488281250e+02 2.489485778808593750e+02 nan 1.264963900000000000e+07 4.097151644425231893e+02
1.125153750181198120e-01 7.606039196252822876e-02 1.970849203820953451e-09 1.328932300000000000e+07 1.303151500000000000e+07 2.516845397949218750e+02 2.364072875976562500e+02 nan 1.324993700000000000e+07 3.871530110696498355e+02
1.178998723626136780e-01 7.970031350851058960e-02 1.967627323526894450e-09 1.395110300000000000e+07 1.371443500000000000e+07 2.407327117919921875e+02 2.261195526123046875e+02 nan 1.391494500000000000e+07 3.702362776714726351e+02
1.232843771576881409e-01 8.334024250507354736e-02 1.964554264128985100e-09 1.462815100000000000e+07 1.441447700000000000e+07 2.309382476806640625e+02 2.169190673828125000e+02 nan 1.459550500000000000e+07 3.554493619259966408e+02
1.286688745021820068e-01 8.698015660047531128e-02 1.961617102724775952e-09 1.526732300000000000e+07 1.506942800000000000e+07 2.213378601074218750e+02 2.079011535644531250e+02 nan 1.523708800000000000e+07 3.400780820125138462e+02
1.340533792972564697e-01 9.062008559703826904e-02 1.958804483640675406e-09 1.582199300000000000e+07 1.562587500000000000e+07 2.113415832519531250e+02 1.985116271972656250e+02 nan 1.579202900000000000e+07 3.225070135021157967e+02
1.394378840923309326e-01 9.426000714302062988e-02 1.956106446915437174e-09 1.626634800000000000e+07 1.605549100000000000e+07 2.008009643554687500e+02 1.886110839843750000e+02 nan 1.623413300000000000e+07 3.024749160267728598e+02
1.448223739862442017e-01 9.789992123842239380e-02 1.953514161287429418e-09 1.660447000000000000e+07 1.636472400000000000e+07 1.899695434570312500e+02 1.784375305175781250e+02 nan 1.656784100000000000e+07 2.809433260088538873e+02
1.502068787813186646e-01 1.015398502349853516e-01 1.951019758654691563e-09 1.686674000000000000e+07 1.659037900000000000e+07 1.793252716064453125e+02 1.684398193359375000e+02 nan 1.682451800000000000e+07 2.594857436178435819e+02
1.555913835763931274e-01 1.051797717809677124e-01 1.948616241255242070e-09 1.710063600000000000e+07 1.678841600000000000e+07 1.693935394287109375e+02 1.591112823486328125e+02 nan 1.705293400000000000e+07 2.396918583021646896e+02
1.609758734703063965e-01 1.088196933269500732e-01 1.946297314463125787e-09 1.736034200000000000e+07 1.702105600000000000e+07 1.606203918457031250e+02 1.508708648681640625e+02 nan 1.730850600000000000e+07 2.227934356760837318e+02
1.663603782653808594e-01 1.124596148729324341e-01 1.944057316713681798e-09 1.769021800000000000e+07 1.733796800000000000e+07 1.532399291992187500e+02 1.439384155273437500e+02 nan 1.763640200000000000e+07 2.093556961093247537e+02
1.717448830604553223e-01 1.160995438694953918e-01 1.941891129256332855e-09 1.810755800000000000e+07 1.775764400000000000e+07 1.471885833740234375e+02 1.382542724609375000e+02 nan 1.805410000000000000e+07 1.991371497872780481e+02
1.771293878555297852e-01 1.197394654154777527e-01 1.939794125595426991e-09 1.859931400000000000e+07 1.826397600000000000e+07 1.421645507812500000e+02 1.335349731445312500e+02 nan 1.854808200000000000e+07 1.913095473291955102e+02
1.825138777494430542e-01 1.233793795108795166e-01 1.937762091126241291e-09 1.913241600000000000e+07 1.881769000000000000e+07 1.377740631103515625e+02 1.294107666015625000e+02 nan 1.908433200000000000e+07 1.848465959920476962e+02
1.878983825445175171e-01 1.270193010568618774e-01 1.935791175107242678e-09 1.966417800000000000e+07 1.936861000000000000e+07 1.336352233886718750e+02 1.255229492187500000e+02 nan 1.961902200000000000e+07 1.787722251795570685e+02
1.932828873395919800e-01 1.306592375040054321e-01 1.933877861004656685e-09 2.015039000000000000e+07 1.986589200000000000e+07 1.294353485107421875e+02 1.215779190063476562e+02 nan 2.010692800000000000e+07 1.722958315347925691e+02
1.986673772335052490e-01 1.342991441488265991e-01 1.932018951816384183e-09 2.055783400000000000e+07 2.027228800000000000e+07 1.249960098266601562e+02 1.174080657958984375e+02 nan 2.051421000000000000e+07 1.649854018302044381e+02
2.040518820285797119e-01 1.379390656948089600e-01 1.930211465507478933e-09 2.087652400000000000e+07 2.057732600000000000e+07 1.203140869140625000e+02 1.130104446411132812e+02 nan 2.083081200000000000e+07 1.568767287028656483e+02
2.094363868236541748e-01 1.415790021419525146e-01 1.928452677645768952e-09 2.112051400000000000e+07 2.079801400000000000e+07 1.155239181518554688e+02 1.085111694335937500e+02 nan 2.107124200000000000e+07 1.483612620641939657e+02
2.148208767175674438e-01 1.452189087867736816e-01 1.926740094380007882e-09 2.131945000000000000e+07 2.096934600000000000e+07 1.108183593750000000e+02 1.040914154052734375e+02 nan 2.126596200000000000e+07 1.399602879677856322e+02
2.202053815126419067e-01 1.488588303327560425e-01 1.925071368159055733e-09 2.151015600000000000e+07 2.113425200000000000e+07 1.063900146484375000e+02 9.993198394775390625e+01 nan 2.145272600000000000e+07 1.321628485101875867e+02
2.255898863077163696e-01 1.524987667798995972e-01 1.923444343781293656e-09 2.172859200000000000e+07 2.133392200000000000e+07 1.023897476196289062e+02 9.617461395263671875e+01 nan 2.166829400000000000e+07 1.253265044445643923e+02
2.309743911027908325e-01 1.561386883258819580e-01 1.921857033120720865e-09 2.199961400000000000e+07 2.159622200000000000e+07 9.888711547851562500e+01 9.288459777832031250e+01 nan 2.193798600000000000e+07 1.195965695004101264e+02
2.363588809967041016e-01 1.597786098718643188e-01 1.920307567935778733e-09 2.232996000000000000e+07 2.192805000000000000e+07 9.585641479492187500e+01 9.003781127929687500e+01 nan 2.226855800000000000e+07 1.148920264013695771e+02
2.417433857917785645e-01 1.634185314178466797e-01 1.918794213956308179e-09 2.270953600000000000e+07 2.231682400000000000e+07 9.320243835449218750e+01 8.754486083984375000e+01 nan 2.264953800000000000e+07 1.109788223949290540e+02
2.471278905868530273e-01 1.670584529638290405e-01 1.917315352832477265e-09 2.311631200000000000e+07 2.273625600000000000e+07 9.079554748535156250e+01 8.528398895263671875e+01 nan 2.305825000000000000e+07 1.075534852139180373e+02
2.525123953819274902e-01 1.706983745098114014e-01 1.915869472055197894e-09 2.352043400000000000e+07 2.315170200000000000e+07 8.849613189697265625e+01 8.312407684326171875e+01 nan 2.346410200000000000e+07 1.042959771089795851e+02
2.578969001770019531e-01 1.743383109569549561e-01 1.914455150219987163e-09 2.389137200000000000e+07 2.352864000000000000e+07 8.618436431884765625e+01 8.095259857177734375e+01 nan 2.383595400000000000e+07 1.009364493860994259e+02
2.632813751697540283e-01 1.779782027006149292e-01 1.913071083197014340e-09 2.420933000000000000e+07 2.384500600000000000e+07 8.379753112792968750e+01 7.871066284179687500e+01 nan 2.415366800000000000e+07 9.734089736066518128e+01
2.686658799648284912e-01 1.816181391477584839e-01 1.911715991580206360e-09 2.447194600000000000e+07 2.409835600000000000e+07 8.134227752685546875e+01 7.640447235107421875e+01 nan 2.441487000000000000e+07 9.353666412940911812e+01
2.740503847599029541e-01 1.852580606937408447e-01 1.910388727493893778e-09 2.469027000000000000e+07 2.430165200000000000e+07 7.886849212646484375e+01 7.408090972900390625e+01 nan 2.463089800000000000e+07 8.964813039274687867e+01
2.794348895549774170e-01 1.888979822397232056e-01 1.909088184011114833e-09 2.488142000000000000e+07 2.447522400000000000e+07 7.643817901611328125e+01 7.179816436767578125e+01 nan 2.481936200000000000e+07 8.582098623764406398e+01
2.848193943500518799e-01 1.925379037857055664e-01 1.907813323590368924e-09 2.506560200000000000e+07 2.464285800000000000e+07 7.411338806152343750e+01 6.961454772949218750e+01 nan 2.500101400000000000e+07 8.219445333216208383e+01
2.902038991451263428e-01 1.961778402328491211e-01 1.906563162582237113e-09 2.526431800000000000e+07 2.482904800000000000e+07 7.195034790039062500e+01 6.758282470703125000e+01 nan 2.519781800000000000e+07 7.888883655772615100e+01
2.955884039402008057e-01 1.998177617788314819e-01 1.905336787226579552e-09 2.549404800000000000e+07 2.505196200000000000e+07 6.998226928710937500e+01 6.573422241210937500e+01 nan 2.542650600000000000e+07 7.597072607092188434e+01
3.009728789329528809e-01 2.034576684236526489e-01 1.904133323856378078e-09 2.575918000000000000e+07 2.531609400000000000e+07 6.820426177978515625e+01 6.406413269042968750e+01 nan 2.569148400000000000e+07 7.342404843898128775e+01
3.063573837280273438e-01 2.070975899696350098e-01 1.902951936232507350e-09 2.605195400000000000e+07 2.561232000000000000e+07 6.657964324951171875e+01 6.253810501098632812e+01 nan 2.598478800000000000e+07 7.116761046277134994e+01
3.117418885231018066e-01 2.107375115156173706e-01 1.901791846628511990e-09 2.635854800000000000e+07 2.592447800000000000e+07 6.506065368652343750e+01 6.111128234863281250e+01 nan 2.629223200000000000e+07 6.910023673898326990e+01
3.171263933181762695e-01 2.143774479627609253e-01 1.900652308391623192e-09 2.666396800000000000e+07 2.623497400000000000e+07 6.360253906250000000e+01 5.974165344238281250e+01 nan 2.659842800000000000e+07 6.712959777338870992e+01
3.225108981132507324e-01 2.180173695087432861e-01 1.899532626729035332e-09 2.695364800000000000e+07 2.652704200000000000e+07 6.216728210449218750e+01 5.839350509643554688e+01 nan 2.688847000000000000e+07 6.517899679701132243e+01
3.278954029083251953e-01 2.216572910547256470e-01 1.898432128189829179e-09 2.721588200000000000e+07 2.678770000000000000e+07 6.072835540771484375e+01 5.704192733764648438e+01 nan 2.715046600000000000e+07 6.319648907910814017e+01
3.332799077033996582e-01 2.252972126007080078e-01 1.897350177081271127e-09 2.744621000000000000e+07 2.701233800000000000e+07 5.927864837646484375e+01 5.568022537231445312e+01 nan 2.737992200000000000e+07 6.117076450450317537e+01
3.386643826961517334e-01 2.289371192455291748e-01 1.896286172945125672e-09 2.764941600000000000e+07 2.720665400000000000e+07 5.783172225952148438e+01 5.432115554809570312e+01 nan 2.758177200000000000e+07 5.913250371979573572e+01
3.440488874912261963e-01 2.325770407915115356e-01 1.895239531240720810e-09 2.783637200000000000e+07 2.738314400000000000e+07 5.641209793090820312e+01 5.298772048950195312e+01 nan 2.776712800000000000e+07 5.713312908577148619e+01
3.494333922863006592e-01 2.362169772386550903e-01 1.894209703480833635e-09 2.801883800000000000e+07 2.755541400000000000e+07 5.504307937622070312e+01 5.170181655883789062e+01 nan 2.794803600000000000e+07 5.521970371161077651e+01
3.548178970813751221e-01 2.398568987846374512e-01 1.893196174858241155e-09 2.820666200000000000e+07 2.773489800000000000e+07 5.374139022827148438e+01 5.047915267944335938e+01 nan 2.813458600000000000e+07 5.342462496566434282e+01
3.602024018764495850e-01 2.434968203306198120e-01 1.892198441798694543e-09 2.840724200000000000e+07 2.792994600000000000e+07 5.251684570312500000e+01 4.932895660400390625e+01 nan 2.833432000000000000e+07 5.176594076574351533e+01
3.655869066715240479e-01 2.471367418766021729e-01 1.891216027459402332e-09 2.862429800000000000e+07 2.814445400000000000e+07 5.137115097045898438e+01 4.825279617309570312e+01 nan 2.855099000000000000e+07 5.024559161857470002e+01
3.709714114665985107e-01 2.507766783237457275e-01 1.890248472221847833e-09 2.885616800000000000e+07 2.837618000000000000e+07 5.029593276977539062e+01 4.724283981323242188e+01 nan 2.878283600000000000e+07 4.884654503289416994e+01
3.763558864593505859e-01 2.544165849685668945e-01 1.889295352117686434e-09 2.909622800000000000e+07 2.861742200000000000e+07 4.927506256103515625e+01 4.628392410278320312e+01 nan 2.902307800000000000e+07 4.753747603542709044e+01
3.817403912544250488e-01 2.580564916133880615e-01 1.888356242191734645e-09 2.933612600000000000e+07 2.885853800000000000e+07 4.829109573364257812e+01 4.535968399047851562e+01 nan 2.926316200000000000e+07 4.628542111725963792e+01
3.871248960494995117e-01 2.616964280605316162e-01 1.887430735669950155e-09 2.956866800000000000e+07 2.909122000000000000e+07 4.733033752441406250e+01 4.445723724365234375e+01 nan 2.949572800000000000e+07 4.506509020276582334e+01
3.925094008445739746e-01 2.653363645076751709e-01 1.886518457772270655e-09 2.978861800000000000e+07 2.930950200000000000e+07 4.638363265991210938e+01 4.356800079345703125e+01 nan 2.971541800000000000e+07 4.386019068419510347e+01
3.978939056396484375e-01 2.689762711524963379e-01 1.885619049100158659e-09 2.999299200000000000e+07 2.951021400000000000e+07 4.544632339477539062e+01 4.268758773803710938e+01 nan 2.991923400000000000e+07 4.266293671687387246e+01
4.032784104347229004e-01 2.726162075996398926e-01 1.884732143174389957e-09 3.018238200000000000e+07 2.969429200000000000e+07 4.451964187622070312e+01 4.181716156005859375e+01 nan 3.010781000000000000e+07 4.147637786811110061e+01
4.086629152297973633e-01 2.762561440467834473e-01 1.883857409814700777e-09 3.036136800000000000e+07 2.986700800000000000e+07 4.361049270629882812e+01 4.096320343017578125e+01 nan 3.028583400000000000e+07 4.031381364824600411e+01
4.140473902225494385e-01 2.798960208892822266e-01 1.882994538868699288e-09 3.053615200000000000e+07 3.003543800000000000e+07 4.272735977172851562e+01 4.013368606567382812e+01 nan 3.045965800000000000e+07 3.919103149797609831e+01
4.194318950176239014e-01 2.835359573364257812e-01 1.882143190604211824e-09 3.071171200000000000e+07 3.020532400000000000e+07 4.187612533569335938e+01 3.933412551879882812e+01 nan 3.063434800000000000e+07 3.811847111863430371e+01
4.248163998126983643e-01 2.871758937835693359e-01 1.881303079826970542e-09 3.089115800000000000e+07 3.038031800000000000e+07 4.105949401855468750e+01 3.856707000732421875e+01 nan 3.081311400000000000e+07 3.710071680710721864e+01
4.302009046077728271e-01 2.908158004283905029e-01 1.880473925305205483e-09 3.107665600000000000e+07 3.056276200000000000e+07 4.027853775024414062e+01 3.783351516723632812e+01 nan 3.099814400000000000e+07 3.613941059289174973e+01
4.355854094028472900e-01 2.944557368755340576e-01 1.879655436356054805e-09 3.126888400000000000e+07 3.075316200000000000e+07 3.953219985961914062e+01 3.713248443603515625e+01 nan 3.119009400000000000e+07 3.523239103541733641e+01
4.409699141979217529e-01 2.980956733226776123e-01 1.878847353036435648e-09 3.146566800000000000e+07 3.094890000000000000e+07 3.881586837768554688e+01 3.645963287353515625e+01 nan 3.138671800000000000e+07 3.437142272374287444e+01
4.463544189929962158e-01 3.017355799674987793e-01 1.878049424887222573e-09 3.166273000000000000e+07 3.114513200000000000e+07 3.812276077270507812e+01 3.580860137939453125e+01 nan 3.158365000000000000e+07 3.354465707297703148e+01
4.517388939857482910e-01 3.053754866123199463e-01 1.877261397654174740e-09 3.185627400000000000e+07 3.133753000000000000e+07 3.744727706909179688e+01 3.517411041259765625e+01 nan 3.177702000000000000e+07 3.274246221823869973e+01
4.571233987808227539e-01 3.090154230594635010e-01 1.876483026309890802e-09 3.204424200000000000e+07 3.152365000000000000e+07 3.678628921508789062e+01 3.455324935913085938e+01 nan 3.196470800000000000e+07 3.195974620536819799e+01
4.625079035758972168e-01 3.126553297042846680e-01 1.875714093387305177e-09 3.222547600000000000e+07 3.170217000000000000e+07 3.613802337646484375e+01 3.394433593750000000e+01 nan 3.214552800000000000e+07 3.119371070535480328e+01
4.678924083709716797e-01 3.162952661514282227e-01 1.874954364165268396e-09 3.239929200000000000e+07 3.187248000000000000e+07 3.550139236450195312e+01 3.334634780883789062e+01 nan 3.231880600000000000e+07 3.044267575849978869e+01
4.732769131660461426e-01 3.199352025985717773e-01 1.874203630559428286e-09 3.256641400000000000e+07 3.203556600000000000e+07 3.487692642211914062e+01 3.275979995727539062e+01 nan 3.248531400000000000e+07 2.970774217595317879e+01
4.786614179611206055e-01 3.235751092433929443e-01 1.873461691551420399e-09 3.272950000000000000e+07 3.219444600000000000e+07 3.426715469360351562e+01 3.218703842163085938e+01 nan 3.264775600000000000e+07 2.899328330144413002e+01
4.840458929538726807e-01 3.272150158882141113e-01 1.872728340933758753e-09 3.289172400000000000e+07 3.235265200000000000e+07 3.367488098144531250e+01 3.163071823120117188e+01 nan 3.280936200000000000e+07 2.830398219457716635e+01
4.894303977489471436e-01 3.308549523353576660e-01 1.872003379495005729e-09 3.305497800000000000e+07 3.251235200000000000e+07 3.310134506225585938e+01 3.109200096130371094e+01 nan 3.297208000000000000e+07 2.764181606193027463e+01
4.948149025440216064e-01 3.344948589801788330e-01 1.871286632213937058e-09 3.321970600000000000e+07 3.267412200000000000e+07 3.254620742797851562e+01 3.057056045532226562e+01 nan 3.313635200000000000e+07 2.700614876676993603e+01
5.001994371414184570e-01 3.381348252296447754e-01 1.870577900826693527e-09 3.338598200000000000e+07 3.283801000000000000e+07 3.200874710083007812e+01 3.006572914123535156e+01 nan 3.330226600000000000e+07 2.639572628904763008e+01
5.055838823318481445e-01 3.417747020721435547e-01 1.869877039368293133e-09 3.355378800000000000e+07 3.300385400000000000e+07 3.148818969726562500e+01 2.957676696777343750e+01 nan 3.346977200000000000e+07 2.580925718324327889e+01
5.109683871269226074e-01 3.454146385192871094e-01 1.869183849789121820e-09 3.372233200000000000e+07 3.317064200000000000e+07 3.098305511474609375e+01 2.910229301452636719e+01 nan 3.363804000000000000e+07 2.524434367317658001e+01
5.163528919219970703e-01 3.490545451641082764e-01 1.868498185335105332e-09 3.388966800000000000e+07 3.333619600000000000e+07 3.049094390869140625e+01 2.864005088806152344e+01 nan 3.380510800000000000e+07 2.469713559592308982e+01
5.217373967170715332e-01 3.526944816112518311e-01 1.867819876059786520e-09 3.405391200000000000e+07 3.349844000000000000e+07 3.000967407226562500e+01 2.818799972534179688e+01 nan 3.396904800000000000e+07 2.416418590048753856e+01
5.271219015121459961e-01 3.563344180583953857e-01 1.867148773833358248e-09 3.421440800000000000e+07 3.365660000000000000e+07 2.953831481933593750e+01 2.774524879455566406e+01 nan 3.412919200000000000e+07 2.364410228451031060e+01
5.325064063072204590e-01 3.599743247032165527e-01 1.866484735032350672e-09 3.437150000000000000e+07 3.381103200000000000e+07 2.907685089111328125e+01 2.731180000305175781e+01 nan 3.428587200000000000e+07 2.313694430609494290e+01
5.378909111022949219e-01 3.636142611503601074e-01 1.865827604301946768e-09 3.452549600000000000e+07 3.396209600000000000e+07 2.862524795532226562e+01 2.688760948181152344e+01 nan 3.443942000000000000e+07 2.264267630407509202e+01
5.432754158973693848e-01 3.672541677951812744e-01 1.865177252290424566e-09 3.467655600000000000e+07 3.411010000000000000e+07 2.818333435058593750e+01 2.647252273559570312e+01 nan 3.459001600000000000e+07 2.216108310407427950e+01
5.486599206924438477e-01 3.708941042423248291e-01 1.864533532427482462e-09 3.482553200000000000e+07 3.425604800000000000e+07 2.775150871276855469e+01 2.606690979003906250e+01 nan 3.473852800000000000e+07 2.169277353634702976e+01
5.540444254875183105e-01 3.745340406894683838e-01 1.863896318172137942e-09 3.497391600000000000e+07 3.440154400000000000e+07 2.733061599731445312e+01 2.567156982421875000e+01 nan 3.488646800000000000e+07 2.123906662559904390e+01
5.594289302825927734e-01 3.781739473342895508e-01 1.863265486641235488e-09 3.512264400000000000e+07 3.454761600000000000e+07 2.692100524902343750e+01 2.528682136535644531e+01 nan 3.503479200000000000e+07 2.080048308482303554e+01
5.648134350776672363e-01 3.818138837814331055e-01 1.862640903204479876e-09 3.527153600000000000e+07 3.469410000000000000e+07 2.652212142944335938e+01 2.491215705871582031e+01 nan 3.518331200000000000e+07 2.037613668108422615e+01
5.701979398727416992e-01 3.854538202285766602e-01 1.862022452330667509e-09 3.542004400000000000e+07 3.484042000000000000e+07 2.613318443298339844e+01 2.454682159423828125e+01 nan 3.533149200000000000e+07 1.996481057617102195e+01
5.755824446678161621e-01 3.890937268733978271e-01 1.861410021730888845e-09 3.556812400000000000e+07 3.498644000000000000e+07 2.575378799438476562e+01 2.419045639038085938e+01 nan 3.547925600000000000e+07 1.956592423116831014e+01
5.809668898582458496e-01 3.927336037158966064e-01 1.860803497296447543e-09 3.571574800000000000e+07 3.513204400000000000e+07 2.538358306884765625e+01 2.384272575378417969e+01 nan 3.562656800000000000e+07 1.917895433062635746e+01
5.863513946533203125e-01 3.963735401630401611e-01 1.860202753428811389e-09 3.586222000000000000e+07 3.527646800000000000e+07 2.502176094055175781e+01 2.350286674499511719e+01 nan 3.577273200000000000e+07 1.880268060552915443e+01
5.917358994483947754e-01 4.000134766101837158e-01 1.859607692406273365e-09 3.600657200000000000e+07 3.541866800000000000e+07 2.466737937927246094e+01 2.316999816894531250e+01 nan 3.591675600000000000e+07 1.843572216344725589e+01
5.971204042434692383e-01 4.036533832550048828e-01 1.859018214291441706e-09 3.614858000000000000e+07 3.555839600000000000e+07 2.432005310058593750e+01 2.284375572204589844e+01 nan 3.605841200000000000e+07 1.807754878198010218e+01
6.025049090385437012e-01 4.072933197021484375e-01 1.858434207544148841e-09 3.628879200000000000e+07 3.569623200000000000e+07 2.397995185852050781e+01 2.252429771423339844e+01 nan 3.619826400000000000e+07 1.772839721165500038e+01
6.078894138336181641e-01 4.109332561492919922e-01 1.857855577876460681e-09 3.642757600000000000e+07 3.583256400000000000e+07 2.364709281921386719e+01 2.221164131164550781e+01 nan 3.633667200000000000e+07 1.738832502342559039e+01
6.132739186286926270e-01 4.145731627941131592e-01 1.857282233477322155e-09 3.656481600000000000e+07 3.596734000000000000e+07 2.332118415832519531e+01 2.190551948547363281e+01 nan 3.647353200000000000e+07 1.705690645534308558e+01
6.186584234237670898e-01 4.182130992412567139e-01 1.856714071034082293e-09 3.670064400000000000e+07 3.610074400000000000e+07 2.300210380554199219e+01 2.160581016540527344e+01 nan 3.660899200000000000e+07 1.673395561525532216e+01
6.240429282188415527e-01 4.218530058860778809e-01 1.856151008397507339e-09 3.683573600000000000e+07 3.623349200000000000e+07 2.269007492065429688e+01 2.131271934509277344e+01 nan 3.674372400000000000e+07 1.641979087878656784e+01
6.294274330139160156e-01 4.254929423332214355e-01 1.855592947277603754e-09 3.697065600000000000e+07 3.636617200000000000e+07 2.238521766662597656e+01 2.102636718750000000e+01 nan 3.687830000000000000e+07 1.611458138198565848e+01
6.556535363197326660e-01 4.432217776775360107e-01 1.852943630635520644e-09 3.761774000000000000e+07 3.700325200000000000e+07 2.099135017395019531e+01 1.971711349487304688e+01 nan 3.752385600000000000e+07 1.473952383989687576e+01
8.039034605026245117e-01 5.434387326240539551e-01 1.839770603253567837e-09 4.087455200000000000e+07 4.020700400000000000e+07 1.517197322845458984e+01 1.425098991394042969e+01 nan 4.077256400000000000e+07 9.373828070083860098e+00
9.932619333267211914e-01 6.714450716972351074e-01 1.826201010048688587e-09 4.431538800000000000e+07 4.359186400000000000e+07 1.077517223358154297e+01 1.012108707427978516e+01 nan 4.420485200000000000e+07 5.798629677494891332e+00
1.227223634719848633e+00 8.296031951904296875e-01 1.812731498599941669e-09 4.781050800000000000e+07 4.703010400000000000e+07 7.615063190460205078e+00 7.152805328369140625e+00 nan 4.769128000000000000e+07 3.551959772826649431e+00
1.516294717788696289e+00 1.025015234947204590e+00 1.799361337301671755e-09 5.135277600000000000e+07 5.051472000000000000e+07 5.357899665832519531e+00 5.032658576965332031e+00 nan 5.122474000000000000e+07 2.156524574697137986e+00
1.873456120491027832e+00 1.266456365585327148e+00 1.786089789356977996e-09 5.493505600000000000e+07 5.403868000000000000e+07 3.754573822021484375e+00 3.526659250259399414e+00 nan 5.479810400000000000e+07 1.298765732850308607e+00
2.314746379852294922e+00 1.564768552780151367e+00 1.772916133006574509e-09 5.855191200000000000e+07 5.759662400000000000e+07 2.621396064758300781e+00 2.462268590927124023e+00 nan 5.840596000000000000e+07 7.764601126943500020e-01
2.859982252120971680e+00 1.933347940444946289e+00 1.759839636962373426e-09 6.219846000000000000e+07 6.118376400000000000e+07 1.824112415313720703e+00 1.713382482528686523e+00 nan 6.204343600000000000e+07 4.611066345089049889e-01
3.533647537231445312e+00 2.388745784759521484e+00 1.746859588797865175e-09 6.587033200000000000e+07 6.479578000000000000e+07 1.265442371368408203e+00 1.188625335693359375e+00 nan 6.570616800000000000e+07 2.721617089341908380e-01
4.365993976593017578e+00 2.951411962509155273e+00 1.733975279535418463e-09 6.956381600000000000e+07 6.842898400000000000e+07 8.754199147224426270e-01 8.222784996032714844e-01 nan 6.939044000000000000e+07 1.597420943315532860e-01
5.394398689270019531e+00 3.646613597869873047e+00 1.721185999058096773e-09 7.327591200000000000e+07 7.208040800000000000e+07 6.040529012680053711e-01 5.673841238021850586e-01 nan 7.309326400000000000e+07 9.327820684259024997e-02
6.665042877197265625e+00 4.505568981170654297e+00 1.708491050912268841e-09 7.700338400000000000e+07 7.574682400000000000e+07 4.158191382884979248e-01 3.905766606330871582e-01 nan 7.681141600000000000e+07 5.421039587725884346e-02
8.234986305236816406e+00 5.566850662231445312e+00 1.695889732548296616e-09 8.074423200000000000e+07 7.942617600000000000e+07 2.856191694736480713e-01 2.682801485061645508e-01 nan 8.054286400000000000e+07 3.136830737031539446e-02
1.017472743988037109e+01 6.878115653991699219e+00 1.683381361073609185e-09 8.449596800000000000e+07 8.311586400000000000e+07 1.957913190126419067e-01 1.839050948619842529e-01 nan 8.428511200000000000e+07 1.807778533643374791e-02
1.257137203216552734e+01 8.498247146606445312e+00 1.670965250288532184e-09 8.825646400000000000e+07 8.681360800000000000e+07 1.339634805917739868e-01 1.258303225040435791e-01 nan 8.803603200000000000e+07 1.037938330794809134e-02
1.553254413604736328e+01 1.050000000000000000e+01 1.658640709094829109e-09 9.202382400000000000e+07 9.051717600000000000e+07 9.150052815675735474e-02 8.594495058059692383e-02 nan 9.179364000000000000e+07 5.938599879951949982e-03
