# k/h [h/Mpc]            k [1/Mpc]              Primoridal             T_cdm(k)                 T_bar(k)                 T_phot(k)                T_massless neutrions(k)  T_massive neutrinos(k)   T_total(k)               Linear Pk [(Mpc/h)^3]  
1.049045658874092624e-05 7.091548468451946974e-06 2.727206404909961128e-09 1.000000000000000000e+00 1.000000000000000000e+00 1.000000000000000000e+00 1.000000000000000000e+00 nan 1.000000000000000000e+00 2.904840432905280601e+00
1.158353370556142181e-05 7.830468348402064294e-06 2.717761705682844603e-09 1.219251275062561035e+00 1.219251394271850586e+00 1.219219684600830078e+00 1.219219088554382324e+00 nan 1.219251275062561035e+00 3.196407479304151256e+00
1.279050593439023942e-05 8.646382411825470626e-06 2.708349706436794825e-09 1.486573815345764160e+00 1.486574053764343262e+00 1.486488103866577148e+00 1.486486315727233887e+00 nan 1.486573815345764160e+00 3.517239187396250522e+00
1.412324218108551577e-05 9.547311492497101426e-06 2.698970312856197758e-09 1.812506914138793945e+00 1.812507152557373047e+00 1.812332391738891602e+00 1.812328815460205078e+00 nan 1.812506914138793945e+00 3.870273829298433554e+00
1.559484553581569344e-05 1.054211588780162856e-05 2.689623392481895528e-09 2.209901332855224609e+00 2.209901571273803711e+00 2.209584474563598633e+00 2.209577560424804688e+00 nan 2.209901332855224609e+00 4.258742661074634839e+00
1.721978514979127795e-05 1.164057448477251455e-05 2.680308856040028027e-09 2.694424152374267578e+00 2.694424152374267578e+00 2.693882703781127930e+00 2.693871259689331055e+00 nan 2.694424152374267578e+00 4.686202448488269390e+00
1.901403993542771786e-05 1.285349117097212002e-05 2.671026563908324178e-09 3.285179376602172852e+00 3.285179376602172852e+00 3.284289360046386719e+00 3.284270763397216797e+00 nan 3.285179376602172852e+00 5.156565855994329262e+00
2.099525045196060091e-05 1.419278942194068804e-05 2.661776424936157355e-09 4.005457401275634766e+00 4.005457401275634766e+00 4.004029750823974609e+00 4.004000186920166016e+00 nan 4.005457401275634766e+00 5.674139410115284221e+00
2.318289807590190321e-05 1.567163963045459241e-05 2.652558315858844083e-09 4.883656501770019531e+00 4.883656501770019531e+00 4.881407260894775391e+00 4.881360054016113281e+00 nan 4.883656024932861328e+00 6.243661247711167483e+00
2.559849235694855452e-05 1.730458097881637514e-05 2.643372135990062650e-09 5.954398632049560547e+00 5.954398632049560547e+00 5.950901031494140625e+00 5.950828075408935547e+00 nan 5.954398632049560547e+00 6.870342685799134763e+00
2.826578383974265307e-05 1.910767059598583728e-05 2.634217767634683471e-09 7.259901046752929688e+00 7.259901523590087891e+00 7.254513263702392578e+00 7.254399776458740234e+00 nan 7.259900569915771484e+00 7.559922446507739480e+00
3.121100235148333013e-05 2.109863817167934030e-05 2.625095097817206075e-09 8.851632118225097656e+00 8.851632118225097656e+00 8.843394279479980469e+00 8.843220710754394531e+00 nan 8.851632118225097656e+00 8.318709995137769653e+00
3.446310074650682509e-05 2.329705603187903762e-05 2.616004033478672110e-09 1.079234504699707031e+01 1.079234409332275391e+01 1.077981758117675781e+01 1.077955436706542969e+01 nan 1.079234504699707031e+01 9.153652732751210053e+00
3.805406231549568474e-05 2.572454650362487882e-05 2.606944439452153756e-09 1.315855598449707031e+01 1.315855312347412109e+01 1.313959312438964844e+01 1.313919448852539062e+01 nan 1.315855407714843750e+01 1.007239042015773656e+01
4.201919000479392707e-05 2.840497290890198201e-05 2.597916226597658093e-09 1.604354286193847656e+01 1.604354095458984375e+01 1.601494026184082031e+01 1.601434135437011719e+01 nan 1.604354095458984375e+01 1.108332561195193300e+01
4.639747567125596106e-05 3.136469240416772664e-05 2.588919279439887767e-09 1.956104850769042969e+01 1.956104469299316406e+01 1.951803016662597656e+01 1.951712799072265625e+01 nan 1.956104850769042969e+01 1.219571247347752774e+01
5.123196388012729585e-05 3.463280881987884641e-05 2.579953483847589841e-09 2.384974288940429688e+01 2.384973526000976562e+01 2.378519058227539062e+01 2.378383445739746094e+01 nan 2.384974288940429688e+01 1.341972476286449023e+01
5.657019573845900595e-05 3.824145096587017179e-05 2.571018745591721348e-09 2.907868766784667969e+01 2.907867431640625000e+01 2.898199653625488281e+01 2.897996520996093750e+01 nan 2.907868766784667969e+01 1.476655845321823080e+01
6.246465636650100350e-05 4.222610732540488243e-05 2.562114941593048984e-09 3.545402145385742188e+01 3.545400238037109375e+01 3.530941772460937500e+01 3.530638122558593750e+01 nan 3.545401763916015625e+01 1.624852590584932699e+01
6.897329876665025949e-05 4.662595165427774191e-05 2.553241977543412439e-09 4.322705078125000000e+01 4.322702026367187500e+01 4.301105499267578125e+01 4.300652694702148438e+01 nan 4.322704315185546875e+01 1.787917624982820897e+01
7.616012590005993843e-05 5.148424679646268487e-05 2.544399743325443185e-09 5.270416259765625000e+01 5.270412063598632812e+01 5.238188171386718750e+01 5.237512588500976562e+01 nan 5.270415496826171875e+01 1.967340706132006645e+01
8.409580186707898974e-05 5.684876305167563260e-05 2.535588130685252624e-09 6.425891113281250000e+01 6.425885772705078125e+01 6.377846908569335938e+01 6.376839065551757812e+01 nan 6.425890350341796875e+01 2.164760633990539773e+01
9.285835403716191649e-05 6.277224747464060783e-05 2.526807033334104165e-09 7.834672546386718750e+01 7.834662628173828125e+01 7.763103485107421875e+01 7.761604309082031250e+01 nan 7.834671020507812500e+01 2.381980439135965000e+01
1.025339443003758788e-04 6.931294774403795600e-05 2.518056339675267213e-09 9.552278900146484375e+01 9.552264404296875000e+01 9.445745086669921875e+01 9.443513488769531250e+01 nan 9.552276611328125000e+01 2.620981108598109799e+01
1.132176985265687108e-04 7.653516513528302312e-05 2.509335958204897443e-09 1.164639739990234375e+02 1.164637603759765625e+02 1.148791351318359375e+02 1.148459625244140625e+02 nan 1.164639358520507812e+02 2.883941340260325603e+01
1.250146742677316070e-04 8.450992027064785361e-05 2.500645773867358897e-09 1.419953918457031250e+02 1.419950714111328125e+02 1.396391601562500000e+02 1.395899047851562500e+02 nan 1.419953460693359375e+02 3.173255802544158755e+01
1.380408502882346511e-04 9.331561159342527390e-05 2.491985695624705562e-09 1.731228790283203125e+02 1.731223907470703125e+02 1.696219177246093750e+02 1.695488128662109375e+02 nan 1.731228027343750000e+02 3.491556553680278796e+01
1.524243270978331566e-04 1.030388448270969093e-04 2.483355596498544299e-09 2.110726623535156250e+02 2.110719299316406250e+02 2.058739929199218750e+02 2.057655944824218750e+02 nan 2.110725555419921875e+02 3.841735362323819203e+01
1.683065347606316209e-04 1.137752187787555158e-04 2.474755379885282393e-09 2.573392944335937500e+02 2.573382263183593750e+02 2.496247558593750000e+02 2.494642486572265625e+02 nan 2.573391113281250000e+02 4.226968326964832556e+01
1.858436153270304203e-04 1.256302784895524383e-04 2.466184957973141175e-09 3.137443237304687500e+02 3.137427368164062500e+02 3.023047485351562500e+02 3.020672607421875000e+02 nan 3.137440185546875000e+02 4.650739400908312149e+01
2.052080089924857020e-04 1.387206139042973518e-04 2.457644209414643305e-09 3.825080566406250000e+02 3.825057373046875000e+02 3.655588073730468750e+02 3.652079772949218750e+02 nan 3.825077209472656250e+02 5.116873953199910119e+01
2.265901130158454180e-04 1.531749148853123188e-04 2.449133045395065615e-09 4.663361206054687500e+02 4.663325805664062500e+02 4.412475585937500000e+02 4.407300109863281250e+02 nan 4.663355407714843750e+02 5.629567785933207347e+01
2.502001880202442408e-04 1.691353245405480266e-04 2.440651351248999153e-09 5.685255737304687500e+02 5.685203247070312500e+02 5.314307250976562500e+02 5.306687011718750000e+02 nan 5.685247192382812500e+02 6.193417197533850072e+01
2.762703516054898500e-04 1.867587561719119549e-04 2.432199034655000626e-09 6.930933227539062500e+02 6.930855712890625000e+02 6.383194580078125000e+02 6.372002563476562500e+02 nan 6.930921630859375000e+02 6.813451012889358083e+01
3.050569503102451563e-04 2.062184939859434962e-04 2.423775992290330563e-09 8.449329833984375000e+02 8.449214477539062500e+02 7.641834716796875000e+02 7.625438232421875000e+02 nan 8.449311523437500000e+02 7.495172848276850175e+01
3.368430479895323515e-04 2.277058956678956747e-04 2.415382114947829304e-09 1.030005004882812500e+03 1.029988037109375000e+03 9.111889038085937500e+02 9.087949218750000000e+02 nan 1.030002319335937500e+03 8.244592221416877464e+01
3.719411906786262989e-04 2.514322404749691486e-04 2.407017301830847028e-09 1.255567382812500000e+03 1.255542602539062500e+03 1.081142822265625000e+03 1.077661621093750000e+03 nan 1.255563598632812500e+03 9.068258187383412405e+01
4.106964333914220333e-04 2.776307810563594103e-04 2.398681465071051552e-09 1.530456420898437500e+03 1.530419799804687500e+03 1.275109497070312500e+03 1.270072387695312500e+03 nan 1.530450683593750000e+03 9.973306219575935927e+01
4.534898616839200258e-04 3.065591445192694664e-04 2.390374494355455649e-09 1.865425781250000000e+03 1.865372192382812500e+03 1.492870361328125000e+03 1.485624755859375000e+03 nan 1.865417602539062500e+03 1.096747351127963697e+02
5.007422878406941891e-04 3.385017917025834322e-04 2.382096284987275655e-09 2.273559814453125000e+03 2.273481689453125000e+03 1.732200561523437500e+03 1.721853637695312500e+03 nan 2.273547851562500000e+03 1.205914838477698794e+02
5.529182380996644497e-04 3.737727238330990076e-04 2.373846756225058361e-09 2.770767333984375000e+03 2.770654052734375000e+03 1.987969848632812500e+03 1.973324829101562500e+03 nan 2.770750000000000000e+03 1.325737448477950693e+02
6.105307838879525661e-04 4.127188003621995449e-04 2.365625794166928840e-09 3.376388916015625000e+03 3.376225097656250000e+03 2.251142822265625000e+03 2.230635498046875000e+03 nan 3.376364013671875000e+03 1.457188530771161084e+02
6.741464603692293167e-04 4.557229985948652029e-04 2.357433293568910220e-09 4.113918457031250000e+03 4.113683593750000000e+03 2.507847412109375000e+03 2.479503173828125000e+03 nan 4.113882812500000000e+03 1.601310116917937876e+02
7.443906506523489952e-04 5.032080807723104954e-04 2.349269171114912410e-09 5.011875488281250000e+03 5.011538085937500000e+03 2.738886230468750000e+03 2.700324707031250000e+03 nan 5.011823242187500000e+03 1.759211216398671525e+02
8.219541050493717194e-04 5.556409596465528011e-04 2.341133324843220307e-09 6.104858398437500000e+03 6.104382324218750000e+03 2.920303710937500000e+03 2.868831542968750000e+03 nan 6.104785156250000000e+03 1.932066579894511165e+02
9.075994603335857391e-04 6.135372095741331577e-04 2.333025652639057309e-09 7.434805664062500000e+03 7.434138671875000000e+03 3.025875488281250000e+03 2.958718017578125000e+03 nan 7.434704101562500000e+03 2.121111827746348411e+02
1.002168864943087101e-03 6.774661596864461899e-04 2.324946049885245546e-09 9.052507812500000000e+03 9.051582031250000000e+03 3.032529296875000000e+03 2.947230468750000000e+03 nan 9.052366210937500000e+03 2.327637896557179431e+02
1.106592128053307533e-03 7.480562780983746052e-04 2.316894434325377400e-09 1.101940625000000000e+04 1.101813964843750000e+04 2.929312988281250000e+03 2.824273437500000000e+03 nan 1.101921386718750000e+04 2.552979371852642032e+02
1.221895916387438774e-03 8.260016329586505890e-04 2.308870708568745277e-09 1.340976367187500000e+04 1.340805371093750000e+04 2.729120605468750000e+03 2.604100341796875000e+03 nan 1.340950097656250000e+04 2.798508529032027923e+02
1.349214115180075169e-03 9.120687609538435936e-04 2.300874762407135126e-09 1.631323828125000000e+04 1.631096093750000000e+04 2.479331054687500000e+03 2.335533447265625000e+03 nan 1.631288867187500000e+04 3.065617961542574790e+02
1.489798538386821747e-03 1.007103826850652695e-03 2.292906509188567727e-09 1.983793359375000000e+04 1.983494531250000000e+04 2.262944091796875000e+03 2.102129150390625000e+03 nan 1.983747656250000000e+04 3.355706608064159582e+02
1.645031501539051533e-03 1.112041296437382698e-03 2.284965850418265676e-09 2.411404687500000000e+04 2.411015625000000000e+04 2.178147705078125000e+03 2.000417358398437500e+03 nan 2.411345117187500000e+04 3.670157308697037593e+02
1.816439209505915642e-03 1.227912958711385727e-03 2.277052691606405739e-09 2.929812890625000000e+04 2.929309375000000000e+04 2.288044677734375000e+03 2.089009521484375000e+03 nan 2.929735937500000000e+04 4.010307253130393406e+02
2.005707239732146263e-03 1.355858054012060165e-03 2.269166941709029953e-09 3.557811328125000000e+04 3.557155859375000000e+04 2.553557861328125000e+03 2.323657470703125000e+03 nan 3.557711328125000000e+04 4.377409105001991065e+02
2.214696491137146950e-03 1.497134799137711525e-03 2.261308494449764354e-09 4.317916406250000000e+04 4.317049218750000000e+04 2.803390625000000000e+03 2.533623779296875000e+03 nan 4.317783984375000000e+04 4.772578612228049337e+02
2.445461694151163101e-03 1.653132145293056965e-03 2.253477264686429142e-09 5.237037500000000000e+04 5.235865625000000000e+04 2.823264892578125000e+03 2.517869140625000000e+03 nan 5.236857812500000000e+04 5.196720235816740114e+02
2.700272016227245331e-03 1.825383864343166351e-03 2.245673160886940457e-09 6.347257421875000000e+04 6.345641796875000000e+04 2.577567626953125000e+03 2.261629150390625000e+03 nan 6.347010156250000000e+04 5.650458424878715959e+02
2.981632947921752930e-03 2.015583915635943413e-03 2.237896076485985185e-09 7.686726562500000000e+04 7.684471093750000000e+04 2.353969238281250000e+03 2.054335449218750000e+03 nan 7.686382812500000000e+04 6.134054619476587504e+02
3.292310982942581177e-03 2.225602278485894203e-03 2.230145925871712440e-09 9.300678906250000000e+04 9.297517968750000000e+04 2.473400634765625000e+03 2.217235839843750000e+03 nan 9.300196093750000000e+04 6.647333070050607375e+02
3.635360859334468842e-03 2.457503927871584892e-03 2.222422616889744185e-09 1.124257890625000000e+05 1.123814765625000000e+05 2.709444580078125000e+03 2.198438232421875000e+03 nan 1.124190156250000000e+05 7.189578378998212429e+02
4.014155361801385880e-03 2.713568974286317825e-03 2.214726058195065524e-09 1.357539375000000000e+05 1.356915468750000000e+05 2.515618164062500000e+03 2.177449951171875000e+03 nan 1.357443906250000000e+05 7.759428850277778338e+02
4.432419314980506897e-03 2.996315481141209602e-03 2.207056148657132701e-09 1.637296875000000000e+05 1.636410781250000000e+05 2.218953857421875000e+03 2.154087158203125000e+03 nan 1.637161406250000000e+05 8.354742526639288371e+02
4.894265439361333847e-03 3.308523446321487427e-03 2.199412800139309644e-09 1.972150312500000000e+05 1.970882500000000000e+05 2.432612060546875000e+03 2.128155517578125000e+03 nan 1.971956562500000000e+05 8.972462610611534046e+02
5.404234398156404495e-03 3.653262509033083916e-03 2.191795924301313793e-09 2.372112656250000000e+05 2.370294687500000000e+05 2.324066406250000000e+03 2.099527587890625000e+03 nan 2.371835000000000000e+05 9.608500742281476050e+02
5.967340432107448578e-03 4.033922217786312103e-03 2.184205430909534259e-09 2.848741562500000000e+05 2.846130312500000000e+05 2.182858154296875000e+03 2.068029541015625000e+03 nan 2.848342812500000000e+05 1.025757224761962789e+03
6.589121185243129730e-03 4.454245790839195251e-03 2.176641221197925960e-09 3.415288125000000000e+05 3.411524062500000000e+05 2.496301269531250000e+03 2.033478271484375000e+03 nan 3.414713125000000000e+05 1.091305976072696467e+03
7.275689393281936646e-03 4.918366204947233200e-03 2.169103203027300791e-09 4.086815312500000000e+05 4.081380000000000000e+05 2.115685791015625000e+03 1.995735595703125000e+03 nan 4.085984687500000000e+05 1.156685159272627970e+03
8.033796213567256927e-03 5.430846009403467178e-03 2.161591299930936394e-09 4.880276562500000000e+05 4.872427812500000000e+05 2.196651123046875000e+03 1.954612182617187500e+03 nan 4.879077812500000000e+05 1.220920863714070947e+03
8.870895951986312866e-03 5.996725521981716156e-03 2.154105401952956366e-09 5.814522500000000000e+05 5.803182500000000000e+05 2.203782958984375000e+03 1.909951049804687500e+03 nan 5.812790000000000000e+05 1.282862470507223861e+03
9.795218706130981445e-03 6.621567998081445694e-03 2.146645430474833453e-09 6.910196875000000000e+05 6.893828125000000000e+05 1.867387451171875000e+03 1.861590087890625000e+03 nan 6.907696875000000000e+05 1.341177054295642847e+03
1.081585418432950974e-02 7.311517372727394104e-03 2.139211293795359687e-09 8.189457500000000000e+05 8.165861250000000000e+05 2.135646484375000000e+03 1.809359741210937500e+03 nan 8.185852500000000000e+05 1.394340846051518611e+03
1.194283645600080490e-02 8.073357865214347839e-03 2.131802900090153706e-09 9.675486250000000000e+05 9.641553750000000000e+05 1.895189331054687500e+03 1.753115844726562500e+03 nan 9.670301875000000000e+05 1.440646946343976879e+03
1.318724639713764191e-02 8.914578706026077271e-03 2.124420174276236449e-09 1.139170000000000000e+06 1.134306000000000000e+06 1.928989868164062500e+03 1.692712158203125000e+03 nan 1.138426750000000000e+06 1.478231944133981870e+03
1.456132158637046814e-02 9.843453764915466309e-03 2.117063005254935590e-09 1.336059250000000000e+06 1.329117750000000000e+06 1.819651855468750000e+03 1.628039916992187500e+03 nan 1.334998750000000000e+06 1.505116525183226486e+03
1.607857085764408112e-02 1.086911372840404510e-02 2.109731324472420402e-09 1.560215875000000000e+06 1.550365000000000000e+06 1.678562500000000000e+03 1.559029907226562500e+03 nan 1.558710875000000000e+06 1.519293291353522136e+03
1.775391399860382080e-02 1.200164575129747391e-02 2.102425026951150955e-09 1.813196875000000000e+06 1.799315875000000000e+06 1.630178955078125000e+03 1.485691528320312500e+03 nan 1.811076000000000000e+06 1.518852481375032994e+03
1.960382424294948578e-02 1.325218472629785538e-02 2.095144031049849183e-09 2.095897750000000000e+06 2.076511250000000000e+06 1.427064453125000000e+03 1.408152221679687500e+03 nan 2.092935875000000000e+06 1.502170396793963619e+03
2.164648845791816711e-02 1.463302597403526306e-02 2.087888252770266929e-09 2.408359000000000000e+06 2.381579750000000000e+06 1.406612670898437500e+03 1.326711669921875000e+03 nan 2.404267750000000000e+06 1.468164483837578246e+03
2.390199340879917145e-02 1.615774817764759064e-02 2.080657597354892904e-09 2.749670750000000000e+06 2.713184000000000000e+06 1.247784912109375000e+03 1.241915283203125000e+03 nan 2.744096500000000000e+06 1.416599347818405477e+03
2.639251388609409332e-02 1.784133911132812500e-02 2.073451995948668221e-09 3.118120250000000000e+06 3.069239500000000000e+06 1.307825683593750000e+03 1.154626953125000000e+03 nan 3.110652500000000000e+06 1.348419206414946530e+03
2.914254181087017059e-02 1.970035769045352936e-02 2.066271340052806293e-09 3.511768250000000000e+06 3.447642500000000000e+06 1.235926513671875000e+03 1.066104980468750000e+03 nan 3.501971250000000000e+06 1.266030863015808791e+03
3.217911347746849060e-02 2.175308018922805786e-02 2.059115554147728899e-09 3.929672250000000000e+06 3.847700500000000000e+06 9.667507324218750000e+02 9.780363159179687500e+02 nan 3.917148500000000000e+06 1.173433839470000066e+03
3.553209081292152405e-02 2.401969395577907562e-02 2.051984539888671147e-09 4.373893000000000000e+06 4.272426500000000000e+06 9.314133911132812500e+02 8.925045776367187500e+02 nan 4.358391500000000000e+06 1.076057576469867627e+03
3.923443704843521118e-02 2.652247995138168335e-02 2.044878229365854235e-09 4.852112500000000000e+06 4.731425000000000000e+06 8.429412841796875000e+02 8.118292236328125000e+02 nan 4.833674000000000000e+06 9.801990720420386651e+02
4.332255572080612183e-02 2.928604744374752045e-02 2.037796533657790378e-09 5.380009000000000000e+06 5.243354500000000000e+06 7.899031982421875000e+02 7.382282714843750000e+02 nan 5.359131000000000000e+06 8.920147207557956790e+02
4.765481501817703247e-02 3.221465647220611572e-02 2.031010053452367756e-09 5.955013500000000000e+06 5.809447500000000000e+06 7.258530883789062500e+02 6.754265136718750000e+02 nan 5.932775000000000000e+06 8.183604150729091771e+02
5.198707059025764465e-02 3.514325991272926331e-02 2.024834231214258902e-09 6.563817500000000000e+06 6.417975000000000000e+06 6.725266723632812500e+02 6.258024291992187500e+02 nan 6.541536000000000000e+06 7.634908320355382330e+02
5.631932616233825684e-02 3.807186335325241089e-02 2.019169610001785353e-09 7.201139500000000000e+06 7.061957000000000000e+06 6.289855346679687500e+02 5.852837524414062500e+02 nan 7.179876000000000000e+06 7.207595473285020944e+02
6.065158173441886902e-02 4.100047051906585693e-02 2.013939112582009273e-09 7.858613000000000000e+06 7.729520000000000000e+06 5.921416015625000000e+02 5.509975585937500000e+02 nan 7.838889500000000000e+06 6.854868934637996745e+02
6.498383730649948120e-02 4.392907395958900452e-02 2.009081821590703985e-09 8.514927000000000000e+06 8.394824000000000000e+06 5.591144409179687500e+02 5.202636718750000000e+02 nan 8.496579000000000000e+06 6.527259184076913243e+02
6.931609660387039185e-02 4.685768112540245056e-02 2.004548729015451583e-09 9.143530000000000000e+06 9.026774000000000000e+06 5.278016357421875000e+02 4.911260070800781250e+02 nan 9.125692000000000000e+06 6.187704095909211901e+02
7.364834845066070557e-02 4.978628456592559814e-02 2.000299865353250301e-09 9.719197000000000000e+06 9.596665000000000000e+06 4.969799194335937500e+02 4.624461975097656250e+02 nan 9.700477000000000000e+06 5.816400256913242401e+02
7.798060774803161621e-02 5.271489173173904419e-02 1.996302173696350216e-09 1.022611800000000000e+07 1.008712800000000000e+07 4.663360595703125000e+02 4.339324951171875000e+02 nan 1.020488300000000000e+07 5.413466536773350981e+02
8.231285959482192993e-02 5.564349144697189331e-02 1.992528044667567094e-09 1.066182600000000000e+07 1.049650800000000000e+07 4.362323913574218750e+02 4.059219055175781250e+02 nan 1.063656900000000000e+07 4.994040673598299804e+02
8.664511889219284058e-02 5.857209861278533936e-02 1.988954134422163219e-09 1.103654300000000000e+07 1.083808600000000000e+07 4.073680114746093750e+02 3.790644836425781250e+02 nan 1.100622300000000000e+07 4.579795154790772358e+02
9.097737073898315430e-02 6.150070205330848694e-02 1.985560585482697045e-09 1.136931100000000000e+07 1.113560100000000000e+07 3.804727172851562500e+02 3.540391540527343750e+02 nan 1.133360500000000000e+07 4.191203466427891158e+02
9.636187553405761719e-02 6.514062732458114624e-02 1.981568674123380254e-09 1.176427600000000000e+07 1.149182300000000000e+07 3.507713623046875000e+02 3.264023742675781250e+02 nan 1.172265100000000000e+07 3.768870722496344570e+02
1.017463728785514832e-01 6.878054887056350708e-02 1.977801256732118934e-09 1.219313100000000000e+07 1.189583300000000000e+07 3.260322570800781250e+02 3.033823242187500000e+02 nan 1.214771000000000000e+07 3.432761883271240890e+02
1.071308776736259460e-01 7.242047041654586792e-02 1.974234781265857972e-09 1.270181500000000000e+07 1.239848800000000000e+07 3.063786621093750000e+02 2.850936889648437500e+02 nan 1.265547300000000000e+07 3.185472311814650652e+02
1.125153750181198120e-01 7.606039196252822876e-02 1.970849203820953451e-09 1.330055000000000000e+07 1.300925800000000000e+07 2.909464721679687500e+02 2.707327270507812500e+02 nan 1.325604800000000000e+07 3.009847585937039867e+02
1.178998723626136780e-01 7.970031350851058960e-02 1.967627323526894450e-09 1.396221900000000000e+07 1.369479900000000000e+07 2.782880554199218750e+02 2.589526977539062500e+02 nan 1.392136400000000000e+07 2.878055418343375891e+02
1.232843771576881409e-01 8.334024250507354736e-02 1.964554264128985100e-09 1.463912500000000000e+07 1.439768900000000000e+07 2.669672546386718750e+02 2.484175720214843750e+02 nan 1.460223700000000000e+07 2.762851385961600386e+02
1.286688745021820068e-01 8.698015660047531128e-02 1.961617102724775952e-09 1.527827700000000000e+07 1.505468200000000000e+07 2.558701324462890625e+02 2.380909423828125000e+02 nan 1.524411700000000000e+07 2.643199542226452081e+02
1.340533792972564697e-01 9.062008559703826904e-02 1.958804483640675406e-09 1.583316600000000000e+07 1.561159800000000000e+07 2.443144989013671875e+02 2.273381347656250000e+02 nan 1.579931300000000000e+07 2.506574803820888064e+02
1.394378840923309326e-01 9.426000714302062988e-02 1.956106446915437174e-09 1.627801200000000000e+07 1.603981300000000000e+07 2.321288604736328125e+02 2.159995117187500000e+02 nan 1.624162100000000000e+07 2.350933706868737261e+02
1.448223739862442017e-01 9.789992123842239380e-02 1.953514161287429418e-09 1.661686000000000000e+07 1.634603800000000000e+07 2.196066131591796875e+02 2.043479003906250000e+02 nan 1.657548400000000000e+07 2.183710108462030917e+02
1.502068787813186646e-01 1.015398502349853516e-01 1.951019758654691563e-09 1.687997200000000000e+07 1.656778700000000000e+07 2.073006744384765625e+02 1.928975982666015625e+02 nan 1.683227600000000000e+07 2.017079796775913110e+02
1.555913835763931274e-01 1.051797717809677124e-01 1.948616241255242070e-09 1.711468600000000000e+07 1.676198000000000000e+07 1.958186035156250000e+02 1.822138214111328125e+02 nan 1.706080000000000000e+07 1.863352677450479860e+02
1.609758734703063965e-01 1.088196933269500732e-01 1.946297314463125787e-09 1.737505200000000000e+07 1.699174800000000000e+07 1.856762695312500000e+02 1.727764892578125000e+02 nan 1.731648800000000000e+07 1.732073832198396985e+02
1.663603782653808594e-01 1.124596148729324341e-01 1.944057316713681798e-09 1.770533800000000000e+07 1.730737000000000000e+07 1.771444396972656250e+02 1.648374328613281250e+02 nan 1.764453600000000000e+07 1.627628361963083705e+02
1.717448830604553223e-01 1.160995438694953918e-01 1.941891129256332855e-09 1.812282800000000000e+07 1.772748200000000000e+07 1.701494750976562500e+02 1.583282623291015625e+02 nan 1.806242600000000000e+07 1.548148882737657175e+02
1.771293878555297852e-01 1.197394654154777527e-01 1.939794125595426991e-09 1.861452000000000000e+07 1.823563800000000000e+07 1.643423156738281250e+02 1.529242095947265625e+02 nan 1.855663600000000000e+07 1.487219011135159974e+02
1.825138777494430542e-01 1.233793795108795166e-01 1.937762091126241291e-09 1.914746600000000000e+07 1.879186000000000000e+07 1.592675781250000000e+02 1.482016754150390625e+02 nan 1.909313400000000000e+07 1.436887517202113997e+02
1.878983825445175171e-01 1.270193010568618774e-01 1.935791175107242678e-09 1.967909000000000000e+07 1.934514000000000000e+07 1.544836425781250000e+02 1.437497863769531250e+02 nan 1.962807000000000000e+07 1.389590876473328365e+02
1.932828873395919800e-01 1.306592375040054321e-01 1.933877861004656685e-09 2.016530800000000000e+07 1.984387400000000000e+07 1.496288452148437500e+02 1.392321472167968750e+02 nan 2.011620000000000000e+07 1.339201529343547747e+02
1.986673772335052490e-01 1.342991441488265991e-01 1.932018951816384183e-09 2.057295800000000000e+07 2.025035200000000000e+07 1.444969787597656250e+02 1.344568328857421875e+02 nan 2.052367000000000000e+07 1.282368127537545774e+02
2.040518820285797119e-01 1.379390656948089600e-01 1.930211465507478933e-09 2.089206400000000000e+07 2.055404600000000000e+07 1.390843963623046875e+02 1.294204406738281250e+02 nan 2.084042200000000000e+07 1.219363525547598925e+02
2.094363868236541748e-01 1.415790021419525146e-01 1.928452677645768952e-09 2.113662200000000000e+07 2.077229200000000000e+07 1.335465545654296875e+02 1.242675857543945312e+02 nan 2.108096000000000000e+07 1.153217300202915254e+02
2.148208767175674438e-01 1.452189087867736816e-01 1.926740094380007882e-09 2.133619800000000000e+07 2.094067600000000000e+07 1.281065063476562500e+02 1.192057418823242188e+02 nan 2.127577200000000000e+07 1.087965739519542439e+02
2.202053815126419067e-01 1.488588303327560425e-01 1.925071368159055733e-09 2.152750200000000000e+07 2.110283200000000000e+07 1.229869842529296875e+02 1.144421081542968750e+02 nan 2.146262000000000000e+07 1.027396028808515922e+02
2.255898863077163696e-01 1.524987667798995972e-01 1.923444343781293656e-09 2.174640800000000000e+07 2.130053000000000000e+07 1.183624725341796875e+02 1.101390075683593750e+02 nan 2.167829000000000000e+07 9.742788592025588912e+01
2.309743911027908325e-01 1.561386883258819580e-01 1.921857033120720865e-09 2.201773400000000000e+07 2.156198200000000000e+07 1.143134155273437500e+02 1.063712844848632812e+02 nan 2.194810400000000000e+07 9.297415624742870932e+01
2.363588809967041016e-01 1.597786098718643188e-01 1.920307567935778733e-09 2.234820400000000000e+07 2.189411600000000000e+07 1.108100509643554688e+02 1.031112442016601562e+02 nan 2.227883000000000000e+07 8.931567179184241922e+01
2.417433857917785645e-01 1.634185314178466797e-01 1.918794213956308179e-09 2.272777400000000000e+07 2.228407000000000000e+07 1.077422637939453125e+02 1.002564773559570312e+02 nan 2.265998400000000000e+07 8.627119572948861048e+01
2.471278905868530273e-01 1.670584529638290405e-01 1.917315352832477265e-09 2.313448800000000000e+07 2.270508000000000000e+07 1.049601440429687500e+02 9.766752624511718750e+01 nan 2.306888400000000000e+07 8.360564208265280683e+01
2.525123953819274902e-01 1.706983745098114014e-01 1.915869472055197894e-09 2.353857200000000000e+07 2.312196600000000000e+07 1.023021926879882812e+02 9.519413757324218750e+01 nan 2.347492200000000000e+07 8.107099364075124015e+01
2.578969001770019531e-01 1.743383109569549561e-01 1.914455150219987163e-09 2.390956200000000000e+07 2.349974000000000000e+07 9.962989044189453125e+01 9.270743560791015625e+01 nan 2.384695000000000000e+07 7.845803672567103604e+01
2.632813751697540283e-01 1.779782027006149292e-01 1.913071083197014340e-09 2.422769600000000000e+07 2.381608600000000000e+07 9.687071228027343750e+01 9.013996887207031250e+01 nan 2.416481000000000000e+07 7.566279640206673207e+01
2.686658799648284912e-01 1.816181391477584839e-01 1.911715991580206360e-09 2.449061400000000000e+07 2.406854400000000000e+07 9.403234100341796875e+01 8.749885559082031250e+01 nan 2.442613200000000000e+07 7.270639616416275430e+01
2.740503847599029541e-01 1.852580606937408447e-01 1.910388727493893778e-09 2.470933400000000000e+07 2.427029200000000000e+07 9.117250823974609375e+01 8.483779144287109375e+01 nan 2.464226000000000000e+07 6.968512411378996774e+01
2.794348895549774170e-01 1.888979822397232056e-01 1.909088184011114833e-09 2.490092200000000000e+07 2.444201800000000000e+07 8.836290740966796875e+01 8.222348022460937500e+01 nan 2.483081000000000000e+07 6.671176375839812067e+01
2.848193943500518799e-01 1.925379037857055664e-01 1.907813323590368924e-09 2.508551000000000000e+07 2.460791400000000000e+07 8.567532348632812500e+01 7.972270202636718750e+01 nan 2.501254600000000000e+07 6.389407617628537395e+01
2.902038991451263428e-01 1.961778402328491211e-01 1.906563162582237113e-09 2.528457200000000000e+07 2.479281000000000000e+07 8.317477416992187500e+01 7.739591979980468750e+01 nan 2.520944000000000000e+07 6.132534163796874793e+01
2.955884039402008057e-01 1.998177617788314819e-01 1.905336787226579552e-09 2.551454400000000000e+07 2.501507600000000000e+07 8.089965820312500000e+01 7.527888488769531250e+01 nan 2.543823600000000000e+07 5.905717088573987184e+01
3.009728789329528809e-01 2.034576684236526489e-01 1.904133323856378078e-09 2.577981400000000000e+07 2.527921400000000000e+07 7.884431457519531250e+01 7.336632537841796875e+01 nan 2.570333400000000000e+07 5.707715054808230803e+01
3.063573837280273438e-01 2.070975899696350098e-01 1.902951936232507350e-09 2.607266000000000000e+07 2.557595000000000000e+07 7.696632385253906250e+01 7.161876678466796875e+01 nan 2.599677200000000000e+07 5.532237738965396545e+01
3.117418885231018066e-01 2.107375115156173706e-01 1.901791846628511990e-09 2.637928400000000000e+07 2.588886200000000000e+07 7.521044158935546875e+01 6.998483276367187500e+01 nan 2.630435800000000000e+07 5.371443226012766559e+01
3.171263933181762695e-01 2.143774479627609253e-01 1.900652308391623192e-09 2.668474600000000000e+07 2.620005800000000000e+07 7.352492523193359375e+01 6.841638946533203125e+01 nan 2.661069400000000000e+07 5.218179677272198091e+01
3.225108981132507324e-01 2.180173695087432861e-01 1.899532626729035332e-09 2.697451000000000000e+07 2.649252600000000000e+07 7.186580657958984375e+01 6.687252807617187500e+01 nan 2.690087600000000000e+07 5.066500438772136761e+01
3.278954029083251953e-01 2.216572910547256470e-01 1.898432128189829179e-09 2.723689600000000000e+07 2.675313600000000000e+07 7.020240783691406250e+01 6.532469940185546875e+01 nan 2.716298800000000000e+07 4.912377959222521895e+01
3.332799077033996582e-01 2.252972126007080078e-01 1.897350177081271127e-09 2.746744000000000000e+07 2.697725600000000000e+07 6.852651214599609375e+01 6.376525878906250000e+01 nan 2.739255400000000000e+07 4.754927671834913383e+01
3.386643826961517334e-01 2.289371192455291748e-01 1.896286172945125672e-09 2.767091400000000000e+07 2.717069200000000000e+07 6.685382843017578125e+01 6.220880126953125000e+01 nan 2.759449200000000000e+07 4.596527232720059430e+01
3.440488874912261963e-01 2.325770407915115356e-01 1.895239531240720810e-09 2.785816600000000000e+07 2.734612000000000000e+07 6.521268463134765625e+01 6.068171310424804688e+01 nan 2.777993600000000000e+07 4.441157477081286231e+01
3.494333922863006592e-01 2.362169772386550903e-01 1.894209703480833635e-09 2.804091600000000000e+07 2.751734800000000000e+07 6.363005065917968750e+01 5.920906829833984375e+01 nan 2.796092600000000000e+07 4.292464218383852881e+01
3.548178970813751221e-01 2.398568987846374512e-01 1.893196174858241155e-09 2.822899600000000000e+07 2.769599800000000000e+07 6.212525939941406250e+01 5.780884933471679688e+01 nan 2.814756400000000000e+07 4.152956422251910595e+01
3.602024018764495850e-01 2.434968203306198120e-01 1.892198441798694543e-09 2.842977400000000000e+07 2.789052600000000000e+07 6.070968246459960938e+01 5.649161911010742188e+01 nan 2.834739000000000000e+07 4.024029649448041823e+01
3.655869066715240479e-01 2.471367418766021729e-01 1.891216027459402332e-09 2.864698400000000000e+07 2.810485000000000000e+07 5.938525772094726562e+01 5.525921249389648438e+01 nan 2.856415800000000000e+07 3.905840910902480090e+01
3.709714114665985107e-01 2.507766783237457275e-01 1.890248472221847833e-09 2.887896400000000000e+07 2.833666800000000000e+07 5.814233398437500000e+01 5.410263061523437500e+01 nan 2.879611200000000000e+07 3.797066275746285413e+01
3.763558864593505859e-01 2.544165849685668945e-01 1.889295352117686434e-09 2.911911000000000000e+07 2.857814800000000000e+07 5.696221923828125000e+01 5.300449752807617188e+01 nan 2.903646400000000000e+07 3.695279786150415191e+01
3.817403912544250488e-01 2.580564916133880615e-01 1.888356242191734645e-09 2.935909600000000000e+07 2.881951400000000000e+07 5.582477569580078125e+01 5.194607162475585938e+01 nan 2.927666000000000000e+07 3.597927523363509295e+01
3.871248960494995117e-01 2.616964280605316162e-01 1.887430735669950155e-09 2.959174400000000000e+07 2.905231800000000000e+07 5.471414947509765625e+01 5.091260528564453125e+01 nan 2.950933200000000000e+07 3.503049258038814173e+01
3.925094008445739746e-01 2.653363645076751709e-01 1.886518457772270655e-09 2.981182600000000000e+07 2.927051800000000000e+07 5.361975860595703125e+01 4.989424896240234375e+01 nan 2.972912600000000000e+07 3.409379618254445177e+01
3.978939056396484375e-01 2.689762711524963379e-01 1.885619049100158659e-09 3.001636400000000000e+07 2.947092600000000000e+07 5.253622436523437500e+01 4.888600158691406250e+01 nan 2.993303200000000000e+07 3.316314779521744072e+01
4.032784104347229004e-01 2.726162075996398926e-01 1.884732143174389957e-09 3.020595000000000000e+07 2.965450800000000000e+07 5.146496582031250000e+01 4.788917541503906250e+01 nan 3.012170000000000000e+07 3.224090041239912097e+01
4.086629152297973633e-01 2.762561440467834473e-01 1.883857409814700777e-09 3.038513800000000000e+07 2.982661600000000000e+07 5.041396331787109375e+01 4.691120529174804688e+01 nan 3.029980800000000000e+07 3.133733654182788797e+01
4.140473902225494385e-01 2.798960208892822266e-01 1.882994538868699288e-09 3.056013200000000000e+07 2.999442400000000000e+07 4.939304351806640625e+01 4.596123123168945312e+01 nan 3.047370600000000000e+07 3.046470157871188178e+01
4.194318950176239014e-01 2.835359573364257812e-01 1.882143190604211824e-09 3.073588600000000000e+07 3.016376600000000000e+07 4.840899658203125000e+01 4.504556274414062500e+01 nan 3.064848000000000000e+07 2.963106691533853265e+01
4.248163998126983643e-01 2.871758937835693359e-01 1.881303079826970542e-09 3.091550200000000000e+07 3.033835400000000000e+07 4.746496200561523438e+01 4.416712188720703125e+01 nan 3.082732600000000000e+07 2.883998227539908044e+01
4.302009046077728271e-01 2.908158004283905029e-01 1.880473925305205483e-09 3.110114400000000000e+07 3.052054800000000000e+07 4.656217575073242188e+01 4.332705307006835938e+01 nan 3.101244200000000000e+07 2.809270965873425396e+01
4.355854094028472900e-01 2.944557368755340576e-01 1.879655436356054805e-09 3.129350000000000000e+07 3.071083000000000000e+07 4.569940948486328125e+01 4.252423095703125000e+01 nan 3.120448000000000000e+07 2.738760179044766829e+01
4.409699141979217529e-01 2.980956733226776123e-01 1.878847353036435648e-09 3.149039600000000000e+07 3.090654400000000000e+07 4.487133789062500000e+01 4.175369262695312500e+01 nan 3.140119400000000000e+07 2.671826141570214119e+01
4.463544189929962158e-01 3.017355799674987793e-01 1.878049424887222573e-09 3.168756200000000000e+07 3.110277600000000000e+07 4.407011413574218750e+01 4.100813293457031250e+01 nan 3.159822000000000000e+07 2.607549962422502432e+01
4.517388939857482910e-01 3.053754866123199463e-01 1.877261397654174740e-09 3.188121800000000000e+07 3.129513800000000000e+07 4.328925323486328125e+01 4.028152084350585938e+01 nan 3.179167800000000000e+07 2.545186450366310638e+01
4.571233987808227539e-01 3.090154230594635010e-01 1.876483026309890802e-09 3.206930800000000000e+07 3.148114000000000000e+07 4.252515411376953125e+01 3.957051086425781250e+01 nan 3.197944800000000000e+07 2.484339179801109765e+01
4.625079035758972168e-01 3.126553297042846680e-01 1.875714093387305177e-09 3.225068200000000000e+07 3.165944600000000000e+07 4.177575683593750000e+01 3.887318038940429688e+01 nan 3.216035400000000000e+07 2.424791890431201580e+01
4.678924083709716797e-01 3.162952661514282227e-01 1.874954364165268396e-09 3.242464400000000000e+07 3.182945000000000000e+07 4.103980255126953125e+01 3.818836212158203125e+01 nan 3.233371400000000000e+07 2.366413516809830497e+01
4.732769131660461426e-01 3.199352025985717773e-01 1.874203630559428286e-09 3.259192800000000000e+07 3.199217400000000000e+07 4.031791687011718750e+01 3.751663589477539062e+01 nan 3.250029800000000000e+07 2.309288860326408965e+01
4.786614179611206055e-01 3.235751092433929443e-01 1.873461691551420399e-09 3.275517000000000000e+07 3.215066200000000000e+07 3.961301040649414062e+01 3.686070632934570312e+01 nan 3.266281400000000000e+07 2.253755280558922891e+01
4.840458929538726807e-01 3.272150158882141113e-01 1.872728340933758753e-09 3.291754600000000000e+07 3.230850200000000000e+07 3.892833328247070312e+01 3.622360229492187500e+01 nan 3.282449600000000000e+07 2.200176804417883503e+01
4.894303977489471436e-01 3.308549523353576660e-01 1.872003379495005729e-09 3.308095000000000000e+07 3.246789000000000000e+07 3.826532363891601562e+01 3.560666275024414062e+01 nan 3.298728600000000000e+07 2.148706546763495950e+01
4.948149025440216064e-01 3.344948589801788330e-01 1.871286632213937058e-09 3.324581000000000000e+07 3.262940000000000000e+07 3.762357711791992188e+01 3.500950241088867188e+01 nan 3.315163600000000000e+07 2.099294446662737101e+01
5.001994371414184570e-01 3.381348252296447754e-01 1.870577900826693527e-09 3.341221200000000000e+07 3.279310600000000000e+07 3.700227737426757812e+01 3.443136978149414062e+01 nan 3.331762600000000000e+07 2.051842694597242556e+01
5.055838823318481445e-01 3.417747020721435547e-01 1.869877039368293133e-09 3.358013600000000000e+07 3.295881200000000000e+07 3.640051269531250000e+01 3.387141036987304688e+01 nan 3.348521000000000000e+07 2.006253069349859075e+01
5.109683871269226074e-01 3.454146385192871094e-01 1.869183849789121820e-09 3.374878800000000000e+07 3.312548400000000000e+07 3.581657409667968750e+01 3.332804489135742188e+01 nan 3.365356000000000000e+07 1.962337545570385444e+01
5.163528919219970703e-01 3.490545451641082764e-01 1.868498185335105332e-09 3.391624000000000000e+07 3.329091800000000000e+07 3.524768829345703125e+01 3.279868316650390625e+01 nan 3.382070400000000000e+07 1.919798807968318144e+01
5.217373967170715332e-01 3.526944816112518311e-01 1.867819876059786520e-09 3.408060000000000000e+07 3.345301600000000000e+07 3.469134521484375000e+01 3.228099441528320312e+01 nan 3.398471600000000000e+07 1.878369407677688230e+01
5.271219015121459961e-01 3.563344180583953857e-01 1.867148773833358248e-09 3.424121600000000000e+07 3.361100000000000000e+07 3.414645004272460938e+01 3.177396011352539062e+01 nan 3.414492400000000000e+07 1.837940721433461988e+01
5.325064063072204590e-01 3.599743247032165527e-01 1.866484735032350672e-09 3.439842800000000000e+07 3.376520400000000000e+07 3.361299514770507812e+01 3.127756881713867188e+01 nan 3.430168400000000000e+07 1.798517152262610352e+01
5.378909111022949219e-01 3.636142611503601074e-01 1.865827604301946768e-09 3.455255600000000000e+07 3.391602000000000000e+07 3.309093856811523438e+01 3.079178237915039062e+01 nan 3.445530400000000000e+07 1.760097136469783052e+01
5.432754158973693848e-01 3.672541677951812744e-01 1.865177252290424566e-09 3.470374400000000000e+07 3.406376000000000000e+07 3.258008193969726562e+01 3.031642532348632812e+01 nan 3.460597200000000000e+07 1.722662071267518513e+01
5.486599206924438477e-01 3.708941042423248291e-01 1.864533532427482462e-09 3.485285200000000000e+07 3.420944000000000000e+07 3.208088684082031250e+01 2.985191726684570312e+01 nan 3.475455200000000000e+07 1.686260369972673701e+01
5.540444254875183105e-01 3.745340406894683838e-01 1.863896318172137942e-09 3.500136000000000000e+07 3.435469200000000000e+07 3.159432983398437500e+01 2.939916610717773438e+01 nan 3.490256400000000000e+07 1.650992698023744154e+01
5.594289302825927734e-01 3.781739473342895508e-01 1.863265486641235488e-09 3.515020800000000000e+07 3.450054000000000000e+07 3.112081909179687500e+01 2.895854949951171875e+01 nan 3.505095200000000000e+07 1.616900271436222170e+01
5.648134350776672363e-01 3.818138837814331055e-01 1.862640903204479876e-09 3.529921200000000000e+07 3.464682400000000000e+07 3.065971565246582031e+01 2.852948570251464844e+01 nan 3.519954000000000000e+07 1.583913623335901022e+01
5.701979398727416992e-01 3.854538202285766602e-01 1.862022452330667509e-09 3.544784000000000000e+07 3.479297200000000000e+07 3.021009826660156250e+01 2.811110496520996094e+01 nan 3.534778800000000000e+07 1.551939646368957604e+01
5.755824446678161621e-01 3.890937268733978271e-01 1.861410021730888845e-09 3.559602800000000000e+07 3.493883200000000000e+07 2.977151298522949219e+01 2.770299339294433594e+01 nan 3.549562000000000000e+07 1.520932419559369464e+01
5.809668898582458496e-01 3.927336037158966064e-01 1.860803497296447543e-09 3.574375600000000000e+07 3.508428800000000000e+07 2.934355354309082031e+01 2.730476760864257812e+01 nan 3.564299600000000000e+07 1.490850838470268336e+01
5.863513946533203125e-01 3.963735401630401611e-01 1.860202753428811389e-09 3.589034000000000000e+07 3.522855200000000000e+07 2.892529106140136719e+01 2.691556358337402344e+01 nan 3.578922800000000000e+07 1.461601240342466212e+01
5.917358994483947754e-01 4.000134766101837158e-01 1.859607692406273365e-09 3.603480000000000000e+07 3.537058000000000000e+07 2.851562309265136719e+01 2.653436088562011719e+01 nan 3.593332000000000000e+07 1.433075760853300018e+01
5.971204042434692383e-01 4.036533832550048828e-01 1.859018214291441706e-09 3.617692000000000000e+07 3.551012800000000000e+07 2.811411476135253906e+01 2.616074943542480469e+01 nan 3.607504400000000000e+07 1.405233620082224633e+01
6.025049090385437012e-01 4.072933197021484375e-01 1.858434207544148841e-09 3.631724000000000000e+07 3.564776000000000000e+07 2.772095298767089844e+01 2.579490470886230469e+01 nan 3.621495600000000000e+07 1.378093012513742721e+01
6.078894138336181641e-01 4.109332561492919922e-01 1.857855577876460681e-09 3.645613600000000000e+07 3.578388800000000000e+07 2.733616447448730469e+01 2.543685150146484375e+01 nan 3.635343200000000000e+07 1.351658334867627431e+01
6.132739186286926270e-01 4.145731627941131592e-01 1.857282233477322155e-09 3.659348800000000000e+07 3.591845600000000000e+07 2.695941352844238281e+01 2.508627700805664062e+01 nan 3.649035600000000000e+07 1.325896188726743041e+01
6.186584234237670898e-01 4.182130992412567139e-01 1.856714071034082293e-09 3.672942800000000000e+07 3.605165200000000000e+07 2.659055328369140625e+01 2.474304580688476562e+01 nan 3.662587600000000000e+07 1.300792254158200123e+01
6.240429282188415527e-01 4.218530058860778809e-01 1.856151008397507339e-09 3.686462400000000000e+07 3.618420400000000000e+07 2.622984504699707031e+01 2.440740013122558594e+01 nan 3.676067200000000000e+07 1.276371260944434560e+01
6.294274330139160156e-01 4.254929423332214355e-01 1.855592947277603754e-09 3.699965200000000000e+07 3.631670000000000000e+07 2.587742805480957031e+01 2.407946968078613281e+01 nan 3.689531200000000000e+07 1.252646180268671294e+01
6.556535363197326660e-01 4.432217776775360107e-01 1.852943630635520644e-09 3.764723200000000000e+07 3.695297200000000000e+07 2.426611328125000000e+01 2.258010864257812500e+01 nan 3.754116000000000000e+07 1.145757057806871693e+01
8.039034605026245117e-01 5.434387326240539551e-01 1.839770603253567837e-09 4.090660000000000000e+07 4.015239600000000000e+07 1.753888320922851562e+01 1.632028198242187500e+01 nan 4.079137200000000000e+07 7.286620046858838684e+00
9.932619333267211914e-01 6.714450716972351074e-01 1.826201010048688587e-09 4.435013200000000000e+07 4.353267200000000000e+07 1.245615673065185547e+01 1.159070396423339844e+01 nan 4.422524000000000000e+07 4.507486287560086957e+00
1.227223634719848633e+00 8.296031951904296875e-01 1.812731498599941669e-09 4.784798400000000000e+07 4.696626400000000000e+07 8.803053855895996094e+00 8.191418647766113281e+00 nan 4.771327200000000000e+07 2.761067317499259488e+00
1.516294717788696289e+00 1.025015234947204590e+00 1.799361337301671755e-09 5.139302000000000000e+07 5.044616000000000000e+07 6.193760395050048828e+00 5.763417720794677734e+00 nan 5.124836800000000000e+07 1.676344545299429889e+00
1.873456120491027832e+00 1.266456365585327148e+00 1.786089789356977996e-09 5.497810400000000000e+07 5.396534400000000000e+07 4.340307712554931641e+00 4.038742065429687500e+00 nan 5.482338400000000000e+07 1.009577526838837835e+00
2.314746379852294922e+00 1.564768552780151367e+00 1.772916133006574509e-09 5.859779600000000000e+07 5.751845600000000000e+07 3.030347347259521484e+00 2.819797992706298828e+00 nan 5.843290000000000000e+07 6.035704389491337585e-01
2.859982252120971680e+00 1.933347940444946289e+00 1.759839636962373426e-09 6.224720400000000000e+07 6.110070800000000000e+07 2.108683586120605469e+00 1.962170958518981934e+00 nan 6.207204000000000000e+07 3.584348927712437960e-01
3.533647537231445312e+00 2.388745784759521484e+00 1.746859588797865175e-09 6.592196000000000000e+07 6.470778400000000000e+07 1.462857723236083984e+00 1.361217260360717773e+00 nan 6.573646400000000000e+07 2.115611791822106791e-01
4.365993976593017578e+00 2.951411962509155273e+00 1.733975279535418463e-09 6.961833600000000000e+07 6.833599200000000000e+07 1.011989831924438477e+00 9.416754841804504395e-01 nan 6.942242400000000000e+07 1.241732867222978681e-01
5.394398689270019531e+00 3.646613597869873047e+00 1.721185999058096773e-09 7.333334400000000000e+07 7.198233600000000000e+07 6.982878446578979492e-01 6.497695446014404297e-01 nan 7.312693600000000000e+07 7.250853251417586909e-02
6.665042877197265625e+00 4.505568981170654297e+00 1.708491050912268841e-09 7.706376000000000000e+07 7.564356000000000000e+07 4.806885719299316406e-01 4.472889304161071777e-01 nan 7.684678400000000000e+07 4.213972297467898087e-02
8.234986305236816406e+00 5.566850662231445312e+00 1.695889732548296616e-09 8.080755200000000000e+07 7.931755200000000000e+07 3.301767110824584961e-01 3.072344958782196045e-01 nan 8.057992000000000000e+07 2.438374181849858879e-02
1.017472743988037109e+01 6.878115653991699219e+00 1.683381361073609185e-09 8.456226400000000000e+07 8.300166400000000000e+07 2.263352423906326294e-01 2.106078416109085083e-01 nan 8.432383200000000000e+07 1.405254083574726358e-02
1.257137203216552734e+01 8.498247146606445312e+00 1.670965250288532184e-09 8.832576800000000000e+07 8.669348800000000000e+07 1.548618376255035400e-01 1.441003680229187012e-01 nan 8.807640000000000000e+07 8.068294040682344806e-03
1.553254413604736328e+01 1.050000000000000000e+01 1.658640709094829109e-09 9.209616800000000000e+07 9.039057600000000000e+07 1.057744175195693970e-01 9.842346608638763428e-02 nan 9.183558400000000000e+07 4.616311131952008893e-03
