# k/h [h/Mpc]            k [1/Mpc]              Primoridal             T_cdm(k)                 T_bar(k)                 T_phot(k)                T_massless neutrions(k)  T_massive neutrinos(k)   T_total(k)               Linear Pk [(Mpc/h)^3]  
1.049045658874092624e-05 7.091548468451946974e-06 2.727206404909961128e-09 1.000000000000000000e+00 1.000000000000000000e+00 1.000000000000000000e+00 1.000000000000000000e+00 nan 1.000000000000000000e+00 2.161636117721099648e+00
1.158353370556142181e-05 7.830468348402064294e-06 2.717761705682844603e-09 9.999998807907104492e-01 9.999998807907104492e-01 9.999772906303405762e-01 9.999769330024719238e-01 nan 9.999998807907104492e-01 2.378606114215798151e+00
1.279050593439023942e-05 8.646382411825470626e-06 2.708349706436794825e-09 9.999995231628417969e-01 9.999995231628417969e-01 9.999498128890991211e-01 9.999489188194274902e-01 nan 9.999995231628417969e-01 2.617352741592846144e+00
1.412324218108551577e-05 9.547311492497101426e-06 2.698970312856197758e-09 9.999992847442626953e-01 9.999992847442626953e-01 9.999161958694458008e-01 9.999147653579711914e-01 nan 9.999992847442626953e-01 2.880063788498565813e+00
1.559484553581569344e-05 1.054211588780162856e-05 2.689623392481895528e-09 9.999989271163940430e-01 9.999989271163940430e-01 9.998751878738403320e-01 9.998729825019836426e-01 nan 9.999989271163940430e-01 3.169142711589012951e+00
1.721978514979127795e-05 1.164057448477251455e-05 2.680308856040028027e-09 9.999985098838806152e-01 9.999985098838806152e-01 9.998252391815185547e-01 9.998220801353454590e-01 nan 9.999985098838806152e-01 3.487236625354789066e+00
1.901403993542771786e-05 1.285349117097212002e-05 2.671026563908324178e-09 9.999980330467224121e-01 9.999979138374328613e-01 9.997642636299133301e-01 9.997601509094238281e-01 nan 9.999979138374328613e-01 3.837258523666013499e+00
2.099525045196060091e-05 1.419278942194068804e-05 2.661776424936157355e-09 9.999973177909851074e-01 9.999971985816955566e-01 9.996900558471679688e-01 9.996846318244934082e-01 nan 9.999973177909851074e-01 4.222410842955182986e+00
2.318289807590190321e-05 1.567163963045459241e-05 2.652558315858844083e-09 9.999964833259582520e-01 9.999963641166687012e-01 9.995995163917541504e-01 9.995924234390258789e-01 nan 9.999964833259582520e-01 4.646220592305954078e+00
2.559849235694855452e-05 1.730458097881637514e-05 2.643372135990062650e-09 9.999954700469970703e-01 9.999954700469970703e-01 9.994891285896301270e-01 9.994801282882690430e-01 nan 9.999954700469970703e-01 5.112565795473496877e+00
2.826578383974265307e-05 1.910767059598583728e-05 2.634217767634683471e-09 9.999942779541015625e-01 9.999941587448120117e-01 9.993544816970825195e-01 9.993431568145751953e-01 nan 9.999942779541015625e-01 5.625717620309313105e+00
3.121100235148333013e-05 2.109863817167934030e-05 2.625095097817206075e-09 9.999927878379821777e-01 9.999926686286926270e-01 9.991905093193054199e-01 9.991762042045593262e-01 nan 9.999927878379821777e-01 6.190370413250862569e+00
3.446310074650682509e-05 2.329705603187903762e-05 2.616004033478672110e-09 9.999909996986389160e-01 9.999908804893493652e-01 9.989905357360839844e-01 9.989726543426513672e-01 nan 9.999909996986389160e-01 6.811694266921092478e+00
3.805406231549568474e-05 2.572454650362487882e-05 2.606944439452153756e-09 9.999887943267822266e-01 9.999886751174926758e-01 9.987466931343078613e-01 9.987245798110961914e-01 nan 9.999887943267822266e-01 7.495373016049068582e+00
4.201919000479392707e-05 2.840497290890198201e-05 2.597916226597658093e-09 9.999862313270568848e-01 9.999859929084777832e-01 9.984495639801025391e-01 9.984220862388610840e-01 nan 9.999861121177673340e-01 8.247665393273511114e+00
4.639747567125596106e-05 3.136469240416772664e-05 2.588919279439887767e-09 9.999828338623046875e-01 9.999825954437255859e-01 9.980873465538024902e-01 9.980535507202148438e-01 nan 9.999828338623046875e-01 9.075449495838643799e+00
5.123196388012729585e-05 3.463280881987884641e-05 2.579953483847589841e-09 9.999789595603942871e-01 9.999786019325256348e-01 9.976458549499511719e-01 9.976042509078979492e-01 nan 9.999789595603942871e-01 9.986304029647941505e+00
5.657019573845900595e-05 3.824145096587017179e-05 2.571018745591721348e-09 9.999740719795227051e-01 9.999737143516540527e-01 9.971079230308532715e-01 9.970567822456359863e-01 nan 9.999740719795227051e-01 1.098855544361613035e+01
6.246465636650100350e-05 4.222610732540488243e-05 2.562114941593048984e-09 9.999682307243347168e-01 9.999677538871765137e-01 9.964523911476135254e-01 9.963896274566650391e-01 nan 9.999682307243347168e-01 1.209137179346062041e+01
6.897329876665025949e-05 4.662595165427774191e-05 2.553241977543412439e-09 9.999611377716064453e-01 9.999604225158691406e-01 9.956536293029785156e-01 9.955767989158630371e-01 nan 9.999610185623168945e-01 1.330483133892559167e+01
7.616012590005993843e-05 5.148424679646268487e-05 2.544399743325443185e-09 9.999523758888244629e-01 9.999516606330871582e-01 9.946805834770202637e-01 9.945865273475646973e-01 nan 9.999522566795349121e-01 1.464002415958147374e+01
8.409580186707898974e-05 5.684876305167563260e-05 2.535588130685252624e-09 9.999417066574096680e-01 9.999408125877380371e-01 9.934953451156616211e-01 9.933804273605346680e-01 nan 9.999414682388305664e-01 1.610914830524757591e+01
9.285835403716191649e-05 6.277224747464060783e-05 2.526807033334104165e-09 9.999286532402038574e-01 9.999276995658874512e-01 9.920521378517150879e-01 9.919118285179138184e-01 nan 9.999285340309143066e-01 1.772561170708298661e+01
1.025339443003758788e-04 6.931294774403795600e-05 2.518056339675267213e-09 9.999127388000488281e-01 9.999116063117980957e-01 9.902951717376708984e-01 9.901239275932312012e-01 nan 9.999126195907592773e-01 1.950417183565915735e+01
1.132176985265687108e-04 7.653516513528302312e-05 2.509335958204897443e-09 9.998934864997863770e-01 9.998919963836669922e-01 9.881567955017089844e-01 9.879480004310607910e-01 nan 9.998932480812072754e-01 2.146104134115330098e+01
1.250146742677316070e-04 8.450992027064785361e-05 2.500645773867358897e-09 9.998698830604553223e-01 9.998681545257568359e-01 9.855556488037109375e-01 9.853013157844543457e-01 nan 9.998696446418762207e-01 2.361404313471568273e+01
1.380408502882346511e-04 9.331561159342527390e-05 2.491985695624705562e-09 9.998412728309631348e-01 9.998390674591064453e-01 9.823927879333496094e-01 9.820832014083862305e-01 nan 9.998409152030944824e-01 2.598277308358580129e+01
1.524243270978331566e-04 1.030388448270969093e-04 2.483355596498544299e-09 9.998063445091247559e-01 9.998036623001098633e-01 9.785494804382324219e-01 9.781730175018310547e-01 nan 9.998059272766113281e-01 2.858874937183735199e+01
1.683065347606316209e-04 1.137752187787555158e-04 2.474755379885282393e-09 9.997637271881103516e-01 9.997604489326477051e-01 9.738827347755432129e-01 9.734251499176025391e-01 nan 9.997632503509521484e-01 3.145561501862887965e+01
1.858436153270304203e-04 1.256302784895524383e-04 2.466184957973141175e-09 9.997118711471557617e-01 9.997078180313110352e-01 9.682211279869079590e-01 9.676657915115356445e-01 nan 9.997112751007080078e-01 3.460932846952455577e+01
2.052080089924857020e-04 1.387206139042973518e-04 2.457644209414643305e-09 9.996486902236938477e-01 9.996438026428222656e-01 9.613602161407470703e-01 9.606869220733642578e-01 nan 9.996480345726013184e-01 3.807836644803139592e+01
2.265901130158454180e-04 1.531749148853123188e-04 2.449133045395065615e-09 9.995717406272888184e-01 9.995657801628112793e-01 9.530570507049560547e-01 9.522421360015869141e-01 nan 9.995707869529724121e-01 4.189396270098203701e+01
2.502001880202442408e-04 1.691353245405480266e-04 2.440651351248999153e-09 9.994781017303466797e-01 9.994708299636840820e-01 9.430252313613891602e-01 9.420404434204101562e-01 nan 9.994770288467407227e-01 4.609036158081251955e+01
2.762703516054898500e-04 1.867587561719119549e-04 2.432199034655000626e-09 9.993641972541809082e-01 9.993554353713989258e-01 9.309287071228027344e-01 9.297414422035217285e-01 nan 9.993628263473510742e-01 5.070504067346583810e+01
3.050569503102451563e-04 2.062184939859434962e-04 2.423775992290330563e-09 9.992256164550781250e-01 9.992149472236633301e-01 9.163786768913269043e-01 9.149507284164428711e-01 nan 9.992239475250244141e-01 5.577899431537284869e+01
3.368430479895323515e-04 2.277058956678956747e-04 2.415382114947829304e-09 9.990571737289428711e-01 9.990442395210266113e-01 8.989297747611999512e-01 8.972179889678955078e-01 nan 9.990550875663757324e-01 6.135702925037654865e+01
3.719411906786262989e-04 2.514322404749691486e-04 2.407017301830847028e-09 9.988523125648498535e-01 9.988368153572082520e-01 8.780815005302429199e-01 8.760371208190917969e-01 nan 9.988501071929931641e-01 6.748795502570403926e+01
4.106964333914220333e-04 2.776307810563594103e-04 2.398681465071051552e-09 9.986039400100708008e-01 9.985851049423217773e-01 8.532835245132446289e-01 8.508532047271728516e-01 nan 9.986010193824768066e-01 7.422500567644034675e+01
4.534898616839200258e-04 3.065591445192694664e-04 2.390374494355455649e-09 9.983026385307312012e-01 9.982799887657165527e-01 8.239507079124450684e-01 8.210777044296264648e-01 nan 9.982991218566894531e-01 8.162592819464549621e+01
5.007422878406941891e-04 3.385017917025834322e-04 2.382096284987275655e-09 9.979374408721923828e-01 9.979103207588195801e-01 7.894887328147888184e-01 7.861157655715942383e-01 nan 9.979333281517028809e-01 8.975328922798880171e+01
5.529182380996644497e-04 3.737727238330990076e-04 2.373846756225058361e-09 9.974956512451171875e-01 9.974632859230041504e-01 7.493389844894409180e-01 7.454119920730590820e-01 nan 9.974907040596008301e-01 9.867469175468934850e+01
6.105307838879525661e-04 4.127188003621995449e-04 2.365625794166928840e-09 9.969620108604431152e-01 9.969235062599182129e-01 7.030441761016845703e-01 6.985186934471130371e-01 nan 9.969560503959655762e-01 1.084628512638706894e+02
6.741464603692293167e-04 4.557229985948652029e-04 2.357433293568910220e-09 9.963186383247375488e-01 9.962729811668395996e-01 6.503432989120483398e-01 6.451928019523620605e-01 nan 9.963116645812988281e-01 1.191956342492120200e+02
7.443906506523489952e-04 5.032080807723104954e-04 2.349269171114912410e-09 9.955448508262634277e-01 9.954909682273864746e-01 5.912978053092956543e-01 5.855243206024169922e-01 nan 9.955365061759948730e-01 1.309560378170313868e+02
8.219541050493717194e-04 5.556409596465528011e-04 2.341133324843220307e-09 9.946163892745971680e-01 9.945535659790039062e-01 5.264463424682617188e-01 5.200929045677185059e-01 nan 9.946066737174987793e-01 1.438318678877613479e+02
9.075994603335857391e-04 6.135372095741331577e-04 2.333025652639057309e-09 9.935059547424316406e-01 9.934331774711608887e-01 4.569750428199768066e-01 4.501379132270812988e-01 nan 9.934948682785034180e-01 1.579155354758653971e+02
1.002168864943087101e-03 6.774661596864461899e-04 2.324946049885245546e-09 9.921830296516418457e-01 9.920994043350219727e-01 3.848713934421539307e-01 3.777082562446594238e-01 nan 9.921702742576599121e-01 1.733035809022564706e+02
1.106592128053307533e-03 7.480562780983746052e-04 2.316894434325377400e-09 9.906132817268371582e-01 9.905182123184204102e-01 3.130015134811401367e-01 3.057299852371215820e-01 nan 9.905986785888671875e-01 1.900956916306106450e+02
1.221895916387438774e-03 8.260016329586505890e-04 2.308870708568745277e-09 9.887593984603881836e-01 9.886526465415954590e-01 2.450208365917205811e-01 2.379001080989837646e-01 nan 9.887431859970092773e-01 2.083940253238817775e+02
1.349214115180075169e-03 9.120687609538435936e-04 2.300874762407135126e-09 9.865818023681640625e-01 9.864630103111267090e-01 1.850080639123916626e-01 1.782962083816528320e-01 nan 9.865636825561523438e-01 2.283022816340833856e+02
1.489798538386821747e-03 1.007103826850652695e-03 2.292906509188567727e-09 9.840381741523742676e-01 9.839075207710266113e-01 1.367300003767013550e-01 1.306169778108596802e-01 nan 9.840182065963745117e-01 2.499240000384293978e+02
1.645031501539051533e-03 1.112041296437382698e-03 2.284965850418265676e-09 9.810848832130432129e-01 9.809423089027404785e-01 1.025544703006744385e-01 9.708540141582489014e-02 nan 9.810631871223449707e-01 2.733614475977097982e+02
1.816439209505915642e-03 1.227912958711385727e-03 2.277052691606405739e-09 9.776768088340759277e-01 9.775214195251464844e-01 8.226574212312698364e-02 7.729247212409973145e-02 nan 9.776530861854553223e-01 2.987134405838353359e+02
2.005707239732146263e-03 1.355858054012060165e-03 2.269166941709029953e-09 9.737670421600341797e-01 9.735967516899108887e-01 7.238351553678512573e-02 6.760238856077194214e-02 nan 9.737409949302673340e-01 3.260726059641004895e+02
2.214696491137146950e-03 1.497134799137711525e-03 2.261308494449764354e-09 9.693060517311096191e-01 9.691172242164611816e-01 6.683688610792160034e-02 6.195487454533576965e-02 nan 9.692772030830383301e-01 3.555216673834244148e+02
2.445461694151163101e-03 1.653132145293056965e-03 2.253477264686429142e-09 9.642408490180969238e-01 9.640275239944458008e-01 5.953964963555335999e-02 5.452168732881546021e-02 nan 9.642083048820495605e-01 3.871286216173573962e+02
2.700272016227245331e-03 1.825383864343166351e-03 2.245673160886940457e-09 9.585139751434326172e-01 9.582684636116027832e-01 4.805693402886390686e-02 4.325535893440246582e-02 nan 9.584764838218688965e-01 4.209409279080767305e+02
2.981632947921752930e-03 2.015583915635943413e-03 2.237896076485985185e-09 9.520629644393920898e-01 9.517771601676940918e-01 3.549322485923767090e-02 3.140478581190109253e-02 nan 9.520193338394165039e-01 4.569783176335807298e+02
3.292310982942581177e-03 2.225602278485894203e-03 2.230145925871712440e-09 9.448224306106567383e-01 9.444887042045593262e-01 2.733187191188335419e-02 2.404604852199554443e-02 nan 9.447714686393737793e-01 4.952274555757990697e+02
3.635360859334468842e-03 2.457503927871584892e-03 2.222422616889744185e-09 9.367251992225646973e-01 9.363353252410888672e-01 2.456310018897056580e-02 2.136201970279216766e-02 nan 9.366655349731445312e-01 5.356347528819617310e+02
4.014155361801385880e-03 2.713568974286317825e-03 2.214726058195065524e-09 9.277026057243347168e-01 9.272462725639343262e-01 2.183938957750797272e-02 1.735375262796878815e-02 nan 9.276328682899475098e-01 5.780985685404226615e+02
4.432419314980506897e-03 2.996315481141209602e-03 2.207056148657132701e-09 9.176847934722900391e-01 9.171473979949951172e-01 1.618577539920806885e-02 1.408085692673921585e-02 nan 9.176027178764343262e-01 6.224600485989877825e+02
4.894265439361333847e-03 3.308523446321487427e-03 2.199412800139309644e-09 9.066002368927001953e-01 9.059634804725646973e-01 1.233763154596090317e-02 1.141015626490116119e-02 nan 9.065029621124267578e-01 6.684918445038811115e+02
5.404234398156404495e-03 3.653262509033083916e-03 2.191795924301313793e-09 8.943770527839660645e-01 8.936214447021484375e-01 1.131032686680555344e-02 9.232578799128532410e-03 nan 8.942616581916809082e-01 7.158891451313745620e+02
5.967340432107448578e-03 4.033922217786312103e-03 2.184205430909534259e-09 8.809434175491333008e-01 8.800464868545532227e-01 8.367249742150306702e-03 7.458880078047513962e-03 nan 8.808064460754394531e-01 7.642589470323476917e+02
6.589121185243129730e-03 4.454245790839195251e-03 2.176641221197925960e-09 8.662274479866027832e-01 8.651605844497680664e-01 6.899879779666662216e-03 6.015496328473091125e-03 nan 8.660644292831420898e-01 8.131082763871044108e+02
7.275689393281936646e-03 4.918366204947233200e-03 2.169103203027300791e-09 8.501576185226440430e-01 8.488876223564147949e-01 5.966819357126951218e-03 4.842218011617660522e-03 nan 8.499635457992553711e-01 8.618336228279888473e+02
8.033796213567256927e-03 5.430846009403467178e-03 2.161591299930936394e-09 8.326628804206848145e-01 8.311519622802734375e-01 4.154546186327934265e-03 3.889689687639474869e-03 nan 8.324320912361145020e-01 9.097100421098475636e+02
8.870895951986312866e-03 5.996725521981716156e-03 2.154105401952956366e-09 8.136724233627319336e-01 8.118752837181091309e-01 3.725602291524410248e-03 3.117353422567248344e-03 nan 8.133978843688964844e-01 9.558808661215541633e+02
9.795218706130981445e-03 6.621567998081445694e-03 2.146645430474833453e-09 7.931171059608459473e-01 7.909829616546630859e-01 3.004736965522170067e-03 2.492049010470509529e-03 nan 7.927911281585693359e-01 9.993538820920758781e+02
1.081585418432950974e-02 7.311517372727394104e-03 2.139211293795359687e-09 7.709289789199829102e-01 7.683992385864257812e-01 1.965455245226621628e-03 1.986588118597865105e-03 nan 7.705424427986145020e-01 1.038994827834718990e+03
1.194283645600080490e-02 8.073357865214347839e-03 2.131802900090153706e-09 7.470425963401794434e-01 7.440525889396667480e-01 1.849884749390184879e-03 1.578703173436224461e-03 nan 7.465857863426208496e-01 1.073533078838825531e+03
1.318724639713764191e-02 8.914578706026077271e-03 2.124420174276236449e-09 7.213994860649108887e-01 7.178783416748046875e-01 1.417453051544725895e-03 1.250204630196094513e-03 nan 7.208615541458129883e-01 1.101580855394897299e+03
1.456132158637046814e-02 9.843453764915466309e-03 2.117063005254935590e-09 6.939517259597778320e-01 6.898242235183715820e-01 1.101513626053929329e-03 9.862115839496254921e-04 nan 6.933210492134094238e-01 1.121665313654126749e+03
1.607857085764408112e-02 1.086911372840404510e-02 2.109731324472420402e-09 6.646706461906433105e-01 6.598609685897827148e-01 9.320192039012908936e-04 7.745796465314924717e-04 nan 6.639358401298522949e-01 1.132290206467206190e+03
1.775391399860382080e-02 1.200164575129747391e-02 2.102425026951150955e-09 6.335591673851013184e-01 6.279951333999633789e-01 7.221015403047204018e-04 6.054059485904872417e-04 nan 6.327090859413146973e-01 1.132033320475816936e+03
1.960382424294948578e-02 1.325218472629785538e-02 2.095144031049849183e-09 6.006690859794616699e-01 5.942904353141784668e-01 5.076002562418580055e-04 4.706234030891209841e-04 nan 5.996945500373840332e-01 1.119683899269452240e+03
2.164648845791816711e-02 1.463302597403526306e-02 2.087888252770266929e-09 5.661246776580810547e-01 5.588934421539306641e-01 3.625290992204099894e-04 3.636687761172652245e-04 nan 5.650199055671691895e-01 1.094432587135823496e+03
2.390199340879917145e-02 1.615774817764759064e-02 2.080657597354892904e-09 5.301516652107238770e-01 5.220662951469421387e-01 3.073420084547251463e-04 2.792069863062351942e-04 nan 5.289164185523986816e-01 1.056100358887930497e+03
2.639251388609409332e-02 1.784133911132812500e-02 2.073451995948668221e-09 4.931097626686096191e-01 4.842218458652496338e-01 2.418577496428042650e-04 2.129025961039587855e-04 nan 4.917518794536590576e-01 1.005384352725426652e+03
2.914254181087017059e-02 1.970035769045352936e-02 2.066271340052806293e-09 4.555222690105438232e-01 4.459554851055145264e-01 1.665638992562890053e-04 1.612292689969763160e-04 nan 4.540606737136840820e-01 9.440699786017042925e+02
3.217911347746849060e-02 2.175308018922805786e-02 2.059115554147728899e-09 4.180933833122253418e-01 4.080601632595062256e-01 1.448543189326301217e-04 1.213119030580855906e-04 nan 4.165605306625366211e-01 8.751279830963173936e+02
3.553209081292152405e-02 2.401969395577907562e-02 2.051984539888671147e-09 3.816942572593688965e-01 3.715054690837860107e-01 9.922524623107165098e-05 9.079540905077010393e-05 nan 3.801376223564147949e-01 8.025946851537574958e+02
3.923443704843521118e-02 2.652247995138168335e-02 2.044878229365854235e-09 3.472980260848999023e-01 3.373560607433319092e-01 7.599248056067153811e-05 6.773670611437410116e-05 nan 3.457790911197662354e-01 7.311553771554878267e+02
4.332255572080612183e-02 2.928604744374752045e-02 2.037796533657790378e-09 3.158398568630218506e-01 3.066050112247467041e-01 5.781754953204654157e-05 5.051931293564848602e-05 nan 3.144289851188659668e-01 6.653940437855812888e+02
4.765481501817703247e-02 3.221465647220611572e-02 2.031010053452367756e-09 2.889162600040435791e-01 2.807849347591400146e-01 4.172397166257724166e-05 3.819985431618988514e-05 nan 2.876739799976348877e-01 6.104259774111141041e+02
5.198707059025764465e-02 3.514325991272926331e-02 2.024834231214258902e-09 2.675755321979522705e-01 2.607289850711822510e-01 3.248430584790185094e-05 2.974042217829264700e-05 nan 2.665295302867889404e-01 5.694397957216930308e+02
5.631932616233825684e-02 3.807186335325241089e-02 2.019169610001785353e-09 2.501140236854553223e-01 2.445459663867950439e-01 2.588722054497338831e-05 2.370042420807294548e-05 nan 2.492633461952209473e-01 5.374975601876575411e+02
6.065158173441886902e-02 4.100047051906585693e-02 2.013939112582009273e-09 2.353336513042449951e-01 2.308804392814636230e-01 2.101384052366483957e-05 1.923859963426366448e-05 nan 2.346532940864562988e-01 5.111245304162595176e+02
6.498383730649948120e-02 4.392907395958900452e-02 2.009081821590703985e-09 2.221105247735977173e-01 2.185015082359313965e-01 1.728452116367407143e-05 1.582426011736970395e-05 nan 2.215591371059417725e-01 4.866440506079869692e+02
6.931609660387039185e-02 4.685768112540245056e-02 2.004548729015451583e-09 2.096191644668579102e-01 2.065359354019165039e-01 1.434073510608868673e-05 1.312914992013247684e-05 nan 2.091481387615203857e-01 4.612993789426487297e+02
7.364834845066070557e-02 4.978628456592559814e-02 2.000299865353250301e-09 1.973730772733688354e-01 1.945072710514068604e-01 1.196138236991828308e-05 1.095082461688434705e-05 nan 1.969352513551712036e-01 4.336148333818927654e+02
7.798060774803161621e-02 5.271489173173904419e-02 1.996302173696350216e-09 1.852383166551589966e-01 1.823392957448959351e-01 1.001134205580456182e-05 9.165560186374932528e-06 nan 1.847954243421554565e-01 4.035940081468750122e+02
8.231285959482192993e-02 5.564349144697189331e-02 1.992528044667567094e-09 1.733439713716506958e-01 1.702494621276855469e-01 8.405156222579535097e-06 7.695105523453094065e-06 nan 1.728712022304534912e-01 3.723572367533918737e+02
8.664511889219284058e-02 5.857209861278533936e-02 1.988954134422163219e-09 1.619504839181900024e-01 1.585979759693145752e-01 7.083664968376979232e-06 6.485287940449779853e-06 nan 1.614383012056350708e-01 3.415100690504465888e+02
9.097737073898315430e-02 6.150070205330848694e-02 1.985560585482697045e-09 1.513319760560989380e-01 1.477508842945098877e-01 6.000841949571622536e-06 5.493963726621586829e-06 nan 1.507848650217056274e-01 3.125705680623894978e+02
9.636187553405761719e-02 6.514062732458114624e-02 1.981568674123380254e-09 1.395867913961410522e-01 1.358653008937835693e-01 4.931346211378695443e-06 4.514828560786554590e-06 nan 1.390182524919509888e-01 2.811080111412122733e+02
1.017463728785514832e-01 6.878054887056350708e-02 1.977801256732118934e-09 1.297715306282043457e-01 1.261287927627563477e-01 4.111243924853624776e-06 3.764001803574501537e-06 nan 1.292150020599365234e-01 2.560534651849789043e+02
1.071308776736259460e-01 7.242047041654586792e-02 1.974234781265857972e-09 1.219365075230598450e-01 1.185837164521217346e-01 3.484826947897090577e-06 3.190486495441291481e-06 nan 1.214242726564407349e-01 2.376025586678868535e+02
1.125153750181198120e-01 7.606039196252822876e-02 1.970849203820953451e-09 1.157506406307220459e-01 1.128313317894935608e-01 3.000163360411534086e-06 2.746745622062007897e-06 nan 1.153046265244483948e-01 2.244823874618332411e+02
1.178998723626136780e-01 7.970031350851058960e-02 1.967627323526894450e-09 1.106566786766052246e-01 1.082156449556350708e-01 2.613532615214353427e-06 2.392757778579834849e-06 nan 1.102837473154067993e-01 2.146256563355616436e+02
1.232843771576881409e-01 8.334024250507354736e-02 1.964554264128985100e-09 1.061016246676445007e-01 1.040859669446945190e-01 2.293009856657590717e-06 2.099299081237404607e-06 nan 1.057936772704124451e-01 2.060090492013964933e+02
1.286688745021820068e-01 8.698015660047531128e-02 1.961617102724775952e-09 1.016556844115257263e-01 9.994196891784667969e-02 2.017619408434256911e-06 1.847166572588321287e-06 nan 1.013938710093498230e-01 1.970703369575786610e+02
1.340533792972564697e-01 9.062008559703826904e-02 1.958804483640675406e-09 9.705320000648498535e-02 9.548886865377426147e-02 1.774846850821631961e-06 1.624902665753324982e-06 nan 9.681420773267745972e-02 1.868782393283424312e+02
1.394378840923309326e-01 9.426000714302062988e-02 1.956106446915437174e-09 9.222398698329925537e-02 9.066978096961975098e-02 1.558595499773218762e-06 1.426923745384556241e-06 nan 9.198652952909469604e-02 1.752795537762265496e+02
1.448223739862442017e-01 9.789992123842239380e-02 1.953514161287429418e-09 8.727671205997467041e-02 8.563875406980514526e-02 1.366901301480538677e-06 1.251429011972504668e-06 nan 8.702646195888519287e-02 1.628242778860934266e+02
1.502068787813186646e-01 1.015398502349853516e-01 1.951019758654691563e-09 8.242043107748031616e-02 8.066531270742416382e-02 1.199445364363782573e-06 1.098124812415335327e-06 nan 8.215227723121643066e-02 1.504150882048251390e+02
1.555913835763931274e-01 1.051797717809677124e-01 1.948616241255242070e-09 7.788645476102828979e-02 7.603839784860610962e-02 1.055939947036677040e-06 9.667459153206436895e-07 nan 7.760412245988845825e-02 1.389651666090520052e+02
1.609758734703063965e-01 1.088196933269500732e-01 1.946297314463125787e-09 7.387258112430572510e-02 7.199623435735702515e-02 9.353822747470985632e-07 8.563741289435711224e-07 nan 7.358592003583908081e-02 1.291833936946104870e+02
1.663603782653808594e-01 1.124596148729324341e-01 1.944057316713681798e-09 7.048350572586059570e-02 6.865934282541275024e-02 8.355678460247872863e-07 7.649909434803703334e-07 nan 7.020481675863265991e-02 1.213959296097676912e+02
1.717448830604553223e-01 1.160995438694953918e-01 1.941891129256332855e-09 6.769160181283950806e-02 6.599120795726776123e-02 7.530405241595872212e-07 6.894330226714373566e-07 nan 6.743182986974716187e-02 1.154645027158135377e+02
1.771293878555297852e-01 1.197394654154777527e-01 1.939794125595426991e-09 6.536307930946350098e-02 6.383094936609268188e-02 6.837951787019846961e-07 6.260344775910198223e-07 nan 6.512900441884994507e-02 1.109127340019471717e+02
1.825138777494430542e-01 1.233793795108795166e-01 1.937762091126241291e-09 6.332328170537948608e-02 6.196884065866470337e-02 6.241605774448544253e-07 5.714349526897422038e-07 nan 6.311635673046112061e-02 1.071502872118892498e+02
1.878983825445175171e-01 1.270193010568618774e-01 1.935791175107242678e-09 6.140260025858879089e-02 6.020246073603630066e-02 5.712148549719131552e-07 5.229600787970412057e-07 nan 6.121924892067909241e-02 1.036156260630317547e+02
1.932828873395919800e-01 1.306592375040054321e-01 1.933877861004656685e-09 5.946143716573715210e-02 5.836976692080497742e-02 5.228691293268639129e-07 4.786975296156015247e-07 nan 5.929465591907501221e-02 9.985353149586596544e+01
1.986673772335052490e-01 1.342991441488265991e-01 1.932018951816384183e-09 5.741935968399047852e-02 5.638235434889793396e-02 4.779366236107307486e-07 4.375607431938988157e-07 nan 5.726093053817749023e-02 9.561473809358312792e+01
2.040518820285797119e-01 1.379390656948089600e-01 1.930211465507478933e-09 5.527385696768760681e-02 5.424396321177482605e-02 4.360746856946207117e-07 3.992359154381119879e-07 nan 5.511651188135147095e-02 9.091911357013098893e+01
2.094363868236541748e-01 1.415790021419525146e-01 1.928452677645768952e-09 5.308374762535095215e-02 5.203006416559219360e-02 3.974571143317007227e-07 3.638815258000249742e-07 nan 5.292276665568351746e-02 8.599129192427284352e+01
2.148208767175674438e-01 1.452189087867736816e-01 1.926740094380007882e-09 5.093396082520484924e-02 4.984672367572784424e-02 3.623915461048454745e-07 3.317791481549647870e-07 nan 5.076785385608673096e-02 8.113060363743598202e+01
2.202053815126419067e-01 1.488588303327560425e-01 1.925071368159055733e-09 4.890949279069900513e-02 4.779851436614990234e-02 3.311017167106911074e-07 3.031331914371548919e-07 nan 4.873976111412048340e-02 7.661808515338387338e+01
2.255898863077163696e-01 1.524987667798995972e-01 1.923444343781293656e-09 4.707729443907737732e-02 4.596582055091857910e-02 3.036210216578183463e-07 2.779742658276518341e-07 nan 4.690749198198318481e-02 7.265950357700799600e+01
2.309743911027908325e-01 1.561386883258819580e-01 1.921857033120720865e-09 4.546844959259033203e-02 4.438469558954238892e-02 2.797218883188179461e-07 2.560939265094930306e-07 nan 4.530287533998489380e-02 6.933864731103948031e+01
2.363588809967041016e-01 1.597786098718643188e-01 1.920307567935778733e-09 4.407173767685890198e-02 4.304054006934165955e-02 2.589363248262088746e-07 2.370638298998528626e-07 nan 4.391419515013694763e-02 6.660905368230436352e+01
2.417433857917785645e-01 1.634185314178466797e-01 1.918794213956308179e-09 4.284509643912315369e-02 4.188184067606925964e-02 2.406777070973475929e-07 2.203471325401551439e-07 nan 4.269792884588241577e-02 6.433620464211661272e+01
2.471278905868530273e-01 1.670584529638290405e-01 1.917315352832477265e-09 4.173113405704498291e-02 4.083906486630439758e-02 2.243579473315548967e-07 2.054054988320785924e-07 nan 4.159484431147575378e-02 6.234561007748842343e+01
2.525123953819274902e-01 1.706983745098114014e-01 1.915869472055197894e-09 4.066771641373634338e-02 3.983876109123229980e-02 2.094504765182136907e-07 1.917570102705212776e-07 nan 4.054107144474983215e-02 6.045306735366948914e+01
2.578969001770019531e-01 1.743383109569549561e-01 1.914455150219987163e-09 3.960123658180236816e-02 3.881948068737983704e-02 1.955509247864029021e-07 1.790314314575880417e-07 nan 3.948180004954338074e-02 5.850311907864080752e+01
2.632813751697540283e-01 1.779782027006149292e-01 1.913071083197014340e-09 3.850345686078071594e-02 3.775009512901306152e-02 1.824378585979502532e-07 1.670260729724759585e-07 nan 3.838836029171943665e-02 5.641841644792669541e+01
2.686658799648284912e-01 1.816181391477584839e-01 1.911715991580206360e-09 3.737704455852508545e-02 3.663521632552146912e-02 1.700647942470823182e-07 1.556983448836035677e-07 nan 3.726371005177497864e-02 5.421456084509644313e+01
2.740503847599029541e-01 1.852580606937408447e-01 1.910388727493893778e-09 3.624397888779640198e-02 3.550235927104949951e-02 1.584763253958954010e-07 1.450890323440034990e-07 nan 3.613067790865898132e-02 5.196298452996411754e+01
2.794348895549774170e-01 1.888979822397232056e-01 1.909088184011114833e-09 3.513148427009582520e-02 3.438591584563255310e-02 1.477301196928237914e-07 1.352507865703955758e-07 nan 3.501757234334945679e-02 4.974733411140672956e+01
2.848193943500518799e-01 1.925379037857055664e-01 1.907813323590368924e-09 3.406688198447227478e-02 3.331999108195304871e-02 1.378719929334693006e-07 1.262255864276085049e-07 nan 3.395277261734008789e-02 4.764753235216343086e+01
2.902038991451263428e-01 1.961778402328491211e-01 1.906563162582237113e-09 3.307514265179634094e-02 3.233437612652778625e-02 1.289270130655495450e-07 1.180363042863064038e-07 nan 3.296196833252906799e-02 4.573282797429880731e+01
2.955884039402008057e-01 1.998177617788314819e-01 1.905336787226579552e-09 3.217117488384246826e-02 3.144595399498939514e-02 1.208733664270766894e-07 1.106629810010417714e-07 nan 3.206037729978561401e-02 4.404161071383436621e+01
3.009728789329528809e-01 2.034576684236526489e-01 1.904133323856378078e-09 3.135288134217262268e-02 3.065176680684089661e-02 1.136251981392888410e-07 1.040270376506668981e-07 nan 3.124576620757579803e-02 4.256472381844071862e+01
3.063573837280273438e-01 2.070975899696350098e-01 1.902951936232507350e-09 3.060393594205379486e-02 2.993250638246536255e-02 1.070541912895350833e-07 9.801100020467856666e-08 nan 3.050135821104049683e-02 4.125541166285541550e+01
3.117418885231018066e-01 2.107375115156173706e-01 1.901791846628511990e-09 2.990313805639743805e-02 2.926290407776832581e-02 1.010294994330251939e-07 9.249514221210120013e-08 nan 2.980532310903072357e-02 4.005547253842741640e+01
3.171263933181762695e-01 2.143774479627609253e-01 1.900652308391623192e-09 2.923061698675155640e-02 2.861917205154895782e-02 9.544007184558722656e-08 8.737780632372960099e-08 nan 2.913720160722732544e-02 3.891178997224269409e+01
3.225108981132507324e-01 2.180173695087432861e-01 1.899532626729035332e-09 2.856942452490329742e-02 2.798152901232242584e-02 9.019758806516620098e-08 8.257812567080691224e-08 nan 2.847960777580738068e-02 3.778020671873186132e+01
3.278954029083251953e-01 2.216572910547256470e-01 1.898432128189829179e-09 2.790760993957519531e-02 2.733676880598068237e-02 8.523988981323782355e-08 7.803921420190818026e-08 nan 2.782039530575275421e-02 3.663075662790823372e+01
3.332799077033996582e-01 2.252972126007080078e-01 1.897350177081271127e-09 2.724184095859527588e-02 2.668196707963943481e-02 8.053817168729437981e-08 7.373469657068199012e-08 nan 2.715630456805229187e-02 3.545681194910695666e+01
3.386643826961517334e-01 2.289371192455291748e-01 1.896286172945125672e-09 2.657806314527988434e-02 2.602475136518478394e-02 7.609361318827723153e-08 6.966563148580462439e-08 nan 2.649353072047233582e-02 3.427600831325602115e+01
3.440488874912261963e-01 2.325770407915115356e-01 1.895239531240720810e-09 2.592710964381694794e-02 2.537831477820873260e-02 7.192042517090158071e-08 6.584501477391313529e-08 nan 2.584326639771461487e-02 3.311788876839995055e+01
3.494333922863006592e-01 2.362169772386550903e-01 1.894209703480833635e-09 2.529928274452686310e-02 2.475529722869396210e-02 6.802890339940859121e-08 6.228226112625634414e-08 nan 2.521617151796817780e-02 3.200951251559853006e+01
3.548178970813751221e-01 2.398568987846374512e-01 1.893196174858241155e-09 2.470195293426513672e-02 2.416485361754894257e-02 6.441943867230293108e-08 5.897772226148845220e-08 nan 2.461989596486091614e-02 3.096947943244090240e+01
3.602024018764495850e-01 2.434968203306198120e-01 1.892198441798694543e-09 2.413948811590671539e-02 2.361220680177211761e-02 6.108357553102905513e-08 5.592366036921703198e-08 nan 2.405893243849277496e-02 3.000817601633362131e+01
3.655869066715240479e-01 2.471367418766021729e-01 1.891216027459402332e-09 2.361266687512397766e-02 2.309806272387504578e-02 5.800389146770612570e-08 5.310412021231059043e-08 nan 2.353404648602008820e-02 2.912674972713848831e+01
3.709714114665985107e-01 2.507766783237457275e-01 1.890248472221847833e-09 2.311780676245689392e-02 2.261787839233875275e-02 5.515330059324696776e-08 5.049431095471845765e-08 nan 2.304142713546752930e-02 2.831540429760634936e+01
3.763558864593505859e-01 2.544165849685668945e-01 1.889295352117686434e-09 2.264772541821002960e-02 2.216318808495998383e-02 5.249884793556702789e-08 4.806406650459393859e-08 nan 2.257370017468929291e-02 2.755611269042933387e+01
3.817403912544250488e-01 2.580564916133880615e-01 1.888356242191734645e-09 2.219465374946594238e-02 2.172489278018474579e-02 5.000937264298954688e-08 4.578486922923730162e-08 nan 2.212288416922092438e-02 2.682989457334676686e+01
3.871248960494995117e-01 2.616964280605316162e-01 1.887430735669950155e-09 2.175247855484485626e-02 2.129582688212394714e-02 4.766047112525484408e-08 4.363437255960889161e-08 nan 2.168271131813526154e-02 2.612220068813672214e+01
3.925094008445739746e-01 2.653363645076751709e-01 1.886518457772270655e-09 2.131709642708301544e-02 2.087134122848510742e-02 4.543448994809295982e-08 4.159642585932488146e-08 nan 2.124899625778198242e-02 2.542362249102745864e+01
3.978939056396484375e-01 2.689762711524963379e-01 1.885619049100158659e-09 2.088638581335544586e-02 2.044930495321750641e-02 4.331967673465442203e-08 3.966026085322482686e-08 nan 2.081960998475551605e-02 2.472965288955899865e+01
4.032784104347229004e-01 2.726162075996398926e-01 1.884732143174389957e-09 2.046082727611064911e-02 2.003065682947635651e-02 4.131069530899367237e-08 3.782099611271405593e-08 nan 2.039510756731033325e-02 2.404202986340269987e+01
4.086629152297973633e-01 2.762561440467834473e-01 1.883857409814700777e-09 2.004345506429672241e-02 1.961917057633399963e-02 3.940768067423050525e-08 3.607874887734396907e-08 nan 1.997863501310348511e-02 2.336837965426123631e+01
4.140473902225494385e-01 2.798960208892822266e-01 1.882994538868699288e-09 1.963805221021175385e-02 1.921941153705120087e-02 3.761196865070814965e-08 3.443474128062007367e-08 nan 1.957409270107746124e-02 2.271778997213797879e+01
4.194318950176239014e-01 2.835359573364257812e-01 1.882143190604211824e-09 1.924717985093593597e-02 1.883459836244583130e-02 3.592224118165177060e-08 3.288775829446421994e-08 nan 1.918414607644081116e-02 2.209624603579917235e+01
4.248163998126983643e-01 2.871758937835693359e-01 1.881303079826970542e-09 1.887202635407447815e-02 1.846630126237869263e-02 3.433450146417271753e-08 3.143414062378724338e-08 nan 1.881003938615322113e-02 2.150637948618374296e+01
4.302009046077728271e-01 2.908158004283905029e-01 1.880473925305205483e-09 1.851307787001132965e-02 1.811507530510425568e-02 3.284360516886408732e-08 3.006918802839209093e-08 nan 1.845227181911468506e-02 2.094913219980022845e+01
4.355854094028472900e-01 2.944557368755340576e-01 1.879655436356054805e-09 1.816986873745918274e-02 1.778026297688484192e-02 3.144301530255688704e-08 2.878690530394578673e-08 nan 1.811034791171550751e-02 2.042327231954366340e+01
4.409699141979217529e-01 2.980956733226776123e-01 1.878847353036435648e-09 1.784036308526992798e-02 1.745943911373615265e-02 3.012391402990033384e-08 2.757923134311113245e-08 nan 1.778216473758220673e-02 1.992406664627832669e+01
4.463544189929962158e-01 3.017355799674987793e-01 1.878049424887222573e-09 1.752152293920516968e-02 1.714913919568061829e-02 2.887653316463456576e-08 2.643721508377439022e-08 nan 1.746463030576705933e-02 1.944467597493312994e+01
4.517388939857482910e-01 3.053754866123199463e-01 1.877261397654174740e-09 1.721083559095859528e-02 1.684647053480148315e-02 2.769272988700777205e-08 2.535340648535111541e-08 nan 1.715516857802867889e-02 1.897956676875734061e+01
4.571233987808227539e-01 3.090154230594635010e-01 1.876483026309890802e-09 1.690690778195858002e-02 1.654980890452861786e-02 2.656682696056122950e-08 2.432261148044290167e-08 nan 1.685235090553760529e-02 1.852578746205591642e+01
4.625079035758972168e-01 3.126553297042846680e-01 1.875714093387305177e-09 1.660894602537155151e-02 1.625829562544822693e-02 2.549451494360255310e-08 2.334088300415260164e-08 nan 1.655537262558937073e-02 1.808173624394213164e+01
4.678924083709716797e-01 3.162952661514282227e-01 1.874954364165268396e-09 1.631642132997512817e-02 1.597150228917598724e-02 2.447225000423713936e-08 2.240497565253463108e-08 nan 1.626372709870338440e-02 1.764642313761286374e+01
4.732769131660461426e-01 3.199352025985717773e-01 1.874203630559428286e-09 1.602955535054206848e-02 1.568985916674137115e-02 2.349784189448200777e-08 2.151288214236046770e-08 nan 1.597765646874904633e-02 1.722048077170640568e+01
4.786614179611206055e-01 3.235751092433929443e-01 1.873461691551420399e-09 1.574946008622646332e-02 1.541473157703876495e-02 2.257051789911201922e-08 2.066389370725119079e-08 nan 1.569832116365432739e-02 1.680640191891319901e+01
4.840458929538726807e-01 3.272150158882141113e-01 1.872728340933758753e-09 1.547738350927829742e-02 1.514760218560695648e-02 2.168968293858597463e-08 1.985746855837078328e-08 nan 1.542699895799160004e-02 1.640690277886698567e+01
4.894303977489471436e-01 3.308549523353576660e-01 1.872003379495005729e-09 1.521386299282312393e-02 1.488917041569948196e-02 2.085373473903473496e-08 1.909213942496990057e-08 nan 1.516425702720880508e-02 1.602310667307810732e+01
4.948149025440216064e-01 3.344948589801788330e-01 1.871286632213937058e-09 1.495873648673295975e-02 1.463933754712343216e-02 2.006018462452630047e-08 1.836562191215307394e-08 nan 1.490993984043598175e-02 1.565464062100613774e+01
5.001994371414184570e-01 3.381348252296447754e-01 1.870577900826693527e-09 1.471167895942926407e-02 1.439775060862302780e-02 1.930644977221618319e-08 1.767555879439441924e-08 nan 1.466371770948171616e-02 1.530078374437765376e+01
5.055838823318481445e-01 3.417747020721435547e-01 1.869877039368293133e-09 1.447235140949487686e-02 1.416397467255592346e-02 1.859008769145020779e-08 1.701970830936261336e-08 nan 1.442523859441280365e-02 1.496079391133801550e+01
5.109683871269226074e-01 3.454146385192871094e-01 1.869183849789121820e-09 1.424009446054697037e-02 1.393721904605627060e-02 1.790838410897777067e-08 1.639559066290985356e-08 nan 1.419382262974977493e-02 1.463329067292700358e+01
5.163528919219970703e-01 3.490545451641082764e-01 1.868498185335105332e-09 1.401383336633443832e-02 1.371628232300281525e-02 1.725829967824665800e-08 1.580042052751196024e-08 nan 1.396837458014488220e-02 1.431605499699245954e+01
5.217373967170715332e-01 3.526944816112518311e-01 1.867819876059786520e-09 1.379258092492818832e-02 1.350008416920900345e-02 1.663710413879471162e-08 1.523169856909589726e-08 nan 1.374789420515298843e-02 1.400710014962207950e+01
5.271219015121459961e-01 3.563344180583953857e-01 1.867148773833358248e-09 1.357591710984706879e-02 1.328816451132297516e-02 1.604294119772475824e-08 1.468772836688003736e-08 nan 1.353195495903491974e-02 1.370561487547951351e+01
5.325064063072204590e-01 3.599743247032165527e-01 1.866484735032350672e-09 1.336383633315563202e-02 1.308052614331245422e-02 1.547455497075134190e-08 1.416735440074035068e-08 nan 1.332055218517780304e-02 1.341163638896456689e+01
5.378909111022949219e-01 3.636142611503601074e-01 1.865827604301946768e-09 1.315630786120891571e-02 1.287719327956438065e-02 1.493073398250999162e-08 1.366947355307956968e-08 nan 1.311366632580757141e-02 1.312514127166396882e+01
5.432754158973693848e-01 3.672541677951812744e-01 1.865177252290424566e-09 1.295325066894292831e-02 1.267815753817558289e-02 1.441028540938305014e-08 1.319299069990620410e-08 nan 1.291122287511825562e-02 1.284599960924961515e+01
5.486599206924438477e-01 3.708941042423248291e-01 1.864533532427482462e-09 1.275482680648565292e-02 1.248366292566061020e-02 1.391234683012498863e-08 1.273711358606988142e-08 nan 1.271339971572160721e-02 1.257455813259613819e+01
5.540444254875183105e-01 3.745340406894683838e-01 1.863896318172137942e-09 1.256141532212495804e-02 1.229414809495210648e-02 1.343632316519460801e-08 1.230130397544826337e-08 nan 1.252058334648609161e-02 1.231157672872348385e+01
5.594289302825927734e-01 3.781739473342895508e-01 1.863265486641235488e-09 1.237316988408565521e-02 1.210980769246816635e-02 1.298140439587314177e-08 1.188481313363354275e-08 nan 1.233293395489454269e-02 1.205734825310976355e+01
5.648134350776672363e-01 3.818138837814331055e-01 1.862640903204479876e-09 1.218983810395002365e-02 1.193039026111364365e-02 1.254638259950979773e-08 1.148653883120687169e-08 nan 1.215019915252923965e-02 1.181136768093883127e+01
5.701979398727416992e-01 3.854538202285766602e-01 1.862022452330667509e-09 1.201105862855911255e-02 1.175552047789096832e-02 1.213001254996015632e-08 1.110534153525577494e-08 nan 1.197201758623123169e-02 1.157292873195563132e+01
5.755824446678161621e-01 3.890937268733978271e-01 1.861410021730888845e-09 1.183666009455919266e-02 1.158498972654342651e-02 1.173130392828625190e-08 1.074031441561373867e-08 nan 1.179821044206619263e-02 1.134169973739192905e+01
5.809668898582458496e-01 3.927336037158966064e-01 1.860803497296447543e-09 1.166648510843515396e-02 1.141860429197549820e-02 1.134933569346685545e-08 1.039061192642520837e-08 nan 1.162861473858356476e-02 1.111737173707180659e+01
5.863513946533203125e-01 3.963735401630401611e-01 1.860202753428811389e-09 1.150016579777002335e-02 1.125596091151237488e-02 1.098303403779254950e-08 1.005525085417957598e-08 nan 1.146285701543092728e-02 1.089925082482565699e+01
5.917358994483947754e-01 4.000134766101837158e-01 1.859607692406273365e-09 1.133727468550205231e-02 1.109661255031824112e-02 1.063132781808917571e-08 9.733255978972010780e-09 nan 1.130050700157880783e-02 1.068653262654898661e+01
5.971204042434692383e-01 4.036533832550048828e-01 1.859018214291441706e-09 1.117764133960008621e-02 1.094038505107164383e-02 1.029345497727263137e-08 9.423923863494110265e-09 nan 1.114139426499605179e-02 1.047890938477648781e+01
6.025049090385437012e-01 4.072933197021484375e-01 1.858434207544148841e-09 1.102133374661207199e-02 1.078735664486885071e-02 9.968906589108428307e-09 9.126791766789210669e-09 nan 1.098558679223060608e-02 1.027652361680737947e+01
6.078894138336181641e-01 4.109332561492919922e-01 1.857855577876460681e-09 1.086835842579603195e-02 1.063755899667739868e-02 9.657147970187907049e-09 8.841368526191217825e-09 nan 1.083309669047594070e-02 1.007939853390585760e+01
6.132739186286926270e-01 4.145731627941131592e-01 1.857282233477322155e-09 1.071858499199151993e-02 1.049088034778833389e-02 9.357544961119401705e-09 8.567075049370487250e-09 nan 1.068379636853933334e-02 9.887294934428217275e+00
6.186584234237670898e-01 4.182130992412567139e-01 1.856714071034082293e-09 1.057194452732801437e-02 1.034727972000837326e-02 9.069555773066895199e-09 8.303413068233567174e-09 nan 1.053762156516313553e-02 9.700093204636511146e+00
6.240429282188415527e-01 4.218530058860778809e-01 1.856151008397507339e-09 1.042854133993387222e-02 1.020687445998191833e-02 8.792802042023595277e-09 8.050037969553613948e-09 nan 1.039467658847570419e-02 9.517987323166142488e+00
6.294274330139160156e-01 4.254929423332214355e-01 1.855592947277603754e-09 1.028842758387327194e-02 1.006972603499889374e-02 8.526881423165377782e-09 7.806581159286452021e-09 nan 1.025501545518636703e-02 9.341069550524906617e+00
6.556535363197326660e-01 4.432217776775360107e-01 1.852943630635520644e-09 9.647766128182411194e-03 9.442874230444431305e-03 7.369057808404022580e-09 6.746562863924054909e-09 nan 9.616464376449584961e-03 8.543982531100613897e+00
8.039034605026245117e-01 5.434387326240539551e-01 1.839770603253567837e-09 6.973134353756904602e-03 6.825075484812259674e-03 3.542865112393656091e-09 3.243584734136106817e-09 nan 6.950514391064643860e-03 5.433676763209740024e+00
9.932619333267211914e-01 6.714450716972351074e-01 1.826201010048688587e-09 4.952331539243459702e-03 4.847209900617599487e-03 1.648226999328983311e-09 1.508994373899952279e-09 nan 4.936271812766790390e-03 3.361259147631674438e+00
1.227223634719848633e+00 8.296031951904296875e-01 1.812731498599941669e-09 3.499923506751656532e-03 3.425648668780922890e-03 7.630385212564760877e-10 6.985813594262424431e-10 nan 3.488576039671897888e-03 2.058943705228357235e+00
1.516294717788696289e+00 1.025015234947204590e+00 1.799361337301671755e-09 2.462517237290740013e-03 2.410267945379018784e-03 3.516800461955682522e-10 3.219720878799847696e-10 nan 2.454535104334354401e-03 1.250059775278718810e+00
1.873456120491027832e+00 1.266456365585327148e+00 1.786089789356977996e-09 1.725619542412459850e-03 1.689010416157543659e-03 1.614336164745822089e-10 1.477965944074455251e-10 nan 1.720026484690606594e-03 7.528476834255805050e-01
2.314746379852294922e+00 1.564768552780151367e+00 1.772916133006574509e-09 1.204805099405348301e-03 1.179247163236141205e-03 7.383224587265146965e-11 6.759529741495740041e-11 nan 1.200900296680629253e-03 4.500858803859214552e-01
2.859982252120971680e+00 1.933347940444946289e+00 1.759839636962373426e-09 8.383695967495441437e-04 8.205855265259742737e-04 3.365465892080088395e-11 3.081168653551458192e-11 nan 8.356525795534253120e-04 2.672868646141861038e-01
3.533647537231445312e+00 2.388745784759521484e+00 1.746859588797865175e-09 5.816021002829074860e-04 5.692643462680280209e-04 1.529382176457261266e-11 1.400187257805107777e-11 nan 5.797171615995466709e-04 1.577623423332829011e-01
4.365993976593017578e+00 2.951411962509155273e+00 1.733975279535418463e-09 4.023460496682673693e-04 3.938098088838160038e-04 6.930588047904251425e-12 6.345121043166424002e-12 nan 4.010418779216706753e-04 9.259673484873147398e-02
5.394398689270019531e+00 3.646613597869873047e+00 1.721185999058096773e-09 2.776245237328112125e-04 2.717328607104718685e-04 3.132625669283184422e-12 2.867991651459012026e-12 nan 2.767243713606148958e-04 5.407003905534919774e-02
6.665042877197265625e+00 4.505568981170654297e+00 1.708491050912268841e-09 1.911114813992753625e-04 1.870539272204041481e-04 1.412595084307466387e-12 1.293261938511980347e-12 nan 1.904915843624621630e-04 3.142384820837487713e-02
8.234986305236816406e+00 5.566850662231445312e+00 1.695889732548296616e-09 1.312710228376090527e-04 1.284818863496184349e-04 6.355942790310653567e-13 5.818992748589379982e-13 nan 1.308449136558920145e-04 1.818312084968864289e-02
1.017472743988037109e+01 6.878115653991699219e+00 1.683381361073609185e-09 8.998579141916707158e-05 8.807158155832439661e-05 2.854073585540489733e-13 2.612952714441119095e-13 nan 8.969334885478019714e-05 1.047908464949640593e-02
1.257137203216552734e+01 8.498247146606445312e+00 1.670965250288532184e-09 6.156945892143994570e-05 6.025732363923452795e-05 1.279194577954306800e-13 1.171118459370248943e-13 nan 6.136899901321157813e-05 6.016596627258353688e-03
1.553254413604736328e+01 1.050000000000000000e+01 1.658640709094829109e-09 4.205331060802564025e-05 4.115454430575482547e-05 5.723362999894912595e-14 5.239768851011267214e-14 nan 4.191599873593077064e-05 3.442432830640074128e-03
