# k/h [h/Mpc]            k [1/Mpc]              Primoridal             T_cdm(k)                 T_bar(k)                 T_phot(k)                T_massless neutrions(k)  T_massive neutrinos(k)   T_total(k)               Linear Pk [(Mpc/h)^3]  
1.049045658874092624e-05 7.091548468451946974e-06 2.727206404909961128e-09 1.000000000000000000e+00 1.000000000000000000e+00 1.000000000000000000e+00 1.000000000000000000e+00 nan 1.000000000000000000e+00 4.556856458186170755e+01
1.158353370556142181e-05 7.830468348402064294e-06 2.717761705682844603e-09 9.999997019767761230e-01 9.999998211860656738e-01 9.998850226402282715e-01 9.998823404312133789e-01 nan 9.999997019767761230e-01 5.014240109949221846e+01
1.279050593439023942e-05 8.646382411825470626e-06 2.708349706436794825e-09 9.999994039535522461e-01 9.999994039535522461e-01 9.997447133064270020e-01 9.997388720512390137e-01 nan 9.999994039535522461e-01 5.517532327862016928e+01
1.412324218108551577e-05 9.547311492497101426e-06 2.698970312856197758e-09 9.999988675117492676e-01 9.999989867210388184e-01 9.995738267898559570e-01 9.995640516281127930e-01 nan 9.999988675117492676e-01 6.071338998372453943e+01
1.559484553581569344e-05 1.054211588780162856e-05 2.689623392481895528e-09 9.999983906745910645e-01 9.999983906745910645e-01 9.993653893470764160e-01 9.993509054183959961e-01 nan 9.999983906745910645e-01 6.680732271524450994e+01
1.721978514979127795e-05 1.164057448477251455e-05 2.680308856040028027e-09 9.999976754188537598e-01 9.999977350234985352e-01 9.991112947463989258e-01 9.990909695625305176e-01 nan 9.999976754188537598e-01 7.351288766711270739e+01
1.901403993542771786e-05 1.285349117097212002e-05 2.671026563908324178e-09 9.999968409538269043e-01 9.999969601631164551e-01 9.988015294075012207e-01 9.987742304801940918e-01 nan 9.999968409538269043e-01 8.089148454024650903e+01
2.099525045196060091e-05 1.419278942194068804e-05 2.661776424936157355e-09 9.999959468841552734e-01 9.999960064888000488e-01 9.984239935874938965e-01 9.983881711959838867e-01 nan 9.999959468841552734e-01 8.901066357463335521e+01
2.318289807590190321e-05 1.567163963045459241e-05 2.652558315858844083e-09 9.999948143959045410e-01 9.999946951866149902e-01 9.979640245437622070e-01 9.979176521301269531e-01 nan 9.999948143959045410e-01 9.794473396977299728e+01
2.559849235694855452e-05 1.730458097881637514e-05 2.643372135990062650e-09 9.999932646751403809e-01 9.999932646751403809e-01 9.974032640457153320e-01 9.973441362380981445e-01 nan 9.999932646751403809e-01 1.077754388503113603e+02
2.826578383974265307e-05 1.910767059598583728e-05 2.634217767634683471e-09 9.999915361404418945e-01 9.999914765357971191e-01 9.967200756072998047e-01 9.966454505920410156e-01 nan 9.999915361404418945e-01 1.185927948822475031e+02
3.121100235148333013e-05 2.109863817167934030e-05 2.625095097817206075e-09 9.999895095825195312e-01 9.999893307685852051e-01 9.958876371383666992e-01 9.957940578460693359e-01 nan 9.999893903732299805e-01 1.304958139976711209e+02
3.446310074650682509e-05 2.329705603187903762e-05 2.616004033478672110e-09 9.999867677688598633e-01 9.999866485595703125e-01 9.948735237121582031e-01 9.947569966316223145e-01 nan 9.999867677688598633e-01 1.435933097203877935e+02
3.805406231549568474e-05 2.572454650362487882e-05 2.606944439452153756e-09 9.999836087226867676e-01 9.999834299087524414e-01 9.936383962631225586e-01 9.934937953948974609e-01 nan 9.999836087226867676e-01 1.580052553510932682e+02
4.201919000479392707e-05 2.840497290890198201e-05 2.597916226597658093e-09 9.999797344207763672e-01 9.999794363975524902e-01 9.921343326568603516e-01 9.919555783271789551e-01 nan 9.999796748161315918e-01 1.738634103026082585e+02
4.639747567125596106e-05 3.136469240416772664e-05 2.588919279439887767e-09 9.999749660491943359e-01 9.999745488166809082e-01 9.903033375740051270e-01 9.900832772254943848e-01 nan 9.999749660491943359e-01 1.913128098326825750e+02
5.123196388012729585e-05 3.463280881987884641e-05 2.579953483847589841e-09 9.999692440032958984e-01 9.999687671661376953e-01 9.880751371383666992e-01 9.878046512603759766e-01 nan 9.999691843986511230e-01 2.105131006727906424e+02
5.657019573845900595e-05 3.824145096587017179e-05 2.571018745591721348e-09 9.999622702598571777e-01 9.999616146087646484e-01 9.853646755218505859e-01 9.850329160690307617e-01 nan 9.999621510505676270e-01 2.316397563526741123e+02
6.246465636650100350e-05 4.222610732540488243e-05 2.562114941593048984e-09 9.999536871910095215e-01 9.999529123306274414e-01 9.820690751075744629e-01 9.816631674766540527e-01 nan 9.999535083770751953e-01 2.548858400972601430e+02
6.897329876665025949e-05 4.662595165427774191e-05 2.553241977543412439e-09 9.999431967735290527e-01 9.999423027038574219e-01 9.780647754669189453e-01 9.775688648223876953e-01 nan 9.999430179595947266e-01 2.804636563130972036e+02
7.616012590005993843e-05 5.148424679646268487e-05 2.544399743325443185e-09 9.999305009841918945e-01 9.999293088912963867e-01 9.732027649879455566e-01 9.725979566574096680e-01 nan 9.999303221702575684e-01 3.086068509498592789e+02
8.409580186707898974e-05 5.684876305167563260e-05 2.535588130685252624e-09 9.999150633811950684e-01 9.999135136604309082e-01 9.673048257827758789e-01 9.665684103965759277e-01 nan 9.999148249626159668e-01 3.395722281890584213e+02
9.285835403716191649e-05 6.277224747464060783e-05 2.526807033334104165e-09 9.998961091041564941e-01 9.998942613601684570e-01 9.601584076881408691e-01 9.592631459236145020e-01 nan 9.998958110809326172e-01 3.736420534334054082e+02
1.025339443003758788e-04 6.931294774403795600e-05 2.518056339675267213e-09 9.998732209205627441e-01 9.998708963394165039e-01 9.515109062194824219e-01 9.504246115684509277e-01 nan 9.998728036880493164e-01 4.111269246177678269e+02
1.132176985265687108e-04 7.653516513528302312e-05 2.509335958204897443e-09 9.998451471328735352e-01 9.998424053192138672e-01 9.410645365715026855e-01 9.397490620613098145e-01 nan 9.998447299003601074e-01 4.523676864514267209e+02
1.250146742677316070e-04 8.450992027064785361e-05 2.500645773867358897e-09 9.998110532760620117e-01 9.998077154159545898e-01 9.284709692001342773e-01 9.268814325332641602e-01 nan 9.998105764389038086e-01 4.977393740130783044e+02
1.380408502882346511e-04 9.331561159342527390e-05 2.491985695624705562e-09 9.997695684432983398e-01 9.997654557228088379e-01 9.133265614509582520e-01 9.114108681678771973e-01 nan 9.997689127922058105e-01 5.476535761467224575e+02
1.524243270978331566e-04 1.030388448270969093e-04 2.483355596498544299e-09 9.997190833091735840e-01 9.997140765190124512e-01 8.951700925827026367e-01 8.928687572479248047e-01 nan 9.997183680534362793e-01 6.025625134474822744e+02
1.683065347606316209e-04 1.137752187787555158e-04 2.474755379885282393e-09 9.996577501296997070e-01 9.996516108512878418e-01 8.734843134880065918e-01 8.707296252250671387e-01 nan 9.996567964553833008e-01 6.629623193190950587e+02
1.858436153270304203e-04 1.256302784895524383e-04 2.466184957973141175e-09 9.995831251144409180e-01 9.995757341384887695e-01 8.477014303207397461e-01 8.444188237190246582e-01 nan 9.995820522308349609e-01 7.293971724928477443e+02
2.052080089924857020e-04 1.387206139042973518e-04 2.457644209414643305e-09 9.994925856590270996e-01 9.994835257530212402e-01 8.172195553779602051e-01 8.133288025856018066e-01 nan 9.994911551475524902e-01 8.024637735835124204e+02
2.265901130158454180e-04 1.531749148853123188e-04 2.449133045395065615e-09 9.993827342987060547e-01 9.993717074394226074e-01 7.814307212829589844e-01 7.768492698669433594e-01 nan 9.993810057640075684e-01 8.828154591505062854e+02
2.502001880202442408e-04 1.691353245405480266e-04 2.440651351248999153e-09 9.992495179176330566e-01 9.992362260818481445e-01 7.397673726081848145e-01 7.344160079956054688e-01 nan 9.992473721504211426e-01 9.711676808040928108e+02
2.762703516054898500e-04 1.867587561719119549e-04 2.432199034655000626e-09 9.990881681442260742e-01 9.990720748901367188e-01 6.917726397514343262e-01 6.855830550193786621e-01 nan 9.990858435630798340e-01 1.068301833119211324e+03
3.050569503102451563e-04 2.062184939859434962e-04 2.423775992290330563e-09 9.988932013511657715e-01 9.988738894462585449e-01 6.371987462043762207e-01 6.301262974739074707e-01 nan 9.988902807235717773e-01 1.175072053221275382e+03
3.368430479895323515e-04 2.277058956678956747e-04 2.415382114947829304e-09 9.986578822135925293e-01 9.986345767974853516e-01 5.761384963989257812e-01 5.681778788566589355e-01 nan 9.986542463302612305e-01 1.292408620891873852e+03
3.719411906786262989e-04 2.514322404749691486e-04 2.407017301830847028e-09 9.983742237091064453e-01 9.983465671539306641e-01 5.091840624809265137e-01 5.003899931907653809e-01 nan 9.983700513839721680e-01 1.421324241572800929e+03
4.106964333914220333e-04 2.776307810563594103e-04 2.398681465071051552e-09 9.980335831642150879e-01 9.980005025863647461e-01 4.375999271869659424e-01 4.281100630760192871e-01 nan 9.980285167694091797e-01 1.562919997481887776e+03
4.534898616839200258e-04 3.065591445192694664e-04 2.390374494355455649e-09 9.976250529289245605e-01 9.975860118865966797e-01 3.634737133979797363e-01 3.535312712192535400e-01 nan 9.976191520690917969e-01 1.718387753695596757e+03
5.007422878406941891e-04 3.385017917025834322e-04 2.382096284987275655e-09 9.971371293067932129e-01 9.970911145210266113e-01 2.897829115390777588e-01 2.797514498233795166e-01 nan 9.971300959587097168e-01 1.889018744424151464e+03
5.529182380996644497e-04 3.737727238330990076e-04 2.373846756225058361e-09 9.965560436248779297e-01 9.965022206306457520e-01 2.202844917774200439e-01 2.106448113918304443e-01 nan 9.965478181838989258e-01 2.076203857983438866e+03
6.105307838879525661e-04 4.127188003621995449e-04 2.365625794166928840e-09 9.958665966987609863e-01 9.958043694496154785e-01 1.591172814369201660e-01 1.504324078559875488e-01 nan 9.958571791648864746e-01 2.281439269016227627e+03
6.741464603692293167e-04 4.557229985948652029e-04 2.357433293568910220e-09 9.950522780418395996e-01 9.949806332588195801e-01 1.100353002548217773e-01 1.028711199760437012e-01 nan 9.950412511825561523e-01 2.506330745199534249e+03
7.443906506523489952e-04 5.032080807723104954e-04 2.349269171114912410e-09 9.940942525863647461e-01 9.940130114555358887e-01 7.531026005744934082e-02 7.010960578918457031e-02 nan 9.940817952156066895e-01 2.752591455070340544e+03
8.219541050493717194e-04 5.556409596465528011e-04 2.341133324843220307e-09 9.929720759391784668e-01 9.928811192512512207e-01 5.459211394190788269e-02 5.152355507016181946e-02 nan 9.929582476615905762e-01 3.022043602319193724e+03
9.075994603335857391e-04 6.135372095741331577e-04 2.333025652639057309e-09 9.916633367538452148e-01 9.915627241134643555e-01 4.435225948691368103e-02 4.319120571017265320e-02 nan 9.916479587554931641e-01 3.316616114608652879e+03
1.002168864943087101e-03 6.774661596864461899e-04 2.324946049885245546e-09 9.901428818702697754e-01 9.900333881378173828e-01 3.872630000114440918e-02 3.885520622134208679e-02 nan 9.901260733604431152e-01 3.638333037417477954e+03
1.106592128053307533e-03 7.480562780983746052e-04 2.316894434325377400e-09 9.883826971054077148e-01 9.882656931877136230e-01 3.215133026242256165e-02 3.274724632501602173e-02 nan 9.883647561073303223e-01 3.989302883540649418e+03
1.221895916387438774e-03 8.260016329586505890e-04 2.308870708568745277e-09 9.863515496253967285e-01 9.862286448478698730e-01 2.275172434747219086e-02 2.312351763248443604e-02 nan 9.863327145576477051e-01 4.371698885474538656e+03
1.349214115180075169e-03 9.120687609538435936e-04 2.300874762407135126e-09 9.840146899223327637e-01 9.838876128196716309e-01 1.356111001223325729e-02 1.343732327222824097e-02 nan 9.839951395988464355e-01 4.787733634044468090e+03
1.489798538386821747e-03 1.007103826850652695e-03 2.292906509188567727e-09 9.813334345817565918e-01 9.812039732933044434e-01 8.913611993193626404e-03 8.439346216619014740e-03 nan 9.813136458396911621e-01 5.239622373473848711e+03
1.645031501539051533e-03 1.112041296437382698e-03 2.284965850418265676e-09 9.782658219337463379e-01 9.781355857849121094e-01 8.419165387749671936e-03 -6.586287636309862137e-03 nan 9.782458543777465820e-01 5.729551446819073135e+03
1.816439209505915642e-03 1.227912958711385727e-03 2.277052691606405739e-09 9.747663140296936035e-01 9.746355414390563965e-01 6.986469496041536331e-03 -5.382050294429063797e-03 nan 9.747463464736938477e-01 6.259619103531263136e+03
2.005707239732146263e-03 1.355858054012060165e-03 2.269166941709029953e-09 9.707848429679870605e-01 9.706532359123229980e-01 3.324312390759587288e-03 -4.395799245685338974e-03 nan 9.707647562026977539e-01 6.831764413389847505e+03
2.214696491137146950e-03 1.497134799137711525e-03 2.261308494449764354e-09 9.662681818008422852e-01 9.661340713500976562e-01 1.949695637449622154e-03 -3.588289022445678711e-03 nan 9.662477374076843262e-01 7.447702352789988254e+03
2.445461694151163101e-03 1.653132145293056965e-03 2.253477264686429142e-09 9.611594676971435547e-01 9.610201716423034668e-01 2.267312491312623024e-03 -2.927300054579973221e-03 nan 9.611381292343139648e-01 8.108824104316879129e+03
2.700272016227245331e-03 1.825383864343166351e-03 2.245673160886940457e-09 9.553985595703125000e-01 9.552515745162963867e-01 9.148729150183498859e-04 -2.386389533057808876e-03 nan 9.553760886192321777e-01 8.816093946639142814e+03
2.981632947921752930e-03 2.015583915635943413e-03 2.237896076485985185e-09 9.489227533340454102e-01 9.487660527229309082e-01 8.936299127526581287e-04 -1.943913404829800129e-03 nan 9.488987326622009277e-01 9.569929432303244539e+03
3.292310982942581177e-03 2.225602278485894203e-03 2.230145925871712440e-09 9.416664242744445801e-01 9.414989352226257324e-01 3.738192899618297815e-04 -1.582103781402111053e-03 nan 9.416407942771911621e-01 1.037005940469095913e+04
3.635360859334468842e-03 2.457503927871584892e-03 2.222422616889744185e-09 9.335617423057556152e-01 9.333826303482055664e-01 1.676316896919161081e-04 -1.286396756768226624e-03 nan 9.335343837738037109e-01 1.121535919835906680e+04
4.014155361801385880e-03 2.713568974286317825e-03 2.214726058195065524e-09 9.245387315750122070e-01 9.243460893630981445e-01 -1.475163735449314117e-04 -1.044847536832094193e-03 nan 9.245092868804931641e-01 1.210367671741008417e+04
4.432419314980506897e-03 2.996315481141209602e-03 2.207056148657132701e-09 9.145263433456420898e-01 9.143161177635192871e-01 1.524198796687414870e-05 -8.476600633002817631e-04 nan 9.144941568374633789e-01 1.303165565355734907e+04
4.894265439361333847e-03 3.308523446321487427e-03 2.199412800139309644e-09 9.034520387649536133e-01 9.032199382781982422e-01 -5.449489981401711702e-05 -6.867986521683633327e-04 nan 9.034166336059570312e-01 1.399450033472202085e+04
5.404234398156404495e-03 3.653262509033083916e-03 2.191795924301313793e-09 8.912438750267028809e-01 8.909858465194702148e-01 -1.096806590794585645e-04 -5.556744872592389584e-04 nan 8.912044167518615723e-01 1.498581399411998791e+04
5.967340432107448578e-03 4.033922217786312103e-03 2.184205430909534259e-09 8.778291344642639160e-01 8.775405883789062500e-01 -9.064417827175930142e-05 -4.488838021643459797e-04 nan 8.777849674224853516e-01 1.599731947828573720e+04
6.589121185243129730e-03 4.454245790839195251e-03 2.176641221197925960e-09 8.631350398063659668e-01 8.628092408180236816e-01 -8.154493843903765082e-05 -3.619954804889857769e-04 nan 8.630853295326232910e-01 1.701863873341915678e+04
7.275689393281936646e-03 4.918366204947233200e-03 2.169103203027300791e-09 8.470895886421203613e-01 8.467190861701965332e-01 -9.179938206216320395e-05 -2.913762291427701712e-04 nan 8.470329642295837402e-01 1.803706925111966120e+04
8.033796213567256927e-03 5.430846009403467178e-03 2.161591299930936394e-09 8.296211361885070801e-01 8.291978240013122559e-01 -8.725617954041808844e-05 -2.340478968108072877e-04 nan 8.295564055442810059e-01 1.903736924567897586e+04
8.870895951986312866e-03 5.996725521981716156e-03 2.154105401952956366e-09 8.106577396392822266e-01 8.101712465286254883e-01 -9.172450518235564232e-05 -1.875694433692842722e-04 nan 8.105833530426025391e-01 2.000149523662069623e+04
9.795218706130981445e-03 6.621567998081445694e-03 2.146645430474833453e-09 7.901300191879272461e-01 7.895692586898803711e-01 -5.301550118019804358e-05 -1.499415811849758029e-04 nan 7.900443673133850098e-01 2.090858039654641470e+04
1.081585418432950974e-02 7.311517372727394104e-03 2.139211293795359687e-09 7.679689526557922363e-01 7.673206925392150879e-01 -6.405479507520794868e-05 -1.195267104776576161e-04 nan 7.678699493408203125e-01 2.173475819008327016e+04
1.194283645600080490e-02 8.073357865214347839e-03 2.131802900090153706e-09 7.441085577011108398e-01 7.433584332466125488e-01 -4.971761154592968524e-05 -9.498475992586463690e-05 nan 7.439939379692077637e-01 2.245329536708730302e+04
1.318724639713764191e-02 8.914578706026077271e-03 2.124420174276236449e-09 7.184898257255554199e-01 7.176218032836914062e-01 -3.786359229707159102e-05 -7.521990482928231359e-05 nan 7.183572053909301758e-01 2.303502593685564716e+04
1.456132158637046814e-02 9.843453764915466309e-03 2.117063005254935590e-09 6.910641193389892578e-01 6.900616288185119629e-01 -3.647052290034480393e-05 -5.933660941082052886e-05 nan 6.909109950065612793e-01 2.344899528629831912e+04
1.607857085764408112e-02 1.086911372840404510e-02 2.109731324472420402e-09 6.618029475212097168e-01 6.606491208076477051e-01 -3.786857269005849957e-05 -4.660394188249483705e-05 nan 6.616266965866088867e-01 2.366382595320022301e+04
1.775391399860382080e-02 1.200164575129747391e-02 2.102425026951150955e-09 6.307095289230346680e-01 6.293882131576538086e-01 -2.088169094349723309e-05 -3.642584488261491060e-05 nan 6.305076479911804199e-01 2.364973933396772554e+04
1.960382424294948578e-02 1.325218472629785538e-02 2.095144031049849183e-09 5.978366732597351074e-01 5.963346362113952637e-01 -2.012886579905170947e-05 -2.831688289006706327e-05 nan 5.976071953773498535e-01 2.338152057575426807e+04
2.164648845791816711e-02 1.463302597403526306e-02 2.087888252770266929e-09 5.633110404014587402e-01 5.616198778152465820e-01 -1.358398185402620584e-05 -2.188213329645805061e-05 nan 5.630527138710021973e-01 2.284252947062315434e+04
2.390199340879917145e-02 1.615774817764759064e-02 2.080657597354892904e-09 5.273617506027221680e-01 5.254815816879272461e-01 -1.246212195837870240e-05 -1.680058085185009986e-05 nan 5.270744562149047852e-01 2.202951521299164961e+04
2.639251388609409332e-02 1.784133911132812500e-02 2.073451995948668221e-09 4.903532862663269043e-01 4.882961511611938477e-01 -8.945309673435986042e-06 -1.281135882891248912e-05 nan 4.900389909744262695e-01 2.095780732458809871e+04
2.914254181087017059e-02 1.970035769045352936e-02 2.066271340052806293e-09 4.528158009052276611e-01 4.506100118160247803e-01 -6.058873623260296881e-06 -9.702312127046752721e-06 nan 4.524788260459899902e-01 1.966576494030936738e+04
3.217911347746849060e-02 2.175308018922805786e-02 2.059115554147728899e-09 4.154613912105560303e-01 4.131552875041961670e-01 -6.129424036771524698e-06 -7.300480319827329367e-06 nan 4.151090979576110840e-01 1.821667451188542327e+04
3.553209081292152405e-02 2.401969395577907562e-02 2.051984539888671147e-09 3.791698217391967773e-01 3.768339753150939941e-01 -3.587851324482471682e-06 -5.464182322612032294e-06 nan 3.788129687309265137e-01 1.669611155905925989e+04
3.923443704843521118e-02 2.652247995138168335e-02 2.044878229365854235e-09 3.449215590953826904e-01 3.426469564437866211e-01 -2.793982503135339357e-06 -4.076541245012776926e-06 nan 3.445740342140197754e-01 1.520297138542615721e+04
4.332255572080612183e-02 2.928604744374752045e-02 2.037796533657790378e-09 3.136553168296813965e-01 3.115458786487579346e-01 -3.001904815391753800e-06 -3.040331876036361791e-06 nan 3.133330345153808594e-01 1.383353485722517689e+04
4.765481501817703247e-02 3.221465647220611572e-02 2.031010053452367756e-09 2.869547307491302490e-01 2.850994169712066650e-01 -2.254936816825647838e-06 -2.298838353453902528e-06 nan 2.866712808609008789e-01 1.269400386577311474e+04
5.198707059025764465e-02 3.514325991272926331e-02 2.024834231214258902e-09 2.658390402793884277e-01 2.642776966094970703e-01 -1.755471089381899219e-06 -1.789649445527174976e-06 nan 2.656005024909973145e-01 1.184882612046795475e+04
5.631932616233825684e-02 3.807186335325241089e-02 2.019169610001785353e-09 2.485884726047515869e-01 2.473186254501342773e-01 -1.398855943079979625e-06 -1.426092126166622620e-06 nan 2.483944743871688843e-01 1.119296525939994535e+04
6.065158173441886902e-02 4.100047051906585693e-02 2.013939112582009273e-09 2.339906543493270874e-01 2.329742163419723511e-01 -1.135437400989758316e-06 -1.157545398200454656e-06 nan 2.338353693485260010e-01 1.065217826291416350e+04
6.498383730649948120e-02 4.392907395958900452e-02 2.009081821590703985e-09 2.209128737449645996e-01 2.200879156589508057e-01 -9.338850759377237409e-07 -9.520691151010396425e-07 nan 2.207868099212646484e-01 1.014840832714125645e+04
6.931609660387039185e-02 4.685768112540245056e-02 2.004548729015451583e-09 2.085269242525100708e-01 2.078208774328231812e-01 -7.748136567897745408e-07 -7.899004685896215960e-07 nan 2.084190398454666138e-01 9.623387068073690898e+03
7.364834845066070557e-02 4.978628456592559814e-02 2.000299865353250301e-09 1.963491141796112061e-01 1.956919729709625244e-01 -6.462634019044344313e-07 -6.588471137547458056e-07 nan 1.962487250566482544e-01 9.046257762809860651e+03
7.798060774803161621e-02 5.271489173173904419e-02 1.996302173696350216e-09 1.842528134584426880e-01 1.835877448320388794e-01 -5.409213486018416006e-07 -5.514537519957229961e-07 nan 1.841512024402618408e-01 8.417712856851632750e+03
8.231285959482192993e-02 5.564349144697189331e-02 1.992528044667567094e-09 1.723769456148147583e-01 1.716673821210861206e-01 -4.541610394426243147e-07 -4.630039143194153439e-07 nan 1.722685396671295166e-01 7.762175412838621924e+03
8.664511889219284058e-02 5.857209861278533936e-02 1.988954134422163219e-09 1.609928160905838013e-01 1.602248400449752808e-01 -3.827796035693609156e-07 -3.902324294813297456e-07 nan 1.608754694461822510e-01 7.114342834059470079e+03
9.097737073898315430e-02 6.150070205330848694e-02 1.985560585482697045e-09 1.503843665122985840e-01 1.495649665594100952e-01 -3.242866171149216825e-07 -3.306003861780482111e-07 nan 1.502591967582702637e-01 6.506911350418498841e+03
9.636187553405761719e-02 6.514062732458114624e-02 1.981568674123380254e-09 1.386635154485702515e-01 1.378130465745925903e-01 -2.665056513251329307e-07 -2.716943185987474862e-07 nan 1.385335773229598999e-01 5.847789351640285531e+03
1.017463728785514832e-01 6.878054887056350708e-02 1.977801256732118934e-09 1.288915872573852539e-01 1.280599087476730347e-01 -2.221890440523566213e-07 -2.265148566493735416e-07 nan 1.287645101547241211e-01 5.324804302088559780e+03
1.071308776736259460e-01 7.242047041654586792e-02 1.974234781265857972e-09 1.211178153753280640e-01 1.203528344631195068e-01 -1.883306310901389224e-07 -1.919972874020459130e-07 nan 1.210009530186653137e-01 4.941769469591498819e+03
1.125153750181198120e-01 7.606039196252822876e-02 1.970849203820953451e-09 1.150043830275535583e-01 1.143384799361228943e-01 -1.621290408593267784e-07 -1.652856411737957387e-07 nan 1.149026378989219666e-01 4.671399433886407678e+03
1.178998723626136780e-01 7.970031350851058960e-02 1.967627323526894450e-09 1.099843531847000122e-01 1.094274222850799561e-01 -1.412257262245475431e-07 -1.439754271359561244e-07 nan 1.098992675542831421e-01 4.469623438785215512e+03
1.232843771576881409e-01 8.334024250507354736e-02 1.964554264128985100e-09 1.054951697587966919e-01 1.050349399447441101e-01 -1.238981042206432903e-07 -1.263105247062412673e-07 nan 1.054248511791229248e-01 4.293289193303885440e+03
1.286688745021820068e-01 8.698015660047531128e-02 1.961617102724775952e-09 1.011002287268638611e-01 1.007084921002388000e-01 -1.090136052539492084e-07 -1.111362308847674285e-07 nan 1.010403856635093689e-01 4.109083314518052248e+03
1.340533792972564697e-01 9.062008559703826904e-02 1.958804483640675406e-09 9.653137624263763428e-02 9.617340564727783203e-02 -9.589555816091888119e-08 -9.776275788908606046e-08 nan 9.647668898105621338e-02 3.897254833392208184e+03
1.394378840923309326e-01 9.426000714302062988e-02 1.956106446915437174e-09 9.172020852565765381e-02 9.136438369750976562e-02 -8.421323371976541239e-08 -8.585296029650635319e-08 nan 9.166584163904190063e-02 3.654738162793854372e+03
1.448223739862442017e-01 9.789992123842239380e-02 1.953514161287429418e-09 8.678033947944641113e-02 8.640544116497039795e-02 -7.385897049516643165e-08 -7.529705925435337122e-08 nan 8.672305941581726074e-02 3.393500269342149750e+03
1.502068787813186646e-01 1.015398502349853516e-01 1.951019758654691563e-09 8.192720264196395874e-02 8.152576535940170288e-02 -6.481418779458181234e-08 -6.607614011500118067e-08 nan 8.186586946249008179e-02 3.133002228344323612e+03
1.555913835763931274e-01 1.051797717809677124e-01 1.948616241255242070e-09 7.739809155464172363e-02 7.697571814060211182e-02 -5.706240102654192015e-08 -5.817339854274905520e-08 nan 7.733355462551116943e-02 2.892845719188379462e+03
1.609758734703063965e-01 1.088196933269500732e-01 1.946297314463125787e-09 7.339483499526977539e-02 7.296629995107650757e-02 -5.054908314150452497e-08 -5.153325233209216094e-08 nan 7.332935929298400879e-02 2.688152634113614567e+03
1.663603782653808594e-01 1.124596148729324341e-01 1.944057316713681798e-09 7.002366334199905396e-02 6.960726529359817505e-02 -4.515520757308877364e-08 -4.603436210004474560e-08 nan 6.996005028486251831e-02 2.525815292926320126e+03
1.717448830604553223e-01 1.160995438694953918e-01 1.941891129256332855e-09 6.725601106882095337e-02 6.686796247959136963e-02 -4.069447001597836788e-08 -4.148678200976974040e-08 nan 6.719672679901123047e-02 2.402834489180116634e+03
1.771293878555297852e-01 1.197394654154777527e-01 1.939794125595426991e-09 6.495535373687744141e-02 6.460570544004440308e-02 -3.695102535061778326e-08 -3.767046408142959990e-08 nan 6.490194052457809448e-02 2.309027451018384909e+03
1.825138777494430542e-01 1.233793795108795166e-01 1.937762091126241291e-09 6.294354051351547241e-02 6.263434886932373047e-02 -3.372700874137990468e-08 -3.438368523234203167e-08 nan 6.289631128311157227e-02 2.231781434653666111e+03
1.878983825445175171e-01 1.270193010568618774e-01 1.935791175107242678e-09 6.104769557714462280e-02 6.077357009053230286e-02 -3.086490352188775432e-08 -3.146586635693893186e-08 nan 6.100580841302871704e-02 2.159101454948732680e+03
1.932828873395919800e-01 1.306592375040054321e-01 1.933877861004656685e-09 5.912604928016662598e-02 5.887654796242713928e-02 -2.825198919254034990e-08 -2.880208249678162247e-08 nan 5.908793583512306213e-02 2.081292582979968756e+03
1.986673772335052490e-01 1.342991441488265991e-01 1.932018951816384183e-09 5.709752812981605530e-02 5.686039105057716370e-02 -2.582410196794171497e-08 -2.632692108761602867e-08 nan 5.706129595637321472e-02 1.993083586586799356e+03
2.040518820285797119e-01 1.379390656948089600e-01 1.930211465507478933e-09 5.496034398674964905e-02 5.472479015588760376e-02 -2.356255635049819830e-08 -2.402133780776694039e-08 nan 5.492435023188591003e-02 1.894947954463325686e+03
2.094363868236541748e-01 1.415790021419525146e-01 1.928452677645768952e-09 5.277506634593009949e-02 5.253411829471588135e-02 -2.147650590700322937e-08 -2.189466741242540593e-08 nan 5.273825302720069885e-02 1.791726209440109187e+03
2.148208767175674438e-01 1.452189087867736816e-01 1.926740094380007882e-09 5.062882602214813232e-02 5.038030073046684265e-02 -1.958236595100970590e-08 -1.996364318301857566e-08 nan 5.059085413813591003e-02 1.689850482236631933e+03
2.202053815126419067e-01 1.488588303327560425e-01 1.925071368159055733e-09 4.860861599445343018e-02 4.835477843880653381e-02 -1.789206116598052176e-08 -1.824042250575530488e-08 nan 4.856983199715614319e-02 1.595343458094189145e+03
2.255898863077163696e-01 1.524987667798995972e-01 1.923444343781293656e-09 4.678273200988769531e-02 4.652887955307960510e-02 -1.640732882890461042e-08 -1.672677640840447566e-08 nan 4.674394801259040833e-02 1.512597312262421838e+03
2.309743911027908325e-01 1.561386883258819580e-01 1.921857033120720865e-09 4.518273100256919861e-02 4.493528231978416443e-02 -1.511587299773964332e-08 -1.541017979889147682e-08 nan 4.514492675662040710e-02 1.443387070407784904e+03
2.363588809967041016e-01 1.597786098718643188e-01 1.920307567935778733e-09 4.379705712199211121e-02 4.356163740158081055e-02 -1.399247917532875363e-08 -1.426491458289547154e-08 nan 4.376108944416046143e-02 1.386709645934706487e+03
2.417433857917785645e-01 1.634185314178466797e-01 1.918794213956308179e-09 4.258266463875770569e-02 4.236274957656860352e-02 -1.300554774985585027e-08 -1.325876830549077567e-08 nan 4.254906624555587769e-02 1.339681636400836396e+03
2.471278905868530273e-01 1.670584529638290405e-01 1.917315352832477265e-09 4.148094728589057922e-02 4.127724468708038330e-02 -1.212338940348445249e-08 -1.235943702937447597e-08 nan 4.144982621073722839e-02 1.298570623388012336e+03
2.525123953819274902e-01 1.706983745098114014e-01 1.915869472055197894e-09 4.042865708470344543e-02 4.023930802941322327e-02 -1.131762772388356098e-08 -1.153798834252484085e-08 nan 4.039973020553588867e-02 1.259447803109972483e+03
2.578969001770019531e-01 1.743383109569549561e-01 1.914455150219987163e-09 3.937144204974174500e-02 3.919281810522079468e-02 -1.056644283181640276e-08 -1.077217870459890037e-08 nan 3.934415429830551147e-02 1.219009059201607442e+03
2.632813751697540283e-01 1.779782027006149292e-01 1.913071083197014340e-09 3.828082978725433350e-02 3.810865059494972229e-02 -9.857870075791197451e-09 -1.004980898500207331e-08 nan 3.825452551245689392e-02 1.175619743087805546e+03
2.686658799648284912e-01 1.816181391477584839e-01 1.911715991580206360e-09 3.715969622135162354e-02 3.699013590812683105e-02 -9.189371041884442093e-09 -9.368294584533032321e-09 nan 3.713379055261611938e-02 1.129622075094300044e+03
2.740503847599029541e-01 1.852580606937408447e-01 1.910388727493893778e-09 3.603060916066169739e-02 3.586110472679138184e-02 -8.563312725584637519e-09 -8.730044243066004128e-09 nan 3.600471094250679016e-02 1.082550793143682995e+03
2.794348895549774170e-01 1.888979822397232056e-01 1.909088184011114833e-09 3.492151945829391479e-02 3.475114703178405762e-02 -7.982766447867106763e-09 -8.138193230422530178e-09 nan 3.489548712968826294e-02 1.036205271396996523e+03
2.848193943500518799e-01 1.925379037857055664e-01 1.907813323590368924e-09 3.386046737432479858e-02 3.368983045220375061e-02 -7.450175143475235018e-09 -7.595231998891449621e-09 nan 3.383439406752586365e-02 9.923028766306247235e+02
2.902038991451263428e-01 1.961778402328491211e-01 1.906563162582237113e-09 3.287289664149284363e-02 3.270369768142700195e-02 -6.966875965019880823e-09 -7.102523014168582449e-09 nan 3.284704685211181641e-02 9.523210458140021046e+02
2.955884039402008057e-01 1.998177617788314819e-01 1.905336787226579552e-09 3.197390213608741760e-02 3.180828317999839783e-02 -6.531689855648892262e-09 -6.658862794495234994e-09 nan 3.194859996438026428e-02 9.170719524079851226e+02
3.009728789329528809e-01 2.034576684236526489e-01 1.904133323856378078e-09 3.116128779947757721e-02 3.100118413567543030e-02 -6.139986297171162732e-09 -6.259533336105960188e-09 nan 3.113682754337787628e-02 8.863565505923531873e+02
3.063573837280273438e-01 2.070975899696350098e-01 1.902951936232507350e-09 3.041844069957733154e-02 3.026511147618293762e-02 -5.784851708767746459e-09 -5.897484722794388290e-09 nan 3.039501421153545380e-02 8.591777217047873592e+02
3.117418885231018066e-01 2.107375115156173706e-01 1.901791846628511990e-09 2.972375042736530304e-02 2.957752719521522522e-02 -5.459236618321483547e-09 -5.565529814788305885e-09 nan 2.970140986144542694e-02 8.342924116540566501e+02
3.171263933181762695e-01 2.143774479627609253e-01 1.900652308391623192e-09 2.905695326626300812e-02 2.891729027032852173e-02 -5.157155147372805004e-09 -5.257566826344373112e-09 nan 2.903561480343341827e-02 8.105655817393896996e+02
3.225108981132507324e-01 2.180173695087432861e-01 1.899532626729035332e-09 2.840083651244640350e-02 2.826652675867080688e-02 -4.873843550967649207e-09 -4.968739197863669688e-09 nan 2.838031575083732605e-02 7.870572981708615998e+02
3.278954029083251953e-01 2.216572910547256470e-01 1.898432128189829179e-09 2.774333022534847260e-02 2.761290408670902252e-02 -4.605945402857969384e-09 -4.695625666073510729e-09 nan 2.772340551018714905e-02 7.631335325700850944e+02
3.332799077033996582e-01 2.252972126007080078e-01 1.897350177081271127e-09 2.708116918802261353e-02 2.695324458181858063e-02 -4.351900173560352414e-09 -4.436633727067373911e-09 nan 2.706162631511688232e-02 7.386597583230317241e+02
3.386643826961517334e-01 2.289371192455291748e-01 1.896286172945125672e-09 2.642047591507434845e-02 2.629405073821544647e-02 -4.111761597869190155e-09 -4.191819780174910193e-09 nan 2.640116028487682343e-02 7.140154892253709704e+02
3.440488874912261963e-01 2.325770407915115356e-01 1.895239531240720810e-09 2.577232010662555695e-02 2.564693614840507507e-02 -3.886289956511745913e-09 -3.961957872888888232e-09 nan 2.575316280126571655e-02 6.898334092718521333e+02
3.494333922863006592e-01 2.362169772386550903e-01 1.894209703480833635e-09 2.514724247157573700e-02 2.502297051250934601e-02 -3.676032589439159892e-09 -3.747606225346089559e-09 nan 2.512825652956962585e-02 6.666934376686567703e+02
3.548178970813751221e-01 2.398568987846374512e-01 1.893196174858241155e-09 2.455280534923076630e-02 2.443011663854122162e-02 -3.481006372041406394e-09 -3.548782157025698325e-09 nan 2.453405968844890594e-02 6.449949072386577882e+02
3.602024018764495850e-01 2.434968203306198120e-01 1.892198441798694543e-09 2.399345114827156067e-02 2.387301623821258545e-02 -3.300751894030895528e-09 -3.365018486078952265e-09 nan 2.397505007684230804e-02 6.249591739748382224e+02
3.655869066715240479e-01 2.471367418766021729e-01 1.891216027459402332e-09 2.346995286643505096e-02 2.335241809487342834e-02 -3.134331683085633813e-09 -3.195358200258624493e-09 nan 2.345199696719646454e-02 6.066094635907194288e+02
3.709714114665985107e-01 2.507766783237457275e-01 1.890248472221847833e-09 2.297853864729404449e-02 2.286435663700103760e-02 -2.980283575482189917e-09 -3.038310714131853274e-09 nan 2.296109497547149658e-02 5.897353090354915821e+02
3.763558864593505859e-01 2.544165849685668945e-01 1.889295352117686434e-09 2.251190505921840668e-02 2.240123227238655090e-02 -2.836832768693398066e-09 -2.892066808257709454e-09 nan 2.249499596655368805e-02 5.739525391516202717e+02
3.817403912544250488e-01 2.580564916133880615e-01 1.888356242191734645e-09 2.206214703619480133e-02 2.195484563708305359e-02 -2.702298607104580697e-09 -2.754913408509196415e-09 nan 2.204575389623641968e-02 5.588568063630050347e+02
3.871248960494995117e-01 2.616964280605316162e-01 1.887430735669950155e-09 2.162305265665054321e-02 2.151873707771301270e-02 -2.575365032342347149e-09 -2.625508477294147269e-09 nan 2.160711400210857391e-02 5.441379693821586443e+02
3.925094008445739746e-01 2.653363645076751709e-01 1.886518457772270655e-09 2.119047008454799652e-02 2.108863741159439087e-02 -2.455079251006964114e-09 -2.502880791510619929e-09 nan 2.117491140961647034e-02 5.295966480859785861e+02
3.978939056396484375e-01 2.689762711524963379e-01 1.885619049100158659e-09 2.076227962970733643e-02 2.066242508590221405e-02 -2.340805549394531226e-09 -2.386382202956838228e-09 nan 2.074702270328998566e-02 5.151387472314903562e+02
4.032784104347229004e-01 2.726162075996398926e-01 1.884732143174389957e-09 2.033901400864124298e-02 2.024073898792266846e-02 -2.232254381340226246e-09 -2.275717392308251874e-09 nan 2.032399736344814301e-02 5.008034561008007017e+02
4.086629152297973633e-01 2.762561440467834473e-01 1.883857409814700777e-09 1.992378756403923035e-02 1.982685923576354980e-02 -2.129429965691542748e-09 -2.170891022501564294e-09 nan 1.990897953510284424e-02 4.867545887261098869e+02
4.140473902225494385e-01 2.798960208892822266e-01 1.882994538868699288e-09 1.952045969665050507e-02 1.942482404410839081e-02 -2.032403356722056742e-09 -2.071975035988771197e-09 nan 1.950584724545478821e-02 4.731862830073081909e+02
4.194318950176239014e-01 2.835359573364257812e-01 1.882143190604211824e-09 1.913166046142578125e-02 1.903741434216499329e-02 -1.941101723801352819e-09 -1.978895491916432547e-09 nan 1.911726035177707672e-02 4.602273494883592662e+02
4.248163998126983643e-01 2.871758937835693359e-01 1.881303079826970542e-09 1.875861920416355133e-02 1.866594329476356506e-02 -1.855307907305814297e-09 -1.891431455902647940e-09 nan 1.874446123838424683e-02 4.479347007212685980e+02
4.302009046077728271e-01 2.908158004283905029e-01 1.880473925305205483e-09 1.840182580053806305e-02 1.831091754138469696e-02 -1.774745239657704587e-09 -1.809299932098440422e-09 nan 1.838793791830539703e-02 4.363283227664811079e+02
4.355854094028472900e-01 2.944557368755340576e-01 1.879655436356054805e-09 1.806080155074596405e-02 1.797180995345115662e-02 -1.699060114823680578e-09 -1.732141319266133905e-09 nan 1.804720424115657806e-02 4.253814464635285049e+02
4.409699141979217529e-01 2.980956733226776123e-01 1.878847353036435648e-09 1.773346215486526489e-02 1.764645241200923920e-02 -1.627777690416110090e-09 -1.659471227100084434e-09 nan 1.772016845643520355e-02 4.149926759502557729e+02
4.463544189929962158e-01 3.017355799674987793e-01 1.878049424887222573e-09 1.741673611104488373e-02 1.733167469501495361e-02 -1.560370943565203561e-09 -1.590751974589466045e-09 nan 1.740374043583869934e-02 4.050171178327730672e+02
4.517388939857482910e-01 3.053754866123199463e-01 1.877261397654174740e-09 1.710807345807552338e-02 1.702484115958213806e-02 -1.496400559020116816e-09 -1.525536030833052337e-09 nan 1.709535717964172363e-02 3.953369555960189814e+02
4.571233987808227539e-01 3.090154230594635010e-01 1.876483026309890802e-09 1.680605858564376831e-02 1.672448590397834778e-02 -1.435560115226053313e-09 -1.463511090094016254e-09 nan 1.679359748959541321e-02 3.858893495850501836e+02
4.625079035758972168e-01 3.126553297042846680e-01 1.875714093387305177e-09 1.650989055633544922e-02 1.642978936433792114e-02 -1.377616798414749155e-09 -1.404439564645088012e-09 nan 1.649765297770500183e-02 3.766406138762287128e+02
4.678924083709716797e-01 3.162952661514282227e-01 1.874954364165268396e-09 1.621906086802482605e-02 1.614026725292205811e-02 -1.322378762047549117e-09 -1.348126166256236047e-09 nan 1.620702259242534637e-02 3.675708252537716589e+02
4.732769131660461426e-01 3.199352025985717773e-01 1.874203630559428286e-09 1.593380793929100037e-02 1.585620827972888947e-02 -1.269727323283120768e-09 -1.294449547550868829e-09 nan 1.592195220291614532e-02 3.586940757514358893e+02
4.786614179611206055e-01 3.235751092433929443e-01 1.873461691551420399e-09 1.565527170896530151e-02 1.557880826294422150e-02 -1.219620071601923428e-09 -1.243366409831025976e-09 nan 1.564358919858932495e-02 3.500639772043263065e+02
4.840458929538726807e-01 3.272150158882141113e-01 1.872728340933758753e-09 1.538472343236207962e-02 1.530939154326915741e-02 -1.172024477469335579e-09 -1.194844223562085972e-09 nan 1.537321321666240692e-02 3.417382948006080028e+02
4.894303977489471436e-01 3.308549523353576660e-01 1.872003379495005729e-09 1.512271817773580551e-02 1.504855137318372726e-02 -1.126853943489436460e-09 -1.148794281924381266e-09 nan 1.511138677597045898e-02 3.337415131628673066e+02
4.948149025440216064e-01 3.344948589801788330e-01 1.871286632213937058e-09 1.486910320818424225e-02 1.479614432901144028e-02 -1.083973688587036577e-09 -1.105079139307463265e-09 nan 1.485795620828866959e-02 3.260660712303337050e+02
5.001994371414184570e-01 3.381348252296447754e-01 1.870577900826693527e-09 1.462354883551597595e-02 1.455184165388345718e-02 -1.043244379772545471e-09 -1.063556798186482411e-09 nan 1.461259461939334869e-02 3.186966817792809934e+02
5.055838823318481445e-01 3.417747020721435547e-01 1.869877039368293133e-09 1.438570860773324966e-02 1.431526895612478256e-02 -1.004534344595242601e-09 -1.024092921575459059e-09 nan 1.437494531273841858e-02 3.116173918614279046e+02
5.109683871269226074e-01 3.454146385192871094e-01 1.869183849789121820e-09 1.415490638464689255e-02 1.408572215586900711e-02 -9.676970336158774444e-10 -9.865384065221860510e-10 nan 1.414433494210243225e-02 3.047986263218996328e+02
5.163528919219970703e-01 3.490545451641082764e-01 1.868498185335105332e-09 1.393005717545747757e-02 1.386209018528461456e-02 -9.325683558714104038e-10 -9.507258313945499140e-10 nan 1.391967292875051498e-02 2.981933997852675020e+02
5.217373967170715332e-01 3.526944816112518311e-01 1.867819876059786520e-09 1.371017098426818848e-02 1.364335604012012482e-02 -8.990010402776249521e-10 -9.165050385284700951e-10 nan 1.369996182620525360e-02 2.917599403028074221e+02
5.271219015121459961e-01 3.563344180583953857e-01 1.867148773833358248e-09 1.349481940269470215e-02 1.342908851802349091e-02 -8.668947781842462064e-10 -8.837734988276224612e-10 nan 1.348477602005004883e-02 2.854809144332739947e+02
5.325064063072204590e-01 3.599743247032165527e-01 1.866484735032350672e-09 1.328399870544672012e-02 1.321928203105926514e-02 -8.361815129198646446e-10 -8.524622674421777901e-10 nan 1.327411178499460220e-02 2.793571896547592246e+02
5.378909111022949219e-01 3.636142611503601074e-01 1.865827604301946768e-09 1.307768747210502625e-02 1.301392912864685059e-02 -8.067960188817835387e-10 -8.225046754795073412e-10 nan 1.306794583797454834e-02 2.733886987041516932e+02
5.432754158973693848e-01 3.672541677951812744e-01 1.865177252290424566e-09 1.287580933421850204e-02 1.281297113746404648e-02 -7.786734590453647797e-10 -7.938345536473434549e-10 nan 1.286620926111936569e-02 2.675729588229968385e+02
5.486599206924438477e-01 3.708941042423248291e-01 1.864533532427482462e-09 1.267853751778602600e-02 1.261659618467092514e-02 -7.517672040435741110e-10 -7.664043844002321748e-10 nan 1.266907434910535812e-02 2.619176190418477859e+02
5.540444254875183105e-01 3.745340406894683838e-01 1.863896318172137942e-09 1.248625759035348892e-02 1.242520660161972046e-02 -7.260451129198486342e-10 -7.401814161589470586e-10 nan 1.247693039476871490e-02 2.564388530859303046e+02
5.594289302825927734e-01 3.781739473342895508e-01 1.863265486641235488e-09 1.229912787675857544e-02 1.223896909505128860e-02 -7.014631098201107307e-10 -7.151208514244444814e-10 nan 1.228993572294712067e-02 2.511430896901300400e+02
5.648134350776672363e-01 3.818138837814331055e-01 1.862640903204479876e-09 1.211689412593841553e-02 1.205762941390275955e-02 -6.779561911862685974e-10 -6.911562433487006274e-10 nan 1.210783887654542923e-02 2.460195853503258263e+02
5.701979398727416992e-01 3.854538202285766602e-01 1.862022452330667509e-09 1.193919591605663300e-02 1.188082620501518250e-02 -6.554571330141811814e-10 -6.682191466822473558e-10 nan 1.193027757108211517e-02 2.410536227109584786e+02
5.755824446678161621e-01 3.890937268733978271e-01 1.861410021730888845e-09 1.176585815846920013e-02 1.170837320387363434e-02 -6.339123670429103186e-10 -6.462549384522731089e-10 nan 1.175707578659057617e-02 2.362380139340958749e+02
5.809668898582458496e-01 3.927336037158966064e-01 1.860803497296447543e-09 1.159672159701585770e-02 1.154010090976953506e-02 -6.132722107921040333e-10 -6.252127704442500544e-10 nan 1.158807147294282913e-02 2.315662658080075573e+02
5.863513946533203125e-01 3.963735401630401611e-01 1.860202753428811389e-09 1.143141463398933411e-02 1.137563213706016541e-02 -5.934784885752719674e-10 -6.050336898155705967e-10 nan 1.142289116978645325e-02 2.270236507175677332e+02
5.917358994483947754e-01 4.000134766101837158e-01 1.859607692406273365e-09 1.126950699836015701e-02 1.121453382074832916e-02 -5.744736908397385378e-10 -5.856589102570808336e-10 nan 1.126110833138227463e-02 2.225932809402374062e+02
5.971204042434692383e-01 4.036533832550048828e-01 1.859018214291441706e-09 1.111082918941974640e-02 1.105663459748029709e-02 -5.562162952443827635e-10 -5.670460767603913155e-10 nan 1.110254973173141479e-02 2.182687033112613904e+02
6.025049090385437012e-01 4.072933197021484375e-01 1.858434207544148841e-09 1.095545198768377304e-02 1.090200617909431458e-02 -5.386791013251013283e-10 -5.491673782387351821e-10 nan 1.094728708267211914e-02 2.140529854674384467e+02
6.078894138336181641e-01 4.109332561492919922e-01 1.857855577876460681e-09 1.080338284373283386e-02 1.075066346675157547e-02 -5.218330212386490530e-10 -5.319933382708086356e-10 nan 1.079532783478498459e-02 2.099466941838162199e+02
6.132739186286926270e-01 4.145731627941131592e-01 1.857282233477322155e-09 1.065449416637420654e-02 1.060248259454965591e-02 -5.056438601158674828e-10 -5.154888738090335210e-10 nan 1.064654812216758728e-02 2.059448889232168369e+02
6.186584234237670898e-01 4.182130992412567139e-01 1.856714071034082293e-09 1.050872355699539185e-02 1.045740395784378052e-02 -4.900820860243015886e-10 -4.996242308763498841e-10 nan 1.050088275223970413e-02 2.020453328920044669e+02
6.240429282188415527e-01 4.218530058860778809e-01 1.856151008397507339e-09 1.036617066711187363e-02 1.031553745269775391e-02 -4.751274929049031925e-10 -4.843783707464410782e-10 nan 1.035843510180711746e-02 1.982519467471710470e+02
6.294274330139160156e-01 4.254929423332214355e-01 1.855592947277603754e-09 1.022689417004585266e-02 1.017693709582090378e-02 -4.607582371196627946e-10 -4.697293665145707564e-10 nan 1.021926011890172958e-02 1.945668329475795986e+02
6.556535363197326660e-01 4.432217776775360107e-01 1.852943630635520644e-09 9.590086527168750763e-03 9.543284773826599121e-03 -3.981939222796881950e-10 -4.059468594608262038e-10 nan 9.582936763763427734e-03 1.779649936690420020e+02
8.039034605026245117e-01 5.434387326240539551e-01 1.839770603253567837e-09 6.931448355317115784e-03 6.897629704326391220e-03 -1.914419872628414510e-10 -1.951694361679301437e-10 nan 6.926281377673149109e-03 1.131796878772897230e+02
9.932619333267211914e-01 6.714450716972351074e-01 1.826201010048688587e-09 4.922729916870594025e-03 4.898719489574432373e-03 -8.906343718084741568e-11 -9.079753615637287112e-11 nan 4.919061437249183655e-03 7.001278767214293453e+01
1.227223634719848633e+00 8.296031951904296875e-01 1.812731498599941669e-09 3.479005303233861923e-03 3.462041262537240982e-03 -4.123145921908211164e-11 -4.203425454929465843e-11 nan 3.476413665339350700e-03 4.288647268448180938e+01
1.516294717788696289e+00 1.025015234947204590e+00 1.799361337301671755e-09 2.447800477966666222e-03 2.435868140310049057e-03 -1.900333709836665719e-11 -1.937333800328122635e-11 nan 2.445977646857500076e-03 2.603796250724860784e+01
1.873456120491027832e+00 1.266456365585327148e+00 1.786089789356977996e-09 1.715307473205029964e-03 1.706947688944637775e-03 -8.723201848359618538e-12 -8.893046021807293755e-12 nan 1.714030164293944836e-03 1.568136034723629635e+01
2.314746379852294922e+00 1.564768552780151367e+00 1.772916133006574509e-09 1.197605510242283344e-03 1.191770192235708237e-03 -3.989586005309631034e-12 -4.067265187840396479e-12 nan 1.196714118123054504e-03 9.375018731724294341e+00
2.859982252120971680e+00 1.933347940444946289e+00 1.759839636962373426e-09 8.333598962053656578e-04 8.293005521409213543e-04 -1.818555831097079523e-12 -1.853964030906762872e-12 nan 8.327396935783326626e-04 5.567427663566486551e+00
3.533647537231445312e+00 2.388745784759521484e+00 1.746859588797865175e-09 5.781268118880689144e-04 5.753115983679890633e-04 -8.264128313964502759e-13 -8.425033674180903986e-13 nan 5.776967154815793037e-04 3.286096800126192097e+00
4.365993976593017578e+00 2.951411962509155273e+00 1.733975279535418463e-09 3.999418113380670547e-04 3.979952016379684210e-04 -3.744988260473425257e-13 -3.817904922331222251e-13 nan 3.996444283984601498e-04 1.928735198274954099e+00
5.394398689270019531e+00 3.646613597869873047e+00 1.721185999058096773e-09 2.759654889814555645e-04 2.746230748016387224e-04 -1.692730699533184779e-13 -1.725689225849300068e-13 nan 2.757603942882269621e-04 1.126246332485943524e+00
6.665042877197265625e+00 4.505568981170654297e+00 1.708491050912268841e-09 1.899693306768313050e-04 1.890460553113371134e-04 -7.633006233369668547e-14 -7.781626634294908085e-14 nan 1.898282789625227451e-04 6.545390993512725242e-01
8.234986305236816406e+00 5.566850662231445312e+00 1.695889732548296616e-09 1.304863690165802836e-04 1.298529823543503881e-04 -3.434438402617236152e-14 -3.501309620923889754e-14 nan 1.303895987803116441e-04 3.787422329519977704e-01
1.017472743988037109e+01 6.878115653991699219e+00 1.683381361073609185e-09 8.944776345742866397e-05 8.901440742192789912e-05 -1.542188990714347258e-14 -1.572216986320870008e-14 nan 8.938155224313959479e-05 2.182715762425414818e-01
1.257137203216552734e+01 8.498247146606445312e+00 1.670965250288532184e-09 6.120117177488282323e-05 6.090550959925167263e-05 -6.912003572447219732e-15 -7.046589907985876394e-15 nan 6.115600263001397252e-05 1.253206266644390221e-01
1.553254413604736328e+01 1.050000000000000000e+01 1.658640709094829109e-09 4.180159157840535045e-05 4.160051685175858438e-05 -3.092508608337741181e-15 -3.152725662865707087e-15 nan 4.177087248535826802e-05 7.170236879993614754e-02
