# k/h [h/Mpc]            k [1/Mpc]              Primoridal             T_cdm(k)                 T_bar(k)                 T_phot(k)                T_massless neutrions(k)  T_massive neutrinos(k)   T_total(k)               Linear Pk [(Mpc/h)^3]  
1.049045658874092624e-05 7.091548468451946974e-06 2.727206404909961128e-09 1.000000000000000000e+00 1.000000000000000000e+00 1.000000000000000000e+00 1.000000000000000000e+00 nan 1.000000000000000000e+00 2.008694561754466079e+01
1.158353370556142181e-05 7.830468348402064294e-06 2.717761705682844603e-09 9.999997019767761230e-01 9.999997019767761230e-01 9.999290704727172852e-01 9.999271035194396973e-01 nan 9.999997019767761230e-01 2.210312548256246501e+01
1.279050593439023942e-05 8.646382411825470626e-06 2.708349706436794825e-09 9.999994039535522461e-01 9.999994039535522461e-01 9.998424649238586426e-01 9.998382329940795898e-01 nan 9.999992847442626953e-01 2.432167362958571033e+01
1.412324218108551577e-05 9.547311492497101426e-06 2.698970312856197758e-09 9.999989271163940430e-01 9.999989867210388184e-01 9.997370839118957520e-01 9.997299313545227051e-01 nan 9.999989271163940430e-01 2.676289421889978115e+01
1.559484553581569344e-05 1.054211588780162856e-05 2.689623392481895528e-09 9.999984502792358398e-01 9.999984502792358398e-01 9.996085166931152344e-01 9.995979666709899902e-01 nan 9.999984502792358398e-01 2.944914770043828511e+01
1.721978514979127795e-05 1.164057448477251455e-05 2.680308856040028027e-09 9.999979138374328613e-01 9.999979138374328613e-01 9.994516968727111816e-01 9.994369745254516602e-01 nan 9.999979138374328613e-01 3.240501880783155997e+01
1.901403993542771786e-05 1.285349117097212002e-05 2.671026563908324178e-09 9.999971389770507812e-01 9.999971389770507812e-01 9.992606043815612793e-01 9.992408156394958496e-01 nan 9.999970793724060059e-01 3.565756445062056912e+01
2.099525045196060091e-05 1.419278942194068804e-05 2.661776424936157355e-09 9.999962449073791504e-01 9.999962449073791504e-01 9.990276694297790527e-01 9.990015625953674316e-01 nan 9.999962449073791504e-01 3.923655671888779750e+01
2.318289807590190321e-05 1.567163963045459241e-05 2.652558315858844083e-09 9.999951720237731934e-01 9.999951720237731934e-01 9.987437129020690918e-01 9.987101554870605469e-01 nan 9.999951720237731934e-01 4.317476473485848487e+01
2.559849235694855452e-05 1.730458097881637514e-05 2.643372135990062650e-09 9.999938011169433594e-01 9.999938011169433594e-01 9.983975291252136230e-01 9.983547329902648926e-01 nan 9.999938011169433594e-01 4.750822568223611597e+01
2.826578383974265307e-05 1.910767059598583728e-05 2.634217767634683471e-09 9.999922513961791992e-01 9.999921917915344238e-01 9.979757070541381836e-01 9.979216456413269043e-01 nan 9.999921917915344238e-01 5.227661970462208529e+01
3.121100235148333013e-05 2.109863817167934030e-05 2.625095097817206075e-09 9.999902844429016113e-01 9.999901056289672852e-01 9.974616765975952148e-01 9.973937869071960449e-01 nan 9.999902844429016113e-01 5.752356491051884291e+01
3.446310074650682509e-05 2.329705603187903762e-05 2.616004033478672110e-09 9.999879002571105957e-01 9.999877214431762695e-01 9.968351721763610840e-01 9.967506527900695801e-01 nan 9.999878406524658203e-01 6.329708942818774631e+01
3.805406231549568474e-05 2.572454650362487882e-05 2.606944439452153756e-09 9.999849796295166016e-01 9.999846816062927246e-01 9.960717558860778809e-01 9.959670305252075195e-01 nan 9.999849796295166016e-01 6.965002204807048258e+01
4.201919000479392707e-05 2.840497290890198201e-05 2.597916226597658093e-09 9.999814629554748535e-01 9.999810457229614258e-01 9.951419234275817871e-01 9.950124025344848633e-01 nan 9.999814033508300781e-01 7.664048412311218783e+01
4.639747567125596106e-05 3.136469240416772664e-05 2.588919279439887767e-09 9.999771118164062500e-01 9.999766349792480469e-01 9.940090775489807129e-01 9.938495755195617676e-01 nan 9.999771118164062500e-01 8.433240286036442512e+01
5.123196388012729585e-05 3.463280881987884641e-05 2.579953483847589841e-09 9.999718070030212402e-01 9.999712109565734863e-01 9.926296472549438477e-01 9.924334287643432617e-01 nan 9.999717473983764648e-01 9.279614093452111945e+01
5.657019573845900595e-05 3.824145096587017179e-05 2.571018745591721348e-09 9.999654293060302734e-01 9.999647736549377441e-01 9.909501671791076660e-01 9.907094240188598633e-01 nan 9.999651908874511719e-01 1.021090881812530142e+02
6.246465636650100350e-05 4.222610732540488243e-05 2.562114941593048984e-09 9.999575614929199219e-01 9.999566078186035156e-01 9.889062047004699707e-01 9.886113405227661133e-01 nan 9.999573826789855957e-01 1.123563424636001855e+02
6.897329876665025949e-05 4.662595165427774191e-05 2.553241977543412439e-09 9.999479651451110840e-01 9.999468922615051270e-01 9.864193797111511230e-01 9.860587120056152344e-01 nan 9.999478459358215332e-01 1.236315468890457367e+02
7.616012590005993843e-05 5.148424679646268487e-05 2.544399743325443185e-09 9.999363422393798828e-01 9.999349713325500488e-01 9.833953976631164551e-01 9.829548001289367676e-01 nan 9.999361038208007812e-01 1.360376705529539834e+02
8.409580186707898974e-05 5.684876305167563260e-05 2.535588130685252624e-09 9.999220967292785645e-01 9.999204874038696289e-01 9.797203540802001953e-01 9.791827797889709473e-01 nan 9.999218583106994629e-01 1.496879537579075929e+02
9.285835403716191649e-05 6.277224747464060783e-05 2.526807033334104165e-09 9.999048113822937012e-01 9.999027848243713379e-01 9.752570390701293945e-01 9.746021032333374023e-01 nan 9.999044537544250488e-01 1.647069438024269346e+02
1.025339443003758788e-04 6.931294774403795600e-05 2.518056339675267213e-09 9.998837709426879883e-01 9.998812079429626465e-01 9.698414802551269531e-01 9.690443277359008789e-01 nan 9.998832941055297852e-01 1.812314833132555805e+02
1.132176985265687108e-04 7.653516513528302312e-05 2.509335958204897443e-09 9.998580217361450195e-01 9.998549818992614746e-01 9.632769227027893066e-01 9.623082876205444336e-01 nan 9.998575448989868164e-01 1.994120010182422504e+02
1.250146742677316070e-04 8.450992027064785361e-05 2.500645773867358897e-09 9.998267292976379395e-01 9.998229742050170898e-01 9.553302526473999023e-01 9.541547894477844238e-01 nan 9.998261332511901855e-01 2.194139316390881618e+02
1.380408502882346511e-04 9.331561159342527390e-05 2.491985695624705562e-09 9.997885823249816895e-01 9.997840523719787598e-01 9.457254409790039062e-01 9.443015456199645996e-01 nan 9.997879266738891602e-01 2.414187705563503812e+02
1.524243270978331566e-04 1.030388448270969093e-04 2.483355596498544299e-09 9.997422695159912109e-01 9.997367262840270996e-01 9.341390132904052734e-01 9.324173927307128906e-01 nan 9.997413754463195801e-01 2.656261261310675081e+02
1.683065347606316209e-04 1.137752187787555158e-04 2.474755379885282393e-09 9.996858239173889160e-01 9.996790289878845215e-01 9.201949834823608398e-01 9.181178808212280273e-01 nan 9.996847510337829590e-01 2.922549244644016539e+02
1.858436153270304203e-04 1.256302784895524383e-04 2.466184957973141175e-09 9.996172189712524414e-01 9.996089339256286621e-01 9.034618735313415527e-01 9.009627699851989746e-01 nan 9.996159076690673828e-01 3.215453550247384555e+02
2.052080089924857020e-04 1.387206139042973518e-04 2.457644209414643305e-09 9.995336532592773438e-01 9.995236992835998535e-01 8.834525942802429199e-01 8.804553151130676270e-01 nan 9.995321631431579590e-01 3.537607925608878077e+02
2.265901130158454180e-04 1.531749148853123188e-04 2.449133045395065615e-09 9.994322061538696289e-01 9.994202256202697754e-01 8.596289753913879395e-01 8.560481071472167969e-01 nan 9.994303584098815918e-01 3.891898845929899835e+02
2.502001880202442408e-04 1.691353245405480266e-04 2.440651351248999153e-09 9.993091821670532227e-01 9.992944598197937012e-01 8.314138054847717285e-01 8.271557688713073730e-01 nan 9.993068575859069824e-01 4.281487053684780335e+02
2.762703516054898500e-04 1.867587561719119549e-04 2.432199034655000626e-09 9.991597533226013184e-01 9.991419911384582520e-01 7.982145547866821289e-01 7.931799292564392090e-01 nan 9.991570115089416504e-01 4.709824774120896791e+02
3.050569503102451563e-04 2.062184939859434962e-04 2.423775992290330563e-09 9.989786744117736816e-01 9.989573359489440918e-01 7.594625949859619141e-01 7.535511255264282227e-01 nan 9.989754557609558105e-01 5.180686888013311773e+02
3.368430479895323515e-04 2.277058956678956747e-04 2.415382114947829304e-09 9.987596869468688965e-01 9.987338781356811523e-01 7.146738767623901367e-01 7.077914476394653320e-01 nan 9.987557530403137207e-01 5.698190562703537125e+02
3.719411906786262989e-04 2.514322404749691486e-04 2.407017301830847028e-09 9.984948039054870605e-01 9.984639286994934082e-01 6.635360717773437500e-01 6.556065082550048828e-01 nan 9.984900951385498047e-01 6.266811496420156118e+02
4.106964333914220333e-04 2.776307810563594103e-04 2.398681465071051552e-09 9.981754422187805176e-01 9.981385469436645508e-01 6.060267090797424316e-01 5.970066785812377930e-01 nan 9.981697797775268555e-01 6.891421039127709491e+02
4.534898616839200258e-04 3.065591445192694664e-04 2.390374494355455649e-09 9.977909922599792480e-01 9.977470040321350098e-01 5.425596833229064941e-01 5.324594974517822266e-01 nan 9.977841973304748535e-01 7.577294585265993874e+02
5.007422878406941891e-04 3.385017917025834322e-04 2.382096284987275655e-09 9.973292350769042969e-01 9.972772598266601562e-01 4.741507172584533691e-01 4.630586206912994385e-01 nan 9.973212480545043945e-01 8.330138200826203274e+02
5.529182380996644497e-04 3.737727238330990076e-04 2.373846756225058361e-09 9.967764019966125488e-01 9.967154264450073242e-01 4.025735855102539062e-01 3.906813561916351318e-01 nan 9.967671632766723633e-01 9.156101863350924077e+02
6.105307838879525661e-04 4.127188003621995449e-04 2.365625794166928840e-09 9.961166977882385254e-01 9.960454106330871582e-01 3.304541707038879395e-01 3.180787265300750732e-01 nan 9.961057305335998535e-01 1.006179709475307732e+03
6.741464603692293167e-04 4.557229985948652029e-04 2.357433293568910220e-09 9.953323006629943848e-01 9.952499866485595703e-01 2.612204849720001221e-01 2.488120794296264648e-01 nan 9.953196644783020020e-01 1.105430288449377485e+03
7.443906506523489952e-04 5.032080807723104954e-04 2.349269171114912410e-09 9.944033026695251465e-01 9.943093061447143555e-01 1.988040804862976074e-01 1.869281530380249023e-01 nan 9.943889975547790527e-01 1.214116463366463449e+03
8.219541050493717194e-04 5.556409596465528011e-04 2.341133324843220307e-09 9.933083057403564453e-01 9.932020902633666992e-01 1.469985693693161011e-01 1.362783759832382202e-01 nan 9.932921528816223145e-01 1.333040499962759668e+03
9.075994603335857391e-04 6.135372095741331577e-04 2.333025652639057309e-09 9.920234084129333496e-01 9.919052124023437500e-01 1.084691807627677917e-01 9.948235750198364258e-02 nan 9.920053482055664062e-01 1.463049843941127847e+03
1.002168864943087101e-03 6.774661596864461899e-04 2.324946049885245546e-09 9.905229210853576660e-01 9.903932213783264160e-01 8.361461013555526733e-02 7.675566524267196655e-02 nan 9.905030727386474609e-01 1.605034380130427280e+03
1.106592128053307533e-03 7.480562780983746052e-04 2.316894434325377400e-09 9.887788295745849609e-01 9.886390566825866699e-01 6.979940831661224365e-02 6.515084952116012573e-02 nan 9.887575507164001465e-01 1.759922985425132310e+03
1.221895916387438774e-03 8.260016329586505890e-04 2.308870708568745277e-09 9.867604374885559082e-01 9.866124987602233887e-01 6.174153462052345276e-02 5.902405083179473877e-02 nan 9.867378473281860352e-01 1.928673813852240983e+03
1.349214115180075169e-03 9.120687609538435936e-04 2.300874762407135126e-09 9.844336509704589844e-01 9.842798709869384766e-01 5.364885553717613220e-02 5.231441184878349304e-02 nan 9.844101071357727051e-01 2.112264308801426068e+03
1.489798538386821747e-03 1.007103826850652695e-03 2.292906509188567727e-09 9.817607998847961426e-01 9.816034436225891113e-01 4.257235676050186157e-02 4.202451556921005249e-02 nan 9.817367196083068848e-01 2.311674938977911552e+03
1.645031501539051533e-03 1.112041296437382698e-03 2.284965850418265676e-09 9.787001013755798340e-01 9.785407185554504395e-01 3.055247291922569275e-02 3.034973330795764923e-02 nan 9.786757230758666992e-01 2.527869972913507809e+03
1.816439209505915642e-03 1.227912958711385727e-03 2.277052691606405739e-09 9.752056002616882324e-01 9.750449061393737793e-01 2.241844683885574341e-02 2.228509820997714996e-02 nan 9.751809835433959961e-01 2.761771990470245782e+03
2.005707239732146263e-03 1.355858054012060165e-03 2.269166941709029953e-09 9.712277650833129883e-01 9.710650444030761719e-01 1.969743520021438599e-02 1.580866053700447083e-02 nan 9.712029099464416504e-01 3.014238945609458369e+03
2.214696491137146950e-03 1.497134799137711525e-03 2.261308494449764354e-09 9.667138457298278809e-01 9.665468335151672363e-01 1.792738214135169983e-02 1.290642283856868744e-02 nan 9.666883349418640137e-01 3.286029378116645148e+03
2.445461694151163101e-03 1.653132145293056965e-03 2.253477264686429142e-09 9.616069793701171875e-01 9.614321589469909668e-01 1.353179756551980972e-02 1.053020451217889786e-02 nan 9.615802168846130371e-01 3.577756116907600699e+03
2.700272016227245331e-03 1.825383864343166351e-03 2.245673160886940457e-09 9.558473229408264160e-01 9.556609392166137695e-01 9.923210367560386658e-03 8.585285395383834839e-03 nan 9.558188319206237793e-01 3.889848054691700781e+03
2.981632947921752930e-03 2.015583915635943413e-03 2.237896076485985185e-09 9.493717551231384277e-01 9.491709470748901367e-01 8.939607068896293640e-03 6.993972230702638626e-03 nan 9.493410587310791016e-01 4.222486025337557294e+03
3.292310982942581177e-03 2.225602278485894203e-03 2.230145925871712440e-09 9.421148896217346191e-01 9.418980479240417480e-01 6.769189611077308655e-03 5.692604463547468185e-03 nan 9.420818090438842773e-01 4.575550977559549210e+03
3.635360859334468842e-03 2.457503927871584892e-03 2.222422616889744185e-09 9.340090751647949219e-01 9.337745308876037598e-01 5.482477601617574692e-03 4.628870636224746704e-03 nan 9.339733123779296875e-01 4.948548961436637910e+03
4.014155361801385880e-03 2.713568974286317825e-03 2.214726058195065524e-09 9.249844551086425781e-01 9.247289896011352539e-01 4.874431993812322617e-03 3.759866347536444664e-03 nan 9.249453544616699219e-01 5.340532813431829709e+03
4.432419314980506897e-03 2.996315481141209602e-03 2.207056148657132701e-09 9.149698019027709961e-01 9.146878123283386230e-01 3.402338130399584770e-03 3.050405299291014671e-03 nan 9.149267077445983887e-01 5.750018641504686457e+03
4.894265439361333847e-03 3.308523446321487427e-03 2.199412800139309644e-09 9.038930535316467285e-01 9.035779237747192383e-01 2.830557525157928467e-03 2.471598563715815544e-03 nan 9.038448333740234375e-01 6.174899300394474267e+03
5.404234398156404495e-03 3.653262509033083916e-03 2.191795924301313793e-09 8.916818499565124512e-01 8.913276195526123047e-01 2.334109274670481682e-03 1.999766565859317780e-03 nan 8.916276693344116211e-01 6.612347357960467889e+03
5.967340432107448578e-03 4.033922217786312103e-03 2.184205430909534259e-09 8.782636523246765137e-01 8.778632879257202148e-01 1.614581560716032982e-03 1.615479937754571438e-03 nan 8.782025575637817383e-01 7.058714894476083828e+03
6.589121185243129730e-03 4.454245790839195251e-03 2.176641221197925960e-09 8.635660409927368164e-01 8.631095886230468750e-01 1.462414162233471870e-03 1.302798162214457989e-03 nan 8.634963631629943848e-01 7.509430357050140628e+03
7.275689393281936646e-03 4.918366204947233200e-03 2.169103203027300791e-09 8.475168347358703613e-01 8.469929695129394531e-01 1.364436815492808819e-03 1.048655831255018711e-03 nan 8.474368453025817871e-01 7.958890778780668370e+03
8.033796213567256927e-03 5.430846009403467178e-03 2.161591299930936394e-09 8.300444483757019043e-01 8.294410705566406250e-01 1.019056071527302265e-03 8.423401159234344959e-04 nan 8.299522399902343750e-01 8.400374243326505166e+03
8.870895951986312866e-03 5.996725521981716156e-03 2.154105401952956366e-09 8.110771179199218750e-01 8.103787899017333984e-01 7.939833449199795723e-04 6.750680622644722462e-04 nan 8.109703660011291504e-01 8.825925462990171582e+03
9.795218706130981445e-03 6.621567998081445694e-03 2.146645430474833453e-09 7.905456423759460449e-01 7.897353172302246094e-01 6.959439488127827644e-04 5.396460765041410923e-04 nan 7.904217839241027832e-01 9.226348148253937325e+03
1.081585418432950974e-02 7.311517372727394104e-03 2.139211293795359687e-09 7.683808207511901855e-01 7.674389481544494629e-01 4.451579006854444742e-04 4.301822336856275797e-04 nan 7.682369351387023926e-01 9.591113761808268464e+03
1.194283645600080490e-02 8.073357865214347839e-03 2.131802900090153706e-09 7.445169687271118164e-01 7.434220314025878906e-01 4.004066577181220055e-04 3.418542328290641308e-04 nan 7.443497180938720703e-01 9.908439520736985287e+03
1.318724639713764191e-02 8.914578706026077271e-03 2.124420174276236449e-09 7.188950777053833008e-01 7.176231741905212402e-01 2.953567891381680965e-04 2.707187668420374393e-04 nan 7.187007665634155273e-01 1.016546109948070807e+04
1.456132158637046814e-02 9.843453764915466309e-03 2.117063005254935590e-09 6.914666891098022461e-01 6.899927854537963867e-01 2.271565463161095977e-04 2.135530958184972405e-04 nan 6.912415027618408203e-01 1.034852952838873716e+04
1.607857085764408112e-02 1.086911372840404510e-02 2.109731324472420402e-09 6.622031927108764648e-01 6.605017781257629395e-01 1.883409859146922827e-04 1.677266991464421153e-04 nan 6.619432568550109863e-01 1.044380272585445891e+04
1.775391399860382080e-02 1.200164575129747391e-02 2.102425026951150955e-09 6.311078071594238281e-01 6.291548013687133789e-01 1.325178600382059813e-04 1.310945081058889627e-04 nan 6.308094263076782227e-01 1.043814226851605599e+04
1.960382424294948578e-02 1.325218472629785538e-02 2.095144031049849183e-09 5.982331633567810059e-01 5.960085988044738770e-01 1.036161411320790648e-04 1.019094415823929012e-04 nan 5.978932976722717285e-01 1.032041602119446361e+04
2.164648845791816711e-02 1.463302597403526306e-02 2.087888252770266929e-09 5.637055039405822754e-01 5.611969828605651855e-01 8.754731970839202404e-05 7.875018491176888347e-05 nan 5.633222460746765137e-01 1.008325551252588957e+04
2.390199340879917145e-02 1.615774817764759064e-02 2.080657597354892904e-09 5.277535319328308105e-01 5.249608159065246582e-01 6.274735642364248633e-05 6.046137059456668794e-05 nan 5.273268222808837891e-01 9.725199121572666627e+03
2.639251388609409332e-02 1.784133911132812500e-02 2.073451995948668221e-09 4.907409846782684326e-01 4.876820445060729980e-01 5.121887079440057278e-05 4.610411997418850660e-05 nan 4.902736544609069824e-01 9.252965106872952674e+03
2.914254181087017059e-02 1.970035769045352936e-02 2.066271340052806293e-09 4.531970918178558350e-01 4.499141871929168701e-01 3.895128611475229263e-05 3.491485404083505273e-05 nan 4.526955187320709229e-01 8.683414002276322208e+03
3.217911347746849060e-02 2.175308018922805786e-02 2.059115554147728899e-09 4.158326089382171631e-01 4.123980104923248291e-01 2.752403270278591663e-05 2.627104368002619594e-05 nan 4.153078794479370117e-01 8.044394260150191258e+03
3.553209081292152405e-02 2.401969395577907562e-02 2.051984539888671147e-09 3.795261979103088379e-01 3.760452568531036377e-01 2.214543928857892752e-05 1.966272247955203056e-05 nan 3.789943754673004150e-01 7.373604698842277685e+03
3.923443704843521118e-02 2.652247995138168335e-02 2.044878229365854235e-09 3.452571928501129150e-01 3.418659865856170654e-01 1.487417193857254460e-05 1.466920639359159395e-05 nan 3.447390496730804443e-01 6.714625686149528519e+03
4.332255572080612183e-02 2.928604744374752045e-02 2.037796533657790378e-09 3.139637708663940430e-01 3.108178377151489258e-01 1.270193934033159167e-05 1.094051458494504914e-05 nan 3.134831488132476807e-01 6.109918861024653779e+03
4.765481501817703247e-02 3.221465647220611572e-02 2.031010053452367756e-09 2.872313857078552246e-01 2.844639718532562256e-01 8.472415174765046686e-06 8.272443665191531181e-06 nan 2.868085801601409912e-01 5.606401209366601506e+03
5.198707059025764465e-02 3.514325991272926331e-02 2.024834231214258902e-09 2.660835385322570801e-01 2.637545764446258545e-01 6.595994364033685997e-06 6.440310244215652347e-06 nan 2.657277286052703857e-01 5.232658128592341200e+03
5.631932616233825684e-02 3.807186335325241089e-02 2.019169610001785353e-09 2.488028109073638916e-01 2.469088733196258545e-01 5.256241365714231506e-06 5.132177648192737252e-06 nan 2.485134452581405640e-01 4.942450469977369721e+03
6.065158173441886902e-02 4.100047051906585693e-02 2.013939112582009273e-09 2.341788709163665771e-01 2.326634973287582397e-01 4.266579708200879395e-06 4.165874997852370143e-06 nan 2.339473515748977661e-01 4.703112403401253687e+03
6.498383730649948120e-02 4.392907395958900452e-02 2.009081821590703985e-09 2.210804075002670288e-01 2.198510617017745972e-01 3.509300086079747416e-06 3.426468765610479750e-06 nan 2.208925634622573853e-01 4.480278303402936217e+03
6.931609660387039185e-02 4.685768112540245056e-02 2.004548729015451583e-09 2.086795419454574585e-01 2.076279222965240479e-01 2.911583578679710627e-06 2.842860340024344623e-06 nan 2.085188776254653931e-01 4.248268425749628477e+03
7.364834845066070557e-02 4.978628456592559814e-02 2.000299865353250301e-09 1.964922398328781128e-01 1.955136656761169434e-01 2.428512743790633976e-06 2.371191612837719731e-06 nan 1.963427215814590454e-01 3.993469896220297414e+03
7.798060774803161621e-02 5.271489173173904419e-02 1.996302173696350216e-09 1.843907386064529419e-01 1.834003329277038574e-01 2.032629936365992762e-06 1.984652953979093581e-06 nan 1.842394024133682251e-01 3.716144402910983445e+03
8.231285959482192993e-02 5.564349144697189331e-02 1.992528044667567094e-09 1.725125312805175781e-01 1.714556217193603516e-01 1.706566649772867095e-06 1.666286152612883598e-06 nan 1.723510622978210449e-01 3.427006206400676547e+03
8.664511889219284058e-02 5.857209861278533936e-02 1.988954134422163219e-09 1.611273735761642456e-01 1.599830538034439087e-01 1.438299136680143420e-06 1.404351110068091657e-06 nan 1.609525531530380249e-01 3.141296937485531544e+03
9.097737073898315430e-02 6.150070205330848694e-02 1.985560585482697045e-09 1.505177617073059082e-01 1.492963582277297974e-01 1.218475517816841602e-06 1.189715931104728952e-06 nan 1.503311544656753540e-01 2.873383253392850747e+03
9.636187553405761719e-02 6.514062732458114624e-02 1.981568674123380254e-09 1.387936770915985107e-01 1.375255286693572998e-01 1.001342070594546385e-06 9.777078275874373503e-07 nan 1.385999321937561035e-01 2.582588717206763249e+03
1.017463728785514832e-01 6.878054887056350708e-02 1.977801256732118934e-09 1.290156990289688110e-01 1.277753114700317383e-01 8.348233677679672837e-07 8.151193924277322367e-07 nan 1.288262009620666504e-01 2.351734063086517835e+03
1.071308776736259460e-01 7.242047041654586792e-02 1.974234781265857972e-09 1.212332397699356079e-01 1.200921982526779175e-01 7.076159249663760420e-07 6.909143053235311527e-07 nan 1.210589036345481873e-01 2.182520658450881456e+03
1.125153750181198120e-01 7.606039196252822876e-02 1.970849203820953451e-09 1.151094287633895874e-01 1.141161993145942688e-01 6.091847239986236673e-07 5.948062948846200015e-07 nan 1.149576827883720398e-01 2.062949265290441417e+03
1.178998723626136780e-01 7.970031350851058960e-02 1.967627323526894450e-09 1.100787892937660217e-01 1.092482432723045349e-01 5.306602588461828418e-07 5.181350957172980998e-07 nan 1.099519059062004089e-01 1.973626582091886576e+03
1.232843771576881409e-01 8.334024250507354736e-02 1.964554264128985100e-09 1.055801734328269958e-01 1.048940569162368774e-01 4.655652787732833531e-07 4.545764511476590997e-07 nan 1.054753586649894714e-01 1.895563523186614248e+03
1.286688745021820068e-01 8.698015660047531128e-02 1.961617102724775952e-09 1.011779680848121643e-01 1.005941778421401978e-01 4.096424390809261240e-07 3.999735440629592631e-07 nan 1.010887846350669861e-01 1.814099783320408051e+03
1.340533792972564697e-01 9.062008559703826904e-02 1.958804483640675406e-09 9.660437703132629395e-02 9.607103466987609863e-02 3.603500431381689850e-07 3.518446192174451426e-07 nan 9.652290493249893188e-02 1.720536982355274858e+03
1.394378840923309326e-01 9.426000714302062988e-02 1.956106446915437174e-09 9.179074317216873169e-02 9.126061201095581055e-02 3.164477107020502444e-07 3.089784854637400713e-07 nan 9.170974791049957275e-02 1.613513148740795486e+03
1.448223739862442017e-01 9.789992123842239380e-02 1.953514161287429418e-09 8.684995770454406738e-02 8.629130572080612183e-02 2.775335588012239896e-07 2.709828947899950435e-07 nan 8.676459640264511108e-02 1.498279825803317181e+03
1.502068787813186646e-01 1.015398502349853516e-01 1.951019758654691563e-09 8.199650049209594727e-02 8.139813691377639771e-02 2.435403700928873150e-07 2.377920935714428197e-07 nan 8.190508931875228882e-02 1.383386734052241081e+03
1.555913835763931274e-01 1.051797717809677124e-01 1.948616241255242070e-09 7.746680825948715210e-02 7.683708518743515015e-02 2.144078194987741881e-07 2.093471778152888874e-07 nan 7.737059891223907471e-02 1.277452350781850782e+03
1.609758734703063965e-01 1.088196933269500732e-01 1.946297314463125787e-09 7.346212118864059448e-02 7.282308489084243774e-02 1.899316686149177258e-07 1.854487692298789625e-07 nan 7.336448878049850464e-02 1.187130260014916075e+03
1.663603782653808594e-01 1.124596148729324341e-01 1.944057316713681798e-09 7.008843868970870972e-02 6.946742534637451172e-02 1.696645171023192233e-07 1.656599692978488747e-07 nan 6.999356299638748169e-02 1.115458091963453171e+03
1.717448830604553223e-01 1.160995438694953918e-01 1.941891129256332855e-09 6.731732934713363647e-02 6.673859059810638428e-02 1.529054571847154875e-07 1.492964543103880715e-07 nan 6.722891330718994141e-02 1.061118701574873057e+03
1.771293878555297852e-01 1.197394654154777527e-01 1.939794125595426991e-09 6.501268595457077026e-02 6.449125707149505615e-02 1.388423953585515846e-07 1.355653154178071418e-07 nan 6.493302434682846069e-02 1.019633283959282153e+03
1.825138777494430542e-01 1.233793795108795166e-01 1.937762091126241291e-09 6.299687176942825317e-02 6.253583729267120361e-02 1.267309386321358033e-07 1.237396958231329336e-07 nan 6.292643398046493530e-02 9.854527465361375107e+02
1.878983825445175171e-01 1.270193010568618774e-01 1.935791175107242678e-09 6.109747290611267090e-02 6.068881601095199585e-02 1.159785014692715777e-07 1.132410574200548581e-07 nan 6.103503704071044922e-02 9.532999244763404931e+02
1.932828873395919800e-01 1.306592375040054321e-01 1.933877861004656685e-09 5.917305126786231995e-02 5.880116298794746399e-02 1.061612806552147958e-07 1.036555445921294449e-07 nan 5.911623686552047729e-02 9.189077019877712473e+02
1.986673772335052490e-01 1.342991441488265991e-01 1.932018951816384183e-09 5.714262276887893677e-02 5.678921937942504883e-02 9.703823167228620150e-08 9.474781847984559136e-08 nan 5.708863213658332825e-02 8.799536301113753325e+02
2.040518820285797119e-01 1.379390656948089600e-01 1.930211465507478933e-09 5.500429868698120117e-02 5.465325340628623962e-02 8.853945843156907358e-08 8.644964566428825492e-08 nan 5.495066568255424500e-02 8.366431329242927859e+02
2.094363868236541748e-01 1.415790021419525146e-01 1.928452677645768952e-09 5.281838402152061462e-02 5.245925858616828918e-02 8.069977752711565699e-08 7.879501850993619883e-08 nan 5.276351794600486755e-02 7.911027120652011035e+02
2.148208767175674438e-01 1.452189087867736816e-01 1.926740094380007882e-09 5.067168921232223511e-02 5.030120909214019775e-02 7.358126197232195409e-08 7.184451789044032921e-08 nan 5.061508342623710632e-02 7.461599039038654837e+02
2.202053815126419067e-01 1.488588303327560425e-01 1.925071368159055733e-09 4.865092039108276367e-02 4.827246069908142090e-02 6.722900280919930083e-08 6.564220456084512989e-08 nan 4.859309643507003784e-02 7.044633248980053395e+02
2.255898863077163696e-01 1.524987667798995972e-01 1.923444343781293656e-09 4.682416841387748718e-02 4.644564911723136902e-02 6.164966492860912695e-08 6.019455156547337538e-08 nan 4.676634073257446289e-02 6.679452455503343344e+02
2.309743911027908325e-01 1.561386883258819580e-01 1.921857033120720865e-09 4.522293061017990112e-02 4.485393315553665161e-02 5.679704173644495313e-08 5.545647141502740851e-08 nan 4.516655579209327698e-02 6.373878687573504749e+02
2.363588809967041016e-01 1.597786098718643188e-01 1.920307567935778733e-09 4.383568465709686279e-02 4.348463192582130432e-02 5.257625446120073320e-08 5.133530578405043343e-08 nan 4.378205537796020508e-02 6.123501103921665845e+02
2.417433857917785645e-01 1.634185314178466797e-01 1.918794213956308179e-09 4.261954873800277710e-02 4.229162633419036865e-02 4.886837956519229920e-08 4.771494133137821336e-08 nan 4.256945103406906128e-02 5.915646139158340020e+02
2.471278905868530273e-01 1.670584529638290405e-01 1.917315352832477265e-09 4.151608422398567200e-02 4.121236503124237061e-02 4.555418442464542750e-08 4.447896984061117109e-08 nan 4.146968200802803040e-02 5.733893175251731691e+02
2.525123953819274902e-01 1.706983745098114014e-01 1.915869472055197894e-09 4.046220704913139343e-02 4.017991945147514343e-02 4.252690644079848425e-08 4.152314403427226353e-08 nan 4.041908308863639832e-02 5.560953742258076318e+02
2.578969001770019531e-01 1.743383109569549561e-01 1.914455150219987163e-09 3.940368071198463440e-02 3.913740441203117371e-02 3.970449924395325070e-08 3.876735021890453936e-08 nan 3.936300054192543030e-02 5.382281736777761125e+02
2.632813751697540283e-01 1.779782027006149292e-01 1.913071083197014340e-09 3.831206262111663818e-02 3.805540874600410461e-02 3.704199258436347009e-08 3.616768395886538201e-08 nan 3.827284649014472961e-02 5.190674548838507008e+02
2.686658799648284912e-01 1.816181391477584839e-01 1.911715991580206360e-09 3.719019517302513123e-02 3.693744912743568420e-02 3.452991137464778149e-08 3.371489754044887377e-08 nan 3.715158253908157349e-02 4.987630835254789190e+02
2.740503847599029541e-01 1.852580606937408447e-01 1.910388727493893778e-09 3.606056421995162964e-02 3.580788895487785339e-02 3.217722266413147736e-08 3.141774485015957907e-08 nan 3.602195903658866882e-02 4.779898499990021605e+02
2.794348895549774170e-01 1.888979822397232056e-01 1.909088184011114833e-09 3.495101258158683777e-02 3.469701856374740601e-02 2.999554737925791414e-08 2.928756259734655032e-08 nan 3.491220250725746155e-02 4.575384746294102456e+02
2.848193943500518799e-01 1.925379037857055664e-01 1.907813323590368924e-09 3.388946875929832458e-02 3.363507241010665894e-02 2.799412612830565195e-08 2.733338178018129838e-08 nan 3.385060280561447144e-02 4.381638205004857696e+02
2.902038991451263428e-01 1.961778402328491211e-01 1.906563162582237113e-09 3.290132433176040649e-02 3.264904767274856567e-02 2.617801264648278448e-08 2.556013534160683776e-08 nan 3.286278247833251953e-02 4.205161959824098403e+02
2.955884039402008057e-01 1.998177617788314819e-01 1.905336787226579552e-09 3.200163319706916809e-02 3.175467997789382935e-02 2.454278202890236571e-08 2.396350140543290763e-08 nan 3.196390718221664429e-02 4.049532747035765965e+02
3.009728789329528809e-01 2.034576684236526489e-01 1.904133323856378078e-09 3.118821606040000916e-02 3.094948828220367432e-02 2.307101532039723679e-08 2.252647313127909001e-08 nan 3.115174174308776855e-02 3.913878173624301553e+02
3.063573837280273438e-01 2.070975899696350098e-01 1.902951936232507350e-09 3.044450283050537109e-02 3.021588362753391266e-02 2.173669777505438105e-08 2.122364683998512191e-08 nan 3.040957637131214142e-02 3.793809325647127366e+02
3.117418885231018066e-01 2.107375115156173706e-01 1.901791846628511990e-09 2.974894456565380096e-02 2.953093312680721283e-02 2.051330305619103456e-08 2.002912680154622649e-08 nan 2.971563674509525299e-02 3.683857136901041827e+02
3.171263933181762695e-01 2.143774479627609253e-01 1.900652308391623192e-09 2.908133715391159058e-02 2.887311019003391266e-02 1.937831228815412032e-08 1.892092527100430743e-08 nan 2.904952503740787506e-02 3.579029968132334716e+02
3.225108981132507324e-01 2.180173695087432861e-01 1.899532626729035332e-09 2.842449955642223358e-02 2.822427265346050262e-02 1.831380735950460803e-08 1.788154513349127228e-08 nan 2.839390933513641357e-02 3.475188052449672682e+02
3.278954029083251953e-01 2.216572910547256470e-01 1.898432128189829179e-09 2.776638977229595184e-02 2.757195197045803070e-02 1.730717791303959530e-08 1.689867623611007730e-08 nan 2.773668058216571808e-02 3.369540795495747716e+02
3.332799077033996582e-01 2.252972126007080078e-01 1.897350177081271127e-09 2.710372395813465118e-02 2.691301703453063965e-02 1.635256197118906130e-08 1.596659160441049607e-08 nan 2.707458846271038055e-02 3.261490413545721481e+02
3.386643826961517334e-01 2.289371192455291748e-01 1.896286172945125672e-09 2.644260227680206299e-02 2.625412680208683014e-02 1.545017980220109166e-08 1.508550795392693544e-08 nan 2.641380764544010162e-02 3.152704819180287359e+02
3.440488874912261963e-01 2.325770407915115356e-01 1.895239531240720810e-09 2.579406090080738068e-02 2.560712955892086029e-02 1.460290466326341630e-08 1.425823281664406750e-08 nan 2.576549910008907318e-02 3.045967211459243345e+02
3.494333922863006592e-01 2.362169772386550903e-01 1.894209703480833635e-09 2.516860142350196838e-02 2.498332411050796509e-02 1.381280867462919559e-08 1.348678502210987062e-08 nan 2.514029480516910553e-02 2.943826024258895018e+02
3.548178970813751221e-01 2.398568987846374512e-01 1.893196174858241155e-09 2.457376010715961456e-02 2.439083904027938843e-02 1.307996200239358586e-08 1.277123562459792083e-08 nan 2.454581297934055328e-02 2.848038601638434102e+02
3.602024018764495850e-01 2.434968203306198120e-01 1.892198441798694543e-09 2.401396632194519043e-02 2.383440546691417694e-02 1.240264335677920826e-08 1.210990507871656519e-08 nan 2.398653514683246613e-02 2.759577495678290688e+02
3.655869066715240479e-01 2.471367418766021729e-01 1.891216027459402332e-09 2.349000424146652222e-02 2.331476286053657532e-02 1.177732400492459419e-08 1.149934458766210810e-08 nan 2.346322871744632721e-02 2.678548098453302941e+02
3.709714114665985107e-01 2.507766783237457275e-01 1.890248472221847833e-09 2.299810200929641724e-02 2.282786183059215546e-02 1.119850701059021958e-08 1.093418955377956081e-08 nan 2.297209389507770538e-02 2.604023441342710044e+02
3.763558864593505859e-01 2.544165849685668945e-01 1.889295352117686434e-09 2.253098227083683014e-02 2.236597612500190735e-02 1.065951060752468038e-08 1.040791453021938651e-08 nan 2.250577323138713837e-02 2.534313360749586082e+02
3.817403912544250488e-01 2.580564916133880615e-01 1.888356242191734645e-09 2.208075672388076782e-02 2.192077785730361938e-02 1.015401718262864961e-08 9.914352006035187514e-09 nan 2.205631323158740997e-02 2.467638013621226776e+02
3.871248960494995117e-01 2.616964280605316162e-01 1.887430735669950155e-09 2.164122648537158966e-02 2.148570679128170013e-02 9.677073364855459658e-09 9.448665849731696653e-09 nan 2.161746472120285034e-02 2.402632747155024902e+02
3.925094008445739746e-01 2.653363645076751709e-01 1.886518457772270655e-09 2.120824903249740601e-02 2.105643227696418762e-02 9.225099795173719031e-09 9.007359302870554529e-09 nan 2.118505723774433136e-02 2.338418695114902448e+02
3.978939056396484375e-01 2.689762711524963379e-01 1.885619049100158659e-09 2.077970467507839203e-02 2.063083834946155548e-02 8.795707273634434387e-09 8.588101785278468014e-09 nan 2.075695991516113281e-02 2.274581530657632413e+02
4.032784104347229004e-01 2.726162075996398926e-01 1.884732143174389957e-09 2.035611867904663086e-02 2.020960487425327301e-02 8.387809558030312473e-09 8.189832811922315159e-09 nan 2.033373527228832245e-02 2.211291780293376235e+02
4.086629152297973633e-01 2.762561440467834473e-01 1.883857409814700777e-09 1.994059421122074127e-02 1.979608833789825439e-02 8.001430629178685194e-09 7.812572810905749066e-09 nan 1.991851441562175751e-02 2.149269663404299990e+02
4.140473902225494385e-01 2.798960208892822266e-01 1.882994538868699288e-09 1.953697577118873596e-02 1.939439401030540466e-02 7.636837828783882287e-09 7.456584683041000972e-09 nan 1.951519213616847992e-02 2.089369525049928598e+02
4.194318950176239014e-01 2.835359573364257812e-01 1.882143190604211824e-09 1.914788596332073212e-02 1.900737360119819641e-02 7.293758930160265663e-09 7.121604195248210090e-09 nan 1.912641897797584534e-02 2.032157186587677131e+02
4.248163998126983643e-01 2.871758937835693359e-01 1.881303079826970542e-09 1.877455040812492371e-02 1.863637566566467285e-02 6.971383026410649109e-09 6.806837760109374358e-09 nan 1.875344105064868927e-02 1.977883119711356130e+02
4.302009046077728271e-01 2.908158004283905029e-01 1.880473925305205483e-09 1.841745153069496155e-02 1.828191429376602173e-02 6.668666063802675126e-09 6.511265304709468182e-09 nan 1.839674636721611023e-02 1.926634138276088208e+02
4.355854094028472900e-01 2.944557368755340576e-01 1.879655436356054805e-09 1.807612180709838867e-02 1.794344000518321991e-02 6.384281103777311728e-09 6.233593197180198331e-09 nan 1.805584877729415894e-02 1.878294001897507428e+02
4.409699141979217529e-01 2.980956733226776123e-01 1.878847353036435648e-09 1.774847693741321564e-02 1.761875115334987640e-02 6.116441575443332113e-09 5.972074834659224507e-09 nan 1.772865653038024902e-02 1.832416206045233196e+02
4.463544189929962158e-01 3.017355799674987793e-01 1.878049424887222573e-09 1.743145287036895752e-02 1.730463467538356781e-02 5.863163288211126201e-09 5.724775320459229988e-09 nan 1.741207577288150787e-02 1.788362499437658073e+02
4.517388939857482910e-01 3.053754866123199463e-01 1.877261397654174740e-09 1.712250337004661560e-02 1.699841581284999847e-02 5.622796006576891159e-09 5.490081278480829496e-09 nan 1.710354723036289215e-02 1.745614223118290056e+02
4.571233987808227539e-01 3.090154230594635010e-01 1.876483026309890802e-09 1.682022027671337128e-02 1.669860444962978363e-02 5.394187763130275926e-09 5.266868274844682674e-09 nan 1.680164039134979248e-02 1.703895634295020614e+02
4.625079035758972168e-01 3.126553297042846680e-01 1.875714093387305177e-09 1.652380079030990601e-02 1.640437915921211243e-02 5.176462813949456176e-09 5.054282770089457699e-09 nan 1.650555618107318878e-02 1.663057336153204915e+02
4.678924083709716797e-01 3.162952661514282227e-01 1.874954364165268396e-09 1.623273268342018127e-02 1.611526124179363251e-02 4.968901734514474811e-09 4.851620882817542224e-09 nan 1.621478609740734100e-02 1.623011068463940774e+02
4.732769131660461426e-01 3.199352025985717773e-01 1.874203630559428286e-09 1.594725437462329865e-02 1.583156175911426544e-02 4.771058215169432515e-09 4.658447405603283187e-09 nan 1.592957787215709686e-02 1.583818650943283615e+02
4.786614179611206055e-01 3.235751092433929443e-01 1.873461691551420399e-09 1.566849835216999054e-02 1.555450074374675751e-02 4.582775048334042367e-09 4.474608239490862616e-09 nan 1.565108262002468109e-02 1.545715325923290493e+02
4.840458929538726807e-01 3.272150158882141113e-01 1.872728340933758753e-09 1.539773680269718170e-02 1.528542488813400269e-02 4.403930553564805450e-09 4.299984368572040694e-09 nan 1.538057811558246613e-02 1.508956111371166458e+02
4.894303977489471436e-01 3.308549523353576660e-01 1.872003379495005729e-09 1.513552013784646988e-02 1.502494234591722488e-02 4.234199213470901668e-09 4.134259601329404177e-09 nan 1.511862594634294510e-02 1.473647920987796169e+02
4.948149025440216064e-01 3.344948589801788330e-01 1.871286632213937058e-09 1.488169282674789429e-02 1.477291993796825409e-02 4.073074322263892100e-09 3.976937890115550545e-09 nan 1.486507430672645569e-02 1.439757150752712960e+02
5.001994371414184570e-01 3.381348252296447754e-01 1.870577900826693527e-09 1.463592611253261566e-02 1.452901586890220642e-02 3.920033631032993071e-09 3.827509420517571925e-09 nan 1.461959257721900940e-02 1.407216619559711432e+02
5.055838823318481445e-01 3.417747020721435547e-01 1.869877039368293133e-09 1.439787633717060089e-02 1.429285667836666107e-02 3.774580203952382362e-09 3.685488803029102201e-09 nan 1.438183244317770004e-02 1.375956387960358995e+02
5.109683871269226074e-01 3.454146385192871094e-01 1.869183849789121820e-09 1.416687015444040298e-02 1.406372338533401489e-02 3.636163814491055746e-09 3.550339577884642495e-09 nan 1.415111031383275986e-02 1.345845985529035431e+02
5.163528919219970703e-01 3.490545451641082764e-01 1.868498185335105332e-09 1.394182257354259491e-02 1.384049002081155777e-02 3.504167400691926559e-09 3.421458671937216423e-09 nan 1.392634119838476181e-02 1.316679083606466065e+02
5.217373967170715332e-01 3.526944816112518311e-01 1.867819876059786520e-09 1.372174359858036041e-02 1.362213119864463806e-02 3.378037849444126550e-09 3.298306072707646308e-09 nan 1.370652392506599426e-02 1.288270484374909870e+02
5.271219015121459961e-01 3.563344180583953857e-01 1.867148773833358248e-09 1.350620761513710022e-02 1.340821012854576111e-02 3.257397018785468390e-09 3.180512964107151674e-09 nan 1.349123474210500717e-02 1.260544884261895220e+02
5.325064063072204590e-01 3.599743247032165527e-01 1.866484735032350672e-09 1.329520996659994125e-02 1.319872587919235229e-02 3.141990445598707993e-09 3.067830212089006636e-09 nan 1.328046992421150208e-02 1.233505772540231220e+02
5.378909111022949219e-01 3.636142611503601074e-01 1.865827604301946768e-09 1.308872830122709274e-02 1.299367193132638931e-02 3.031572770595403199e-09 2.960018452569102010e-09 nan 1.307420618832111359e-02 1.207152508548610683e+02
5.432754158973693848e-01 3.672541677951812744e-01 1.865177252290424566e-09 1.288668531924486160e-02 1.279299892485141754e-02 2.925900410843951249e-09 2.856840097820168012e-09 nan 1.287237182259559631e-02 1.181473789449149479e+02
5.486599206924438477e-01 3.708941042423248291e-01 1.864533532427482462e-09 1.268925238400697708e-02 1.259690336883068085e-02 2.824798173151066294e-09 2.758124395541017293e-09 nan 1.267514284700155258e-02 1.156503621079522617e+02
5.540444254875183105e-01 3.745340406894683838e-01 1.863896318172137942e-09 1.249681320041418076e-02 1.240579318255186081e-02 2.728145709340878966e-09 2.663753218001829737e-09 nan 1.248290576040744781e-02 1.132312754868667213e+02
5.594289302825927734e-01 3.781739473342895508e-01 1.863265486641235488e-09 1.230952609330415726e-02 1.221983600407838821e-02 2.635777596182720117e-09 2.573565582864034695e-09 nan 1.229582354426383972e-02 1.108929204890763316e+02
5.648134350776672363e-01 3.818138837814331055e-01 1.862640903204479876e-09 1.212713774293661118e-02 1.203878130763769150e-02 2.547449362566567288e-09 2.487321903998918060e-09 nan 1.211363822221755981e-02 1.086306193653569210e+02
5.701979398727416992e-01 3.854538202285766602e-01 1.862022452330667509e-09 1.194928865879774094e-02 1.186226401478052139e-02 2.462908543776620718e-09 2.404776822118037671e-09 nan 1.193599216639995575e-02 1.064378701387495596e+02
5.755824446678161621e-01 3.890937268733978271e-01 1.861410021730888845e-09 1.177580188959836960e-02 1.169009506702423096e-02 2.381953745356213403e-09 2.325732273433800401e-09 nan 1.176270749419927597e-02 1.043114704201375247e+02
5.809668898582458496e-01 3.927336037158966064e-01 1.860803497296447543e-09 1.160652004182338715e-02 1.152210216969251633e-02 2.304397339614183693e-09 2.250006847503982499e-09 nan 1.159362215548753738e-02 1.022486073177569779e+02
5.863513946533203125e-01 3.963735401630401611e-01 1.860202753428811389e-09 1.144107058644294739e-02 1.135790348052978516e-02 2.230022166926914906e-09 2.177386937418646085e-09 nan 1.142836362123489380e-02 1.002427838438699297e+02
5.917358994483947754e-01 4.000134766101837158e-01 1.859607692406273365e-09 1.127902418375015259e-02 1.119706500321626663e-02 2.158610845626185437e-09 2.107660934669297603e-09 nan 1.126650255173444748e-02 9.828649197424466877e+01
5.971204042434692383e-01 4.036533832550048828e-01 1.859018214291441706e-09 1.112021319568157196e-02 1.103941444307565689e-02 2.090008166533152689e-09 2.040677626879983109e-09 nan 1.110786851495504379e-02 9.637697112188466519e+01
6.025049090385437012e-01 4.072933197021484375e-01 1.858434207544148841e-09 1.096470374614000320e-02 1.088502164930105209e-02 2.024111100951131448e-09 1.976335983755461712e-09 nan 1.095252949744462967e-02 9.451551276392257250e+01
6.078894138336181641e-01 4.109332561492919922e-01 1.857855577876460681e-09 1.081250794231891632e-02 1.073390897363424301e-02 1.960811069068313373e-09 1.914530090019184172e-09 nan 1.080049853771924973e-02 9.270239028053798336e+01
6.132739186286926270e-01 4.145731627941131592e-01 1.857282233477322155e-09 1.066349539905786514e-02 1.058594882488250732e-02 1.899979285013841945e-09 1.855133935357855535e-09 nan 1.065164711326360703e-02 9.093541357914411094e+01
6.186584234237670898e-01 4.182130992412567139e-01 1.856714071034082293e-09 1.051760185509920120e-02 1.044109091162681580e-02 1.841505281596766963e-09 1.798040161204994547e-09 nan 1.050591375678777695e-02 8.921357126249395719e+01
6.240429282188415527e-01 4.218530058860778809e-01 1.856151008397507339e-09 1.037493068724870682e-02 1.029944140464067459e-02 1.785312675472994215e-09 1.743173827506439011e-09 nan 1.036339718848466873e-02 8.753861241980031593e+01
6.294274330139160156e-01 4.254929423332214355e-01 1.855592947277603754e-09 1.023553591221570969e-02 1.016105525195598602e-02 1.731319421161003902e-09 1.690455109226718378e-09 nan 1.022415608167648315e-02 8.591144920685108843e+01
6.556535363197326660e-01 4.432217776775360107e-01 1.852943630635520644e-09 9.598187170922756195e-03 9.528410620987415314e-03 1.496231472053466405e-09 1.460915943773954950e-09 nan 9.587526321411132812e-03 7.858081688346902638e+01
8.039034605026245117e-01 5.434387326240539551e-01 1.839770603253567837e-09 6.937302183359861374e-03 6.886881310492753983e-03 7.193519668824421842e-10 7.023731596333959715e-10 nan 6.929599214345216751e-03 4.997471208542751242e+01
9.932619333267211914e-01 6.714450716972351074e-01 1.826201010048688587e-09 4.926886875182390213e-03 4.891089629381895065e-03 3.346600219167328305e-10 3.267610348967053824e-10 nan 4.921418149024248123e-03 3.091427608621421896e+01
1.227223634719848633e+00 8.296031951904296875e-01 1.812731498599941669e-09 3.481943160295486450e-03 3.456651000306010246e-03 1.549291805957864199e-10 1.512723696306395027e-10 nan 3.478078637272119522e-03 1.893660079763369808e+01
1.516294717788696289e+00 1.025015234947204590e+00 1.799361337301671755e-09 2.449867315590381622e-03 2.432076493278145790e-03 7.140596447463565255e-11 6.972057653431562585e-11 nan 2.447149250656366348e-03 1.149710878241031331e+01
1.873456120491027832e+00 1.266456365585327148e+00 1.786089789356977996e-09 1.716755563393235207e-03 1.704291207715868950e-03 3.277787069544402243e-11 3.200421525018093405e-11 nan 1.714851241558790207e-03 6.924131128008296443e+00
2.314746379852294922e+00 1.564768552780151367e+00 1.772916133006574509e-09 1.198616577312350273e-03 1.189916045404970646e-03 1.499108129299209224e-11 1.463724627615015095e-11 nan 1.197287347167730331e-03 4.139555269491298262e+00
2.859982252120971680e+00 1.933347940444946289e+00 1.759839636962373426e-09 8.340633357875049114e-04 8.280104375444352627e-04 6.833326873095790788e-12 6.672040090555109160e-12 nan 8.331385324709117413e-04 2.458306366075913019e+00
3.533647537231445312e+00 2.388745784759521484e+00 1.746859588797865175e-09 5.786147667095065117e-04 5.744167719967663288e-04 3.105297486163949294e-12 3.032002817218715229e-12 nan 5.779734347015619278e-04 1.450981034951151383e+00
4.365993976593017578e+00 2.951411962509155273e+00 1.733975279535418463e-09 4.002793866675347090e-04 3.973762213718146086e-04 1.407205840568692690e-12 1.373991415434816510e-12 nan 3.998358151875436306e-04 8.516360160579486971e-01
5.394398689270019531e+00 3.646613597869873047e+00 1.721185999058096773e-09 2.761983778327703476e-04 2.741960634011775255e-04 6.360576670395856613e-13 6.210447195571788814e-13 nan 2.758924674708396196e-04 4.972956092260122363e-01
6.665042877197265625e+00 4.505568981170654297e+00 1.708491050912268841e-09 1.901296345749869943e-04 1.887521066237241030e-04 2.868180953158327995e-13 2.800482556356703734e-13 nan 1.899191847769543529e-04 2.890126265444221132e-01
8.234986305236816406e+00 5.566850662231445312e+00 1.695889732548296616e-09 1.305964688071981072e-04 1.296511181863024831e-04 1.290535739254319858e-13 1.260074808167796490e-13 nan 1.304520410485565662e-04 1.672341136237227854e-01
1.017472743988037109e+01 6.878115653991699219e+00 1.683381361073609185e-09 8.952321513788774610e-05 8.887604053597897291e-05 5.795048414660580738e-14 5.658264790953451695e-14 nan 8.942434214986860752e-05 9.637805931034101881e-02
1.257137203216552734e+01 8.498247146606445312e+00 1.670965250288532184e-09 6.125278741819784045e-05 6.081084939069114625e-05 2.597355212581153178e-14 2.536047814891834173e-14 nan 6.118526653153821826e-05 5.533542973405933957e-02
1.553254413604736328e+01 1.050000000000000000e+01 1.658640709094829109e-09 4.183682176517322659e-05 4.153587360633537173e-05 1.162118446314469936e-14 1.134687623130818321e-14 nan 4.179084135103039443e-05 3.166021054530684248e-02
