# k/h [h/Mpc]            k [1/Mpc]              Primoridal             T_cdm(k)                 T_bar(k)                 T_phot(k)                T_massless neutrions(k)  T_massive neutrinos(k)   T_total(k)               Linear Pk [(Mpc/h)^3]  
1.049045658874092624e-05 7.091548468451946974e-06 2.727206404909961128e-09 1.000000000000000000e+00 1.000000000000000000e+00 1.000000000000000000e+00 1.000000000000000000e+00 nan 1.000000000000000000e+00 3.916790076166581258e+00
1.158353370556142181e-05 7.830468348402064294e-06 2.717761705682844603e-09 1.219251394271850586e+00 1.219251394271850586e+00 1.219214439392089844e+00 1.219213485717773438e+00 nan 1.219251394271850586e+00 4.309929843128096572e+00
1.279050593439023942e-05 8.646382411825470626e-06 2.708349706436794825e-09 1.486573934555053711e+00 1.486573934555053711e+00 1.486474037170410156e+00 1.486471652984619141e+00 nan 1.486573934555053711e+00 4.742528211040742292e+00
1.412324218108551577e-05 9.547311492497101426e-06 2.698970312856197758e-09 1.812507033348083496e+00 1.812506914138793945e+00 1.812303781509399414e+00 1.812299013137817383e+00 nan 1.812507033348083496e+00 5.218548841649134573e+00
1.559484553581569344e-05 1.054211588780162856e-05 2.689623392481895528e-09 2.209901332855224609e+00 2.209901332855224609e+00 2.209532499313354492e+00 2.209523916244506836e+00 nan 2.209901332855224609e+00 5.742346651494880660e+00
1.721978514979127795e-05 1.164057448477251455e-05 2.680308856040028027e-09 2.694424152374267578e+00 2.694423913955688477e+00 2.693794250488281250e+00 2.693778991699218750e+00 nan 2.694424152374267578e+00 6.318718974714498948e+00
1.901403993542771786e-05 1.285349117097212002e-05 2.671026563908324178e-09 3.285179138183593750e+00 3.285179138183593750e+00 3.284143686294555664e+00 3.284119367599487305e+00 nan 3.285179138183593750e+00 6.952939923485405238e+00
2.099525045196060091e-05 1.419278942194068804e-05 2.661776424936157355e-09 4.005456924438476562e+00 4.005456447601318359e+00 4.003796577453613281e+00 4.003757476806640625e+00 nan 4.005456924438476562e+00 7.650818485829518067e+00
2.318289807590190321e-05 1.567163963045459241e-05 2.652558315858844083e-09 4.883655548095703125e+00 4.883655071258544922e+00 4.881040096282958984e+00 4.880978107452392578e+00 nan 4.883655548095703125e+00 8.418741817025784613e+00
2.559849235694855452e-05 1.730458097881637514e-05 2.643372135990062650e-09 5.954398155212402344e+00 5.954398155212402344e+00 5.950330257415771484e+00 5.950234413146972656e+00 nan 5.954398155212402344e+00 9.263737337653592974e+00
2.826578383974265307e-05 1.910767059598583728e-05 2.634217767634683471e-09 7.259900093078613281e+00 7.259899139404296875e+00 7.253633975982666016e+00 7.253485679626464844e+00 nan 7.259900093078613281e+00 1.019354210549760253e+01
3.121100235148333013e-05 2.109863817167934030e-05 2.625095097817206075e-09 8.851630210876464844e+00 8.851629257202148438e+00 8.842049598693847656e+00 8.841822624206542969e+00 nan 8.851630210876464844e+00 1.121666628556042866e+01
3.446310074650682509e-05 2.329705603187903762e-05 2.616004033478672110e-09 1.079234123229980469e+01 1.079233932495117188e+01 1.077777385711669922e+01 1.077743053436279297e+01 nan 1.079234123229980469e+01 1.234246977807526946e+01
3.805406231549568474e-05 2.572454650362487882e-05 2.606944439452153756e-09 1.315855026245117188e+01 1.315854549407958984e+01 1.313650035858154297e+01 1.313597869873046875e+01 nan 1.315855026245117188e+01 1.358126067110836921e+01
4.201919000479392707e-05 2.840497290890198201e-05 2.597916226597658093e-09 1.604353523254394531e+01 1.604352760314941406e+01 1.601027870178222656e+01 1.600948905944824219e+01 nan 1.604353332519531250e+01 1.494436987555601881e+01
4.639747567125596106e-05 3.136469240416772664e-05 2.588919279439887767e-09 1.956103706359863281e+01 1.956102943420410156e+01 1.951101875305175781e+01 1.950983428955078125e+01 nan 1.956103324890136719e+01 1.644426925098075998e+01
5.123196388012729585e-05 3.463280881987884641e-05 2.579953483847589841e-09 2.384972190856933594e+01 2.384971237182617188e+01 2.377466964721679688e+01 2.377289581298828125e+01 nan 2.384972000122070312e+01 1.809467608412098372e+01
5.657019573845900595e-05 3.824145096587017179e-05 2.571018745591721348e-09 2.907865524291992188e+01 2.907863998413085938e+01 2.896624565124511719e+01 2.896358489990234375e+01 nan 2.907865142822265625e+01 1.991069097010845468e+01
6.246465636650100350e-05 4.222610732540488243e-05 2.562114941593048984e-09 3.545397567749023438e+01 3.545394897460937500e+01 3.528586959838867188e+01 3.528189468383789062e+01 nan 3.545397186279296875e+01 2.190891168681155676e+01
6.897329876665025949e-05 4.662595165427774191e-05 2.553241977543412439e-09 4.322697830200195312e+01 4.322694015502929688e+01 4.297590255737304688e+01 4.296996688842773438e+01 nan 4.322697067260742188e+01 2.410760353029068170e+01
7.616012590005993843e-05 5.148424679646268487e-05 2.544399743325443185e-09 5.270405578613281250e+01 5.270400238037109375e+01 5.232946395874023438e+01 5.232061004638671875e+01 nan 5.270404815673828125e+01 2.652685439634628395e+01
8.409580186707898974e-05 5.684876305167563260e-05 2.535588130685252624e-09 6.425875854492187500e+01 6.425867462158203125e+01 6.370039367675781250e+01 6.368718719482421875e+01 nan 6.425875091552734375e+01 2.918876853188122666e+01
9.285835403716191649e-05 6.277224747464060783e-05 2.526807033334104165e-09 7.834647369384765625e+01 7.834635925292968750e+01 7.751484680175781250e+01 7.749519348144531250e+01 nan 7.834645843505859375e+01 3.211762589445359595e+01
1.025339443003758788e-04 6.931294774403795600e-05 2.518056339675267213e-09 9.552243041992187500e+01 9.552224731445312500e+01 9.428468322753906250e+01 9.425544738769531250e+01 nan 9.552239990234375000e+01 3.534016424364163811e+01
1.132176985265687108e-04 7.653516513528302312e-05 2.509335958204897443e-09 1.164634170532226562e+02 1.164631576538085938e+02 1.146224975585937500e+02 1.145790557861328125e+02 nan 1.164633865356445312e+02 3.888573334707434981e+01
1.250146742677316070e-04 8.450992027064785361e-05 2.500645773867358897e-09 1.419945983886718750e+02 1.419941864013671875e+02 1.392582702636718750e+02 1.391937713623046875e+02 nan 1.419945220947265625e+02 4.278663853347691770e+01
1.380408502882346511e-04 9.331561159342527390e-05 2.491985695624705562e-09 1.731216735839843750e+02 1.731210937500000000e+02 1.690571441650390625e+02 1.689614562988281250e+02 nan 1.731215972900390625e+02 4.707832887045016435e+01
1.524243270978331566e-04 1.030388448270969093e-04 2.483355596498544299e-09 2.110708618164062500e+02 2.110699768066406250e+02 2.050375213623046875e+02 2.048957061767578125e+02 nan 2.110707397460937500e+02 5.179979442103690701e+01
1.683065347606316209e-04 1.137752187787555158e-04 2.474755379885282393e-09 2.573366394042968750e+02 2.573353271484375000e+02 2.483873443603515625e+02 2.481774291992187500e+02 nan 2.573364562988281250e+02 5.699384121269973491e+01
1.858436153270304203e-04 1.256302784895524383e-04 2.466184957973141175e-09 3.137403564453125000e+02 3.137384338378906250e+02 3.004768676757812500e+02 3.001664428710937500e+02 nan 3.137400817871093750e+02 6.270742343765897431e+01
2.052080089924857020e-04 1.387206139042973518e-04 2.457644209414643305e-09 3.825021972656250000e+02 3.824993286132812500e+02 3.628632507324218750e+02 3.624049682617187500e+02 nan 3.825017700195312500e+02 6.899209825263548623e+01
2.265901130158454180e-04 1.531749148853123188e-04 2.449133045395065615e-09 4.663274536132812500e+02 4.663231811523437500e+02 4.372801513671875000e+02 4.366047973632812500e+02 nan 4.663267822265625000e+02 7.590438350372953380e+01
2.502001880202442408e-04 1.691353245405480266e-04 2.440651351248999153e-09 5.685126953125000000e+02 5.685063476562500000e+02 5.256055908203125000e+02 5.246122436523437500e+02 nan 5.685117187500000000e+02 8.350617452175636402e+01
2.762703516054898500e-04 1.867587561719119549e-04 2.432199034655000626e-09 6.930742797851562500e+02 6.930649414062500000e+02 6.297915649414062500e+02 6.283342285156250000e+02 nan 6.930728759765625000e+02 9.186524685763973253e+01
3.050569503102451563e-04 2.062184939859434962e-04 2.423775992290330563e-09 8.449047851562500000e+02 8.448909301757812500e+02 7.517426147460937500e+02 7.496110229492187500e+02 nan 8.449027099609375000e+02 1.010556580848050032e+02
3.368430479895323515e-04 2.277058956678956747e-04 2.415382114947829304e-09 1.029963256835937500e+03 1.029942993164062500e+03 8.931174926757812500e+02 8.900109863281250000e+02 nan 1.029960205078125000e+03 1.111583343215600905e+02
3.719411906786262989e-04 2.514322404749691486e-04 2.407017301830847028e-09 1.255506347656250000e+03 1.255476440429687500e+03 1.055030517578125000e+03 1.050523193359375000e+03 nan 1.255501708984375000e+03 1.222614757633205187e+02
4.106964333914220333e-04 2.776307810563594103e-04 2.398681465071051552e-09 1.530366455078125000e+03 1.530322631835937500e+03 1.237620483398437500e+03 1.231116333007812500e+03 nan 1.530359741210937500e+03 1.344609209578524940e+02
4.534898616839200258e-04 3.065591445192694664e-04 2.390374494355455649e-09 1.865293945312500000e+03 1.865230224609375000e+03 1.439472656250000000e+03 1.430148071289062500e+03 nan 1.865284301757812500e+03 1.478608472637839100e+02
5.007422878406941891e-04 3.385017917025834322e-04 2.382096284987275655e-09 2.273367187500000000e+03 2.273274414062500000e+03 1.656882568359375000e+03 1.643620727539062500e+03 nan 2.273352783203125000e+03 1.625739707130861689e+02
5.529182380996644497e-04 3.737727238330990076e-04 2.373846756225058361e-09 2.770487060546875000e+03 2.770352539062500000e+03 1.883008422851562500e+03 1.864328613281250000e+03 nan 2.770466552734375000e+03 1.787218473956063463e+02
6.105307838879525661e-04 4.127188003621995449e-04 2.365625794166928840e-09 3.375982910156250000e+03 3.375788818359375000e+03 2.107047363281250000e+03 2.081043701171875000e+03 nan 3.375953125000000000e+03 1.964351774562629203e+02
6.741464603692293167e-04 4.557229985948652029e-04 2.357433293568910220e-09 4.113333007812500000e+03 4.113056152343750000e+03 2.313691650390625000e+03 2.278005615234375000e+03 nan 4.113290527343750000e+03 2.158538366567636899e+02
7.443906506523489952e-04 5.032080807723104954e-04 2.349269171114912410e-09 5.011037109375000000e+03 5.010643066406250000e+03 2.483344970703125000e+03 2.435206542968750000e+03 nan 5.010976562500000000e+03 2.371268504662093903e+02
8.219541050493717194e-04 5.556409596465528011e-04 2.341133324843220307e-09 6.103667480468750000e+03 6.103112792968750000e+03 2.593798583984375000e+03 2.530189697265625000e+03 nan 6.103582519531250000e+03 2.604117634119817239e+02
9.075994603335857391e-04 6.135372095741331577e-04 2.333025652639057309e-09 7.433128906250000000e+03 7.432357910156250000e+03 2.624201416015625000e+03 2.542190429687500000e+03 nan 7.433011230468750000e+03 2.858746458165899185e+02
1.002168864943087101e-03 6.774661596864461899e-04 2.324946049885245546e-09 9.050171875000000000e+03 9.049110351562500000e+03 2.561999267578125000e+03 2.459256103515625000e+03 nan 9.050009765625000000e+03 3.136889487256356119e+02
1.106592128053307533e-03 7.480562780983746052e-04 2.316894434325377400e-09 1.101619140625000000e+04 1.101475195312500000e+04 2.412513183593750000e+03 2.287929199218750000e+03 nan 1.101597070312500000e+04 3.440343550489886866e+02
1.221895916387438774e-03 8.260016329586505890e-04 2.308870708568745277e-09 1.340539648437500000e+04 1.340347558593750000e+04 2.208612304687500000e+03 2.062771484375000000e+03 nan 1.340510351562500000e+04 3.770958180275931113e+02
1.349214115180075169e-03 9.120687609538435936e-04 2.300874762407135126e-09 1.630739648437500000e+04 1.630487597656250000e+04 2.014243286132812500e+03 1.849283325195312500e+03 nan 1.630701074218750000e+04 4.130617210913105737e+02
1.489798538386821747e-03 1.007103826850652695e-03 2.292906509188567727e-09 1.983024218750000000e+04 1.982698242187500000e+04 1.911976928710937500e+03 1.730385864257812500e+03 nan 1.982974414062500000e+04 4.521214846794679261e+02
1.645031501539051533e-03 1.112041296437382698e-03 2.284965850418265676e-09 2.410408007812500000e+04 2.409991015625000000e+04 1.965961791992187500e+03 1.768390991210937500e+03 nan 2.410344140625000000e+04 4.944627756613991778e+02
1.816439209505915642e-03 1.227912958711385727e-03 2.277052691606405739e-09 2.928540039062500000e+04 2.928009179687500000e+04 2.165797851562500000e+03 1.949473754882812500e+03 nan 2.928459179687500000e+04 5.402666407881251871e+02
2.005707239732146263e-03 1.355858054012060165e-03 2.269166941709029953e-09 3.556206250000000000e+04 3.555527343750000000e+04 2.388725341796875000e+03 2.149710449218750000e+03 nan 3.556102734375000000e+04 5.897027434752533281e+02
2.214696491137146950e-03 1.497134799137711525e-03 2.261308494449764354e-09 4.315909765625000000e+04 4.315026953125000000e+04 2.448296630859375000e+03 2.189758056640625000e+03 nan 4.315774609375000000e+04 6.429204534560407183e+02
2.445461694151163101e-03 1.653132145293056965e-03 2.253477264686429142e-09 5.234542187500000000e+04 5.233367578125000000e+04 2.264152343750000000e+03 2.004851684570312500e+03 nan 5.234362500000000000e+04 7.000407661362951330e+02
2.700272016227245331e-03 1.825383864343166351e-03 2.245673160886940457e-09 6.344164843750000000e+04 6.342569140625000000e+04 2.023798217773437500e+03 1.790493041992187500e+03 nan 6.343920703125000000e+04 7.611467029116838603e+02
2.981632947921752930e-03 2.015583915635943413e-03 2.237896076485985185e-09 7.682908593750000000e+04 7.680712500000000000e+04 2.034028930664062500e+03 1.832548950195312500e+03 nan 7.682572656250000000e+04 8.262738947224588628e+02
3.292310982942581177e-03 2.225602278485894203e-03 2.230145925871712440e-09 9.295982031250000000e+04 9.292947656250000000e+04 2.231261962890625000e+03 1.889183471679687500e+03 nan 9.295517968750000000e+04 8.953990900754035920e+02
3.635360859334468842e-03 2.457503927871584892e-03 2.222422616889744185e-09 1.123682343750000000e+05 1.123263046875000000e+05 2.145417480468750000e+03 1.873121093750000000e+03 nan 1.123618281250000000e+05 9.684265067885880853e+02
4.014155361801385880e-03 2.713568974286317825e-03 2.214726058195065524e-09 1.356835937500000000e+05 1.356252968750000000e+05 1.850743652343750000e+03 1.855189941406250000e+03 nan 1.356746875000000000e+05 1.045171732035242712e+03
4.432419314980506897e-03 2.996315481141209602e-03 2.207056148657132701e-09 1.636438906250000000e+05 1.635620156250000000e+05 1.975152221679687500e+03 1.835221923828125000e+03 nan 1.636313906250000000e+05 1.125345224182226502e+03
4.894265439361333847e-03 3.308523446321487427e-03 2.199412800139309644e-09 1.971106562500000000e+05 1.969946093750000000e+05 2.031983276367187500e+03 1.813096435546875000e+03 nan 1.970929062500000000e+05 1.208536416398613255e+03
5.404234398156404495e-03 3.653262509033083916e-03 2.191795924301313793e-09 2.370844531250000000e+05 2.369194531250000000e+05 1.843636840820312500e+03 1.788680053710937500e+03 nan 2.370592343750000000e+05 1.294193086554265392e+03
5.967340432107448578e-03 4.033922217786312103e-03 2.184205430909534259e-09 2.847202812500000000e+05 2.844851562500000000e+05 2.159250976562500000e+03 1.761810424804687500e+03 nan 2.846843750000000000e+05 1.381603048513905605e+03
6.589121185243129730e-03 4.454245790839195251e-03 2.176641221197925960e-09 3.413423437500000000e+05 3.410056250000000000e+05 1.865877441406250000e+03 1.732367431640625000e+03 nan 3.412909375000000000e+05 1.469874232395532772e+03
7.275689393281936646e-03 4.918366204947233200e-03 2.169103203027300791e-09 4.084558750000000000e+05 4.079722812500000000e+05 1.904649169921875000e+03 1.700192138671875000e+03 nan 4.083819687500000000e+05 1.557913854374109178e+03
8.033796213567256927e-03 5.430846009403467178e-03 2.161591299930936394e-09 4.877547812500000000e+05 4.870597812500000000e+05 1.722371704101562500e+03 1.665149414062500000e+03 nan 4.876486562500000000e+05 1.644408221712453951e+03
8.870895951986312866e-03 5.996725521981716156e-03 2.154105401952956366e-09 5.811224375000000000e+05 5.801221875000000000e+05 1.724849609375000000e+03 1.627091918945312500e+03 nan 5.809696250000000000e+05 1.727806709310972337e+03
9.795218706130981445e-03 6.621567998081445694e-03 2.146645430474833453e-09 6.906211250000000000e+05 6.891820000000000000e+05 1.834521240234375000e+03 1.585882690429687500e+03 nan 6.904013125000000000e+05 1.806312983381636286e+03
1.081585418432950974e-02 7.311517372727394104e-03 2.139211293795359687e-09 8.184642500000000000e+05 8.163953750000000000e+05 1.604341308593750000e+03 1.541385498046875000e+03 nan 8.181481250000000000e+05 1.877872397420098423e+03
1.194283645600080490e-02 8.073357865214347839e-03 2.131802900090153706e-09 9.669666875000000000e+05 9.639985000000000000e+05 1.586905273437500000e+03 1.493466552734375000e+03 nan 9.665133125000000000e+05 1.940184105408582127e+03
1.318724639713764191e-02 8.914578706026077271e-03 2.124420174276236449e-09 1.138466250000000000e+06 1.134219875000000000e+06 1.439985839843750000e+03 1.442007568359375000e+03 nan 1.137817625000000000e+06 1.990736684962739673e+03
1.456132158637046814e-02 9.843453764915466309e-03 2.117063005254935590e-09 1.335208125000000000e+06 1.329157250000000000e+06 1.375113647460937500e+03 1.386912597656250000e+03 nan 1.334283750000000000e+06 2.026864217834777264e+03
1.607857085764408112e-02 1.086911372840404510e-02 2.109731324472420402e-09 1.559185625000000000e+06 1.550609750000000000e+06 1.431670776367187500e+03 1.328123168945312500e+03 nan 1.557875500000000000e+06 2.045859954006955149e+03
1.775391399860382080e-02 1.200164575129747391e-02 2.102425026951150955e-09 1.811949375000000000e+06 1.799877500000000000e+06 1.453316894531250000e+03 1.265647949218750000e+03 nan 1.810104875000000000e+06 2.045152513739653386e+03
1.960382424294948578e-02 1.325218472629785538e-02 2.095144031049849183e-09 2.094386625000000000e+06 2.077541625000000000e+06 1.249662597656250000e+03 1.199594848632812500e+03 nan 2.091813000000000000e+06 2.022556583195955454e+03
2.164648845791816711e-02 1.463302597403526306e-02 2.087888252770266929e-09 2.406529500000000000e+06 2.383277750000000000e+06 1.238432128906250000e+03 1.130218872070312500e+03 nan 2.402977000000000000e+06 1.976617728596168035e+03
2.390199340879917145e-02 1.615774817764759064e-02 2.080657597354892904e-09 2.747460500000000000e+06 2.715798500000000000e+06 1.143979614257812500e+03 1.057984497070312500e+03 nan 2.742623250000000000e+06 1.907025532005150808e+03
2.639251388609409332e-02 1.784133911132812500e-02 2.073451995948668221e-09 3.115459250000000000e+06 3.073063000000000000e+06 1.060884765625000000e+03 9.836274414062500000e+02 nan 3.108982000000000000e+06 1.815061316328898329e+03
2.914254181087017059e-02 1.970035769045352936e-02 2.066271340052806293e-09 3.508584500000000000e+06 3.452987750000000000e+06 1.042264160156250000e+03 9.082189941406250000e+02 nan 3.500090500000000000e+06 1.703979522073273074e+03
3.217911347746849060e-02 2.175308018922805786e-02 2.059115554147728899e-09 3.925898250000000000e+06 3.854853750000000000e+06 8.786392822265625000e+02 8.331961059570312500e+02 nan 3.915043750000000000e+06 1.579181355926747756e+03
3.553209081292152405e-02 2.401969395577907562e-02 2.051984539888671147e-09 4.369481000000000000e+06 4.281564500000000000e+06 8.400856933593750000e+02 7.603332519531250000e+02 nan 4.356049000000000000e+06 1.447994100882796374e+03
3.923443704843521118e-02 2.652247995138168335e-02 2.044878229365854235e-09 4.847048500000000000e+06 4.742503000000000000e+06 7.179379882812500000e+02 6.916062011718750000e+02 nan 4.831076500000000000e+06 1.318910235517039155e+03
4.332255572080612183e-02 2.928604744374752045e-02 2.037796533657790378e-09 5.374332500000000000e+06 5.255979500000000000e+06 6.578988647460937500e+02 6.289039916992187500e+02 nan 5.356251000000000000e+06 1.200226003786260662e+03
4.765481501817703247e-02 3.221465647220611572e-02 2.031010053452367756e-09 5.948843000000000000e+06 5.822792000000000000e+06 6.116610717773437500e+02 5.754001464843750000e+02 nan 5.929586000000000000e+06 1.101164298495052435e+03
5.198707059025764465e-02 3.514325991272926331e-02 2.024834231214258902e-09 6.557312000000000000e+06 6.431035500000000000e+06 5.667197875976562500e+02 5.331217041015625000e+02 nan 6.538019500000000000e+06 1.027425734477256128e+03
5.631932616233825684e-02 3.807186335325241089e-02 2.019169610001785353e-09 7.194426500000000000e+06 7.073924000000000000e+06 5.300242919921875000e+02 4.986002502441406250e+02 nan 7.176016000000000000e+06 9.700367005841011405e+02
6.065158173441886902e-02 4.100047051906585693e-02 2.013939112582009273e-09 7.851752000000000000e+06 7.739986000000000000e+06 4.989732971191406250e+02 4.693889160156250000e+02 nan 7.834676000000000000e+06 9.226744518707112093e+02
6.498383730649948120e-02 4.392907395958900452e-02 2.009081821590703985e-09 8.507897000000000000e+06 8.403906000000000000e+06 4.711399230957031250e+02 4.432049560546875000e+02 nan 8.492010000000000000e+06 8.786610625706043720e+02
6.931609660387039185e-02 4.685768112540245056e-02 2.004548729015451583e-09 9.136233000000000000e+06 9.035124000000000000e+06 4.447529296875000000e+02 4.183821105957031250e+02 nan 9.120786000000000000e+06 8.329981675542991297e+02
7.364834845066070557e-02 4.978628456592559814e-02 2.000299865353250301e-09 9.711477000000000000e+06 9.605345000000000000e+06 4.187811889648437500e+02 3.939504089355468750e+02 nan 9.695262000000000000e+06 7.830183928654190595e+02
7.798060774803161621e-02 5.271489173173904419e-02 1.996302173696350216e-09 1.021779200000000000e+07 1.009739300000000000e+07 3.929604492187500000e+02 3.696611633300781250e+02 nan 1.019939700000000000e+07 7.287455831476189587e+02
8.231285959482192993e-02 5.564349144697189331e-02 1.992528044667567094e-09 1.065273100000000000e+07 1.050952100000000000e+07 3.675955810546875000e+02 3.458009338378906250e+02 nan 1.063085200000000000e+07 6.722312412704033022e+02
8.664511889219284058e-02 5.857209861278533936e-02 1.988954134422163219e-09 1.102657000000000000e+07 1.085465900000000000e+07 3.432751464843750000e+02 3.229232177734375000e+02 nan 1.100030600000000000e+07 6.164087000240382395e+02
9.097737073898315430e-02 6.150070205330848694e-02 1.985560585482697045e-09 1.135843900000000000e+07 1.115600400000000000e+07 3.206136169433593750e+02 3.016059875488281250e+02 nan 1.132751200000000000e+07 5.640475730124900338e+02
9.636187553405761719e-02 6.514062732458114624e-02 1.981568674123380254e-09 1.175239900000000000e+07 1.151642900000000000e+07 2.955869445800781250e+02 2.780636596679687500e+02 nan 1.171634800000000000e+07 5.071563590824507060e+02
1.017463728785514832e-01 6.878054887056350708e-02 1.977801256732118934e-09 1.218051300000000000e+07 1.192305300000000000e+07 2.747404785156250000e+02 2.584532470703125000e+02 nan 1.214117800000000000e+07 4.619047346100061304e+02
1.071308776736259460e-01 7.242047041654586792e-02 1.974234781265857972e-09 1.268879600000000000e+07 1.242613900000000000e+07 2.581781616210937500e+02 2.428725585937500000e+02 nan 1.264866900000000000e+07 4.286384398837362255e+02
1.125153750181198120e-01 7.606039196252822876e-02 1.970849203820953451e-09 1.328745500000000000e+07 1.303523200000000000e+07 2.451722717285156250e+02 2.306371917724609375e+02 nan 1.324892100000000000e+07 4.050389710740161036e+02
1.178998723626136780e-01 7.970031350851058960e-02 1.967627323526894450e-09 1.394925100000000000e+07 1.371771500000000000e+07 2.345035705566406250e+02 2.206003875732421875e+02 nan 1.391387800000000000e+07 3.873468209670660372e+02
1.232843771576881409e-01 8.334024250507354736e-02 1.964554264128985100e-09 1.462632400000000000e+07 1.441728300000000000e+07 2.249623260498046875e+02 2.116242675781250000e+02 nan 1.459438800000000000e+07 3.718823778449262250e+02
1.286688745021820068e-01 8.698015660047531128e-02 1.961617102724775952e-09 1.526549900000000000e+07 1.507189200000000000e+07 2.156102600097656250e+02 2.028263549804687500e+02 nan 1.523592000000000000e+07 3.558043066430600447e+02
1.340533792972564697e-01 9.062008559703826904e-02 1.958804483640675406e-09 1.582013300000000000e+07 1.562826200000000000e+07 2.058725891113281250e+02 1.936660156250000000e+02 nan 1.579082000000000000e+07 3.374219693324048421e+02
1.394378840923309326e-01 9.426000714302062988e-02 1.956106446915437174e-09 1.626440600000000000e+07 1.605811100000000000e+07 1.956048278808593750e+02 1.840072021484375000e+02 nan 1.623288800000000000e+07 3.164623669181488594e+02
1.448223739862442017e-01 9.789992123842239380e-02 1.953514161287429418e-09 1.660240600000000000e+07 1.636784900000000000e+07 1.850537872314453125e+02 1.740820617675781250e+02 nan 1.656657300000000000e+07 2.939321696500547887e+02
1.502068787813186646e-01 1.015398502349853516e-01 1.951019758654691563e-09 1.686453600000000000e+07 1.659415400000000000e+07 1.746851348876953125e+02 1.643285064697265625e+02 nan 1.682322600000000000e+07 2.714790343275133750e+02
1.555913835763931274e-01 1.051797717809677124e-01 1.948616241255242070e-09 1.709829400000000000e+07 1.679283000000000000e+07 1.650104980468750000e+02 1.552277526855468750e+02 nan 1.705162600000000000e+07 2.507671626830430114e+02
1.609758734703063965e-01 1.088196933269500732e-01 1.946297314463125787e-09 1.735789200000000000e+07 1.702595200000000000e+07 1.564644165039062500e+02 1.471885070800781250e+02 nan 1.730718000000000000e+07 2.330859700427267569e+02
1.663603782653808594e-01 1.124596148729324341e-01 1.944057316713681798e-09 1.768770000000000000e+07 1.734307800000000000e+07 1.492749481201171875e+02 1.404252929687500000e+02 nan 1.763504800000000000e+07 2.190269424018250106e+02
1.717448830604553223e-01 1.160995438694953918e-01 1.941891129256332855e-09 1.810501400000000000e+07 1.776268200000000000e+07 1.433801422119140625e+02 1.348798370361328125e+02 nan 1.805271600000000000e+07 2.083370697556049151e+02
1.771293878555297852e-01 1.197394654154777527e-01 1.939794125595426991e-09 1.859678000000000000e+07 1.826871000000000000e+07 1.384860076904296875e+02 1.302756652832031250e+02 nan 1.854665800000000000e+07 2.001495735568751968e+02
1.825138777494430542e-01 1.233793795108795166e-01 1.937762091126241291e-09 1.912991000000000000e+07 1.882200800000000000e+07 1.342090301513671875e+02 1.262520294189453125e+02 nan 1.908286800000000000e+07 1.933900152277819018e+02
1.878983825445175171e-01 1.270193010568618774e-01 1.935791175107242678e-09 1.966169400000000000e+07 1.937253000000000000e+07 1.301772308349609375e+02 1.224590606689453125e+02 nan 1.961751800000000000e+07 1.870366763348627615e+02
1.932828873395919800e-01 1.306592375040054321e-01 1.933877861004656685e-09 2.014790800000000000e+07 1.986957000000000000e+07 1.260859832763671875e+02 1.186102981567382812e+02 nan 2.010538600000000000e+07 1.802619679604289615e+02
1.986673772335052490e-01 1.342991441488265991e-01 1.932018951816384183e-09 2.055531600000000000e+07 2.027595000000000000e+07 1.217615203857421875e+02 1.145422210693359375e+02 nan 2.051263600000000000e+07 1.726138186290435783e+02
2.040518820285797119e-01 1.379390656948089600e-01 1.930211465507478933e-09 2.087393800000000000e+07 2.058121400000000000e+07 1.172007675170898438e+02 1.102519531250000000e+02 nan 2.082921400000000000e+07 1.641297427892408791e+02
2.094363868236541748e-01 1.415790021419525146e-01 1.928452677645768952e-09 2.111782800000000000e+07 2.080231200000000000e+07 1.125345916748046875e+02 1.058625564575195312e+02 nan 2.106962600000000000e+07 1.552195746279987247e+02
2.148208767175674438e-01 1.452189087867736816e-01 1.926740094380007882e-09 2.131666200000000000e+07 2.097413200000000000e+07 1.079508666992187500e+02 1.015507125854492188e+02 nan 2.126433200000000000e+07 1.464291455398922039e+02
2.202053815126419067e-01 1.488588303327560425e-01 1.925071368159055733e-09 2.150726800000000000e+07 2.113950200000000000e+07 1.036371459960937500e+02 9.749284362792968750e+01 nan 2.145108000000000000e+07 1.382703726971907372e+02
2.255898863077163696e-01 1.524987667798995972e-01 1.923444343781293656e-09 2.172562400000000000e+07 2.133950400000000000e+07 9.974040985107421875e+01 9.382720184326171875e+01 nan 2.166663200000000000e+07 1.311174879005700689e+02
2.309743911027908325e-01 1.561386883258819580e-01 1.921857033120720865e-09 2.199659600000000000e+07 2.160194200000000000e+07 9.632841491699218750e+01 9.061749267578125000e+01 nan 2.193630200000000000e+07 1.251226374073908971e+02
2.363588809967041016e-01 1.597786098718643188e-01 1.920307567935778733e-09 2.232692200000000000e+07 2.193372000000000000e+07 9.337610626220703125e+01 8.784017944335937500e+01 nan 2.226685000000000000e+07 1.202009871986737153e+02
2.417433857917785645e-01 1.634185314178466797e-01 1.918794213956308179e-09 2.270649600000000000e+07 2.232229600000000000e+07 9.079077148437500000e+01 8.540804290771484375e+01 nan 2.264780200000000000e+07 1.161074908104653218e+02
2.471278905868530273e-01 1.670584529638290405e-01 1.917315352832477265e-09 2.311328600000000000e+07 2.274146200000000000e+07 8.844614410400390625e+01 8.320233917236328125e+01 nan 2.305648000000000000e+07 1.125245057912851365e+02
2.525123953819274902e-01 1.706983745098114014e-01 1.915869472055197894e-09 2.351741400000000000e+07 2.315667000000000000e+07 8.620619201660156250e+01 8.109512329101562500e+01 nan 2.346230000000000000e+07 1.091169898290577578e+02
2.578969001770019531e-01 1.743383109569549561e-01 1.914455150219987163e-09 2.388834600000000000e+07 2.353346600000000000e+07 8.395421600341796875e+01 7.897664642333984375e+01 nan 2.383412600000000000e+07 1.056025253825860375e+02
2.632813751697540283e-01 1.779782027006149292e-01 1.913071083197014340e-09 2.420627200000000000e+07 2.384983800000000000e+07 8.162915802001953125e+01 7.678942871093750000e+01 nan 2.415181800000000000e+07 1.018408522389375293e+02
2.686658799648284912e-01 1.816181391477584839e-01 1.911715991580206360e-09 2.446883800000000000e+07 2.410333800000000000e+07 7.923744201660156250e+01 7.453952789306640625e+01 nan 2.441299800000000000e+07 9.786061065110055779e+01
2.740503847599029541e-01 1.852580606937408447e-01 1.910388727493893778e-09 2.468709600000000000e+07 2.430689000000000000e+07 7.682769012451171875e+01 7.227269744873046875e+01 nan 2.462901000000000000e+07 9.379202620464791096e+01
2.794348895549774170e-01 1.888979822397232056e-01 1.909088184011114833e-09 2.487817200000000000e+07 2.448077200000000000e+07 7.446027374267578125e+01 7.004569244384765625e+01 nan 2.481746000000000000e+07 8.978762373869815860e+01
2.848193943500518799e-01 1.925379037857055664e-01 1.907813323590368924e-09 2.506228400000000000e+07 2.464869400000000000e+07 7.219566345214843750e+01 6.791537475585937500e+01 nan 2.499909800000000000e+07 8.599316906152277795e+01
2.902038991451263428e-01 1.961778402328491211e-01 1.906563162582237113e-09 2.526094600000000000e+07 2.483510200000000000e+07 7.008860015869140625e+01 6.593325805664062500e+01 nan 2.519588600000000000e+07 8.253458903758588860e+01
2.955884039402008057e-01 1.998177617788314819e-01 1.905336787226579552e-09 2.549063400000000000e+07 2.505812600000000000e+07 6.817145538330078125e+01 6.412977600097656250e+01 nan 2.542455800000000000e+07 7.948154068146352813e+01
3.009728789329528809e-01 2.034576684236526489e-01 1.904133323856378078e-09 2.575574200000000000e+07 2.532225600000000000e+07 6.643944549560546875e+01 6.250044250488281250e+01 nan 2.568951400000000000e+07 7.681725040581680730e+01
3.063573837280273438e-01 2.070975899696350098e-01 1.902951936232507350e-09 2.604850600000000000e+07 2.561839400000000000e+07 6.485684967041015625e+01 6.101165390014648438e+01 nan 2.598279400000000000e+07 7.445670766862725998e+01
3.117418885231018066e-01 2.107375115156173706e-01 1.901791846628511990e-09 2.635509600000000000e+07 2.593042800000000000e+07 6.337714767456054688e+01 5.961965560913085938e+01 nan 2.629021800000000000e+07 7.229398124620789190e+01
3.171263933181762695e-01 2.143774479627609253e-01 1.900652308391623192e-09 2.666050800000000000e+07 2.624080600000000000e+07 6.195676040649414062e+01 5.828344726562500000e+01 nan 2.659638800000000000e+07 7.023242481792256342e+01
3.225108981132507324e-01 2.180173695087432861e-01 1.899532626729035332e-09 2.695017400000000000e+07 2.653280800000000000e+07 6.055863571166992188e+01 5.696820449829101562e+01 nan 2.688641000000000000e+07 6.819178498174299818e+01
3.278954029083251953e-01 2.216572910547256470e-01 1.898432128189829179e-09 2.721238400000000000e+07 2.679347000000000000e+07 5.915694427490234375e+01 5.564961242675781250e+01 nan 2.714838400000000000e+07 6.611768747802912571e+01
3.332799077033996582e-01 2.252972126007080078e-01 1.897350177081271127e-09 2.744267400000000000e+07 2.701819800000000000e+07 5.774475097656250000e+01 5.432115173339843750e+01 nan 2.737782400000000000e+07 6.399828666317875303e+01
3.386643826961517334e-01 2.289371192455291748e-01 1.896286172945125672e-09 2.764583400000000000e+07 2.721266200000000000e+07 5.633527374267578125e+01 5.299525833129882812e+01 nan 2.757965600000000000e+07 6.186572304301852654e+01
3.440488874912261963e-01 2.325770407915115356e-01 1.895239531240720810e-09 2.783274200000000000e+07 2.738933000000000000e+07 5.495238494873046875e+01 5.169437026977539062e+01 nan 2.776499800000000000e+07 5.977383155312398344e+01
3.494333922863006592e-01 2.362169772386550903e-01 1.894209703480833635e-09 2.801515800000000000e+07 2.756177200000000000e+07 5.361880111694335938e+01 5.043986129760742188e+01 nan 2.794589200000000000e+07 5.777186423252548053e+01
3.548178970813751221e-01 2.398568987846374512e-01 1.893196174858241155e-09 2.820294200000000000e+07 2.774139600000000000e+07 5.235079193115234375e+01 4.924704360961914062e+01 nan 2.813243000000000000e+07 5.589375531360124683e+01
3.602024018764495850e-01 2.434968203306198120e-01 1.892198441798694543e-09 2.840348600000000000e+07 2.793653200000000000e+07 5.115794372558593750e+01 4.812491989135742188e+01 nan 2.833214400000000000e+07 5.415838108791124483e+01
3.655869066715240479e-01 2.471367418766021729e-01 1.891216027459402332e-09 2.862052000000000000e+07 2.815106800000000000e+07 5.004188919067382812e+01 4.707502365112304688e+01 nan 2.854879800000000000e+07 5.256778671517530199e+01
3.709714114665985107e-01 2.507766783237457275e-01 1.890248472221847833e-09 2.885237000000000000e+07 2.838278200000000000e+07 4.899449157714843750e+01 4.608971786499023438e+01 nan 2.878062600000000000e+07 5.110412250480572283e+01
3.763558864593505859e-01 2.544165849685668945e-01 1.889295352117686434e-09 2.909241800000000000e+07 2.862398200000000000e+07 4.800002670288085938e+01 4.515420150756835938e+01 nan 2.902085200000000000e+07 4.973460924899578828e+01
3.817403912544250488e-01 2.580564916133880615e-01 1.888356242191734645e-09 2.933230000000000000e+07 2.886506000000000000e+07 4.704152297973632812e+01 4.425252151489257812e+01 nan 2.926091600000000000e+07 4.842474105203633172e+01
3.871248960494995117e-01 2.616964280605316162e-01 1.887430735669950155e-09 2.956482600000000000e+07 2.909771800000000000e+07 4.610562515258789062e+01 4.337210464477539062e+01 nan 2.949346400000000000e+07 4.714805369171766358e+01
3.925094008445739746e-01 2.653363645076751709e-01 1.886518457772270655e-09 2.978475400000000000e+07 2.931601200000000000e+07 4.518341064453125000e+01 4.250456619262695312e+01 nan 2.971314000000000000e+07 4.588748718076249844e+01
3.978939056396484375e-01 2.689762711524963379e-01 1.885619049100158659e-09 2.998910000000000000e+07 2.951677800000000000e+07 4.427035903930664062e+01 4.164564514160156250e+01 nan 2.991693800000000000e+07 4.463487616409025804e+01
4.032784104347229004e-01 2.726162075996398926e-01 1.884732143174389957e-09 3.017845600000000000e+07 2.970093800000000000e+07 4.336766052246093750e+01 4.079647064208984375e+01 nan 3.010550200000000000e+07 4.339345153203628058e+01
4.086629152297973633e-01 2.762561440467834473e-01 1.883857409814700777e-09 3.035740800000000000e+07 2.987375800000000000e+07 4.248203277587890625e+01 3.996335601806640625e+01 nan 3.028351800000000000e+07 4.217712707083209978e+01
4.140473902225494385e-01 2.798960208892822266e-01 1.882994538868699288e-09 3.053216000000000000e+07 3.004228600000000000e+07 4.162175750732421875e+01 3.915408706665039062e+01 nan 3.045731600000000000e+07 4.100241904090551515e+01
4.194318950176239014e-01 2.835359573364257812e-01 1.882143190604211824e-09 3.070768800000000000e+07 3.021226600000000000e+07 4.079254531860351562e+01 3.837404251098632812e+01 nan 3.063199800000000000e+07 3.988026335038037473e+01
4.248163998126983643e-01 2.871758937835693359e-01 1.881303079826970542e-09 3.088710400000000000e+07 3.038732800000000000e+07 3.999704742431640625e+01 3.762570953369140625e+01 nan 3.081075200000000000e+07 3.881545705235868127e+01
4.302009046077728271e-01 2.908158004283905029e-01 1.880473925305205483e-09 3.107258000000000000e+07 3.056981400000000000e+07 3.923629760742187500e+01 3.691006469726562500e+01 nan 3.099576800000000000e+07 3.780972094929202143e+01
4.355854094028472900e-01 2.944557368755340576e-01 1.879655436356054805e-09 3.126478600000000000e+07 3.076023200000000000e+07 3.850926589965820312e+01 3.622613906860351562e+01 nan 3.118770200000000000e+07 3.686078854176786024e+01
4.409699141979217529e-01 2.980956733226776123e-01 1.878847353036435648e-09 3.146155000000000000e+07 3.095597800000000000e+07 3.781147384643554688e+01 3.556970977783203125e+01 nan 3.138431400000000000e+07 3.596004088775413976e+01
4.463544189929962158e-01 3.017355799674987793e-01 1.878049424887222573e-09 3.165859600000000000e+07 3.115220400000000000e+07 3.713630294799804688e+01 3.493456649780273438e+01 nan 3.158122800000000000e+07 3.509507914161280695e+01
4.517388939857482910e-01 3.053754866123199463e-01 1.877261397654174740e-09 3.185212000000000000e+07 3.134461000000000000e+07 3.647829437255859375e+01 3.431556320190429688e+01 nan 3.177458400000000000e+07 3.425582535013845131e+01
4.571233987808227539e-01 3.090154230594635010e-01 1.876483026309890802e-09 3.204006800000000000e+07 3.153075000000000000e+07 3.583441162109375000e+01 3.370985794067382812e+01 nan 3.196225600000000000e+07 3.343694078633212996e+01
4.625079035758972168e-01 3.126553297042846680e-01 1.875714093387305177e-09 3.222128000000000000e+07 3.170930400000000000e+07 3.520291900634765625e+01 3.311580657958984375e+01 nan 3.214306000000000000e+07 3.263550031296912834e+01
4.678924083709716797e-01 3.162952661514282227e-01 1.874954364165268396e-09 3.239507000000000000e+07 3.187966200000000000e+07 3.458275985717773438e+01 3.253241729736328125e+01 nan 3.231632400000000000e+07 3.184974553475991854e+01
4.732769131660461426e-01 3.199352025985717773e-01 1.874203630559428286e-09 3.256216800000000000e+07 3.204281400000000000e+07 3.397446060180664062e+01 3.196018218994140625e+01 nan 3.248282200000000000e+07 3.108083828367959356e+01
4.786614179611206055e-01 3.235751092433929443e-01 1.873461691551420399e-09 3.272522200000000000e+07 3.220175800000000000e+07 3.338046264648437500e+01 3.140140342712402344e+01 nan 3.264525000000000000e+07 3.033334147669674152e+01
4.840458929538726807e-01 3.272150158882141113e-01 1.872728340933758753e-09 3.288742400000000000e+07 3.236002800000000000e+07 3.280351638793945312e+01 3.085866165161132812e+01 nan 3.280684800000000000e+07 2.961217711515441309e+01
4.894303977489471436e-01 3.308549523353576660e-01 1.872003379495005729e-09 3.305065600000000000e+07 3.251978200000000000e+07 3.224481964111328125e+01 3.033309555053710938e+01 nan 3.296955200000000000e+07 2.891940648313211781e+01
4.948149025440216064e-01 3.344948589801788330e-01 1.871286632213937058e-09 3.321535800000000000e+07 3.268158600000000000e+07 3.170404624938964844e+01 2.982438087463378906e+01 nan 3.313380800000000000e+07 2.825435264047074924e+01
5.001994371414184570e-01 3.381348252296447754e-01 1.870577900826693527e-09 3.338161600000000000e+07 3.284551400000000000e+07 3.118049621582031250e+01 2.933187294006347656e+01 nan 3.329971000000000000e+07 2.761571608948550249e+01
5.055838823318481445e-01 3.417747020721435547e-01 1.869877039368293133e-09 3.354940200000000000e+07 3.301137800000000000e+07 3.067340660095214844e+01 2.885484123229980469e+01 nan 3.346720600000000000e+07 2.700215074904491885e+01
5.109683871269226074e-01 3.454146385192871094e-01 1.869183849789121820e-09 3.371792000000000000e+07 3.317818600000000000e+07 3.018134498596191406e+01 2.839195251464843750e+01 nan 3.363546400000000000e+07 2.641112325873813660e+01
5.163528919219970703e-01 3.490545451641082764e-01 1.868498185335105332e-09 3.388524400000000000e+07 3.334376000000000000e+07 2.970196533203125000e+01 2.794099044799804688e+01 nan 3.380252000000000000e+07 2.583863115097633667e+01
5.217373967170715332e-01 3.526944816112518311e-01 1.867819876059786520e-09 3.404946800000000000e+07 3.350602600000000000e+07 2.923314666748046875e+01 2.749997520446777344e+01 nan 3.396644400000000000e+07 2.528105240704938694e+01
5.271219015121459961e-01 3.563344180583953857e-01 1.867148773833358248e-09 3.420994800000000000e+07 3.366422000000000000e+07 2.877398681640625000e+01 2.706803321838378906e+01 nan 3.412657200000000000e+07 2.473693541704286503e+01
5.325064063072204590e-01 3.599743247032165527e-01 1.866484735032350672e-09 3.436701200000000000e+07 3.381868000000000000e+07 2.832446098327636719e+01 2.664515876770019531e+01 nan 3.428324000000000000e+07 2.420633092151736676e+01
5.378909111022949219e-01 3.636142611503601074e-01 1.865827604301946768e-09 3.452099200000000000e+07 3.396979200000000000e+07 2.788454246520996094e+01 2.623132514953613281e+01 nan 3.443678400000000000e+07 2.368922217891249105e+01
5.432754158973693848e-01 3.672541677951812744e-01 1.865177252290424566e-09 3.467202800000000000e+07 3.411784400000000000e+07 2.745406532287597656e+01 2.582636642456054688e+01 nan 3.458736400000000000e+07 2.318536511684684243e+01
5.486599206924438477e-01 3.708941042423248291e-01 1.864533532427482462e-09 3.482098400000000000e+07 3.426383200000000000e+07 2.703341484069824219e+01 2.543065834045410156e+01 nan 3.473586400000000000e+07 2.269540834863285284e+01
5.540444254875183105e-01 3.745340406894683838e-01 1.863896318172137942e-09 3.496934800000000000e+07 3.440937200000000000e+07 2.662341308593750000e+01 2.504496383666992188e+01 nan 3.488379600000000000e+07 2.222073261099814090e+01
5.594289302825927734e-01 3.781739473342895508e-01 1.863265486641235488e-09 3.511805600000000000e+07 3.455548000000000000e+07 2.622439956665039062e+01 2.466960906982421875e+01 nan 3.503210400000000000e+07 2.176187728266080867e+01
5.648134350776672363e-01 3.818138837814331055e-01 1.862640903204479876e-09 3.526692400000000000e+07 3.470200000000000000e+07 2.583584022521972656e+01 2.430408668518066406e+01 nan 3.518062000000000000e+07 2.131790750338531737e+01
5.701979398727416992e-01 3.854538202285766602e-01 1.862022452330667509e-09 3.541541600000000000e+07 3.484834400000000000e+07 2.545696449279785156e+01 2.394767189025878906e+01 nan 3.532878400000000000e+07 2.088757484224704442e+01
5.755824446678161621e-01 3.890937268733978271e-01 1.861410021730888845e-09 3.556347600000000000e+07 3.499439200000000000e+07 2.508738708496093750e+01 2.360000610351562500e+01 nan 3.547653600000000000e+07 2.047025572858569120e+01
5.809668898582458496e-01 3.927336037158966064e-01 1.860803497296447543e-09 3.571108400000000000e+07 3.514002800000000000e+07 2.472675895690917969e+01 2.326075744628906250e+01 nan 3.562383600000000000e+07 2.006540154334179604e+01
5.863513946533203125e-01 3.963735401630401611e-01 1.860202753428811389e-09 3.585754000000000000e+07 3.528447200000000000e+07 2.437430191040039062e+01 2.292919921875000000e+01 nan 3.576998800000000000e+07 1.967173967637754828e+01
5.917358994483947754e-01 4.000134766101837158e-01 1.859607692406273365e-09 3.600187600000000000e+07 3.542670400000000000e+07 2.402908897399902344e+01 2.260445213317871094e+01 nan 3.591400000000000000e+07 1.928781981456864614e+01
5.971204042434692383e-01 4.036533832550048828e-01 1.859018214291441706e-09 3.614386400000000000e+07 3.556646800000000000e+07 2.369075393676757812e+01 2.228617477416992188e+01 nan 3.605564800000000000e+07 1.891309058288087286e+01
6.025049090385437012e-01 4.072933197021484375e-01 1.858434207544148841e-09 3.628406000000000000e+07 3.570432800000000000e+07 2.335945129394531250e+01 2.197451400756835938e+01 nan 3.619548800000000000e+07 1.854780500461879811e+01
6.078894138336181641e-01 4.109332561492919922e-01 1.857855577876460681e-09 3.642282000000000000e+07 3.584069200000000000e+07 2.303520202636718750e+01 2.166949081420898438e+01 nan 3.633388800000000000e+07 1.819200929232271235e+01
6.132739186286926270e-01 4.145731627941131592e-01 1.857282233477322155e-09 3.656004000000000000e+07 3.597550000000000000e+07 2.271772766113281250e+01 2.137083816528320312e+01 nan 3.647073600000000000e+07 1.784527478422807079e+01
6.186584234237670898e-01 4.182130992412567139e-01 1.856714071034082293e-09 3.669584800000000000e+07 3.610894000000000000e+07 2.240690803527832031e+01 2.107844352722167969e+01 nan 3.660618400000000000e+07 1.750739246405912297e+01
6.240429282188415527e-01 4.218530058860778809e-01 1.856151008397507339e-09 3.683092400000000000e+07 3.624172400000000000e+07 2.210294914245605469e+01 2.079251098632812500e+01 nan 3.674090800000000000e+07 1.717870988464478899e+01
6.294274330139160156e-01 4.254929423332214355e-01 1.855592947277603754e-09 3.696582800000000000e+07 3.637443600000000000e+07 2.180597686767578125e+01 2.051314735412597656e+01 nan 3.687547600000000000e+07 1.685939362604464620e+01
6.556535363197326660e-01 4.432217776775360107e-01 1.852943630635520644e-09 3.761282400000000000e+07 3.701164400000000000e+07 2.044818115234375000e+01 1.923585128784179688e+01 nan 3.752098000000000000e+07 1.542078148073788668e+01
8.039034605026245117e-01 5.434387326240539551e-01 1.839770603253567837e-09 4.086921600000000000e+07 4.021612400000000000e+07 1.477938461303710938e+01 1.390314483642578125e+01 nan 4.076943600000000000e+07 9.807084572606434847e+00
9.932619333267211914e-01 6.714450716972351074e-01 1.826201010048688587e-09 4.430960800000000000e+07 4.360174800000000000e+07 1.049635601043701172e+01 9.874047279357910156e+00 nan 4.420146000000000000e+07 6.066641703145956299e+00
1.227223634719848633e+00 8.296031951904296875e-01 1.812731498599941669e-09 4.780426800000000000e+07 4.704076800000000000e+07 7.418016433715820312e+00 6.978216648101806641e+00 nan 4.768762000000000000e+07 3.716131132094639966e+00
1.516294717788696289e+00 1.025015234947204590e+00 1.799361337301671755e-09 5.134607200000000000e+07 5.052616800000000000e+07 5.219259262084960938e+00 4.909819126129150391e+00 nan 5.122081200000000000e+07 2.256199237785231571e+00
1.873456120491027832e+00 1.266456365585327148e+00 1.786089789356977996e-09 5.492788800000000000e+07 5.405092800000000000e+07 3.657420873641967773e+00 3.440579175949096680e+00 nan 5.479390800000000000e+07 1.358794718770616416e+00
2.314746379852294922e+00 1.564768552780151367e+00 1.772916133006574509e-09 5.854426800000000000e+07 5.760968800000000000e+07 2.553565025329589844e+00 2.402168273925781250e+00 nan 5.840148000000000000e+07 8.123479998836182769e-01
2.859982252120971680e+00 1.933347940444946289e+00 1.759839636962373426e-09 6.219033600000000000e+07 6.119763200000000000e+07 1.776911854743957520e+00 1.671561598777770996e+00 nan 6.203867600000000000e+07 4.824189164588117418e-01
3.533647537231445312e+00 2.388745784759521484e+00 1.746859588797865175e-09 6.586174000000000000e+07 6.481047200000000000e+07 1.232697963714599609e+00 1.159613013267517090e+00 nan 6.570112800000000000e+07 2.847410463603048392e-01
4.365993976593017578e+00 2.951411962509155273e+00 1.733975279535418463e-09 6.955474400000000000e+07 6.844452000000000000e+07 8.527678251266479492e-01 8.022080063819885254e-01 nan 6.938512000000000000e+07 1.671253380305587899e-01
5.394398689270019531e+00 3.646613597869873047e+00 1.721185999058096773e-09 7.326634400000000000e+07 7.209679200000000000e+07 5.884225368499755859e-01 5.535352826118469238e-01 nan 7.308766400000000000e+07 9.758950407147980177e-02
6.665042877197265625e+00 4.505568981170654297e+00 1.708491050912268841e-09 7.699333600000000000e+07 7.576407200000000000e+07 4.050595462322235107e-01 3.810434043407440186e-01 nan 7.680552800000000000e+07 5.671599603192600120e-02
8.234986305236816406e+00 5.566850662231445312e+00 1.695889732548296616e-09 8.073369600000000000e+07 7.944431200000000000e+07 2.782285809516906738e-01 2.617319524288177490e-01 nan 8.053670400000000000e+07 3.281814367960830120e-02
1.017472743988037109e+01 6.878115653991699219e+00 1.683381361073609185e-09 8.448493600000000000e+07 8.313492000000000000e+07 1.907251328229904175e-01 1.794163733720779419e-01 nan 8.427867200000000000e+07 1.891333618345534054e-02
1.257137203216552734e+01 8.498247146606445312e+00 1.670965250288532184e-09 8.824492800000000000e+07 8.683365600000000000e+07 1.304971277713775635e-01 1.227591186761856079e-01 nan 8.802932800000000000e+07 1.085911232025135731e-02
1.553254413604736328e+01 1.050000000000000000e+01 1.658640709094829109e-09 9.201178400000000000e+07 9.053830400000000000e+07 8.913295716047286987e-02 8.384729921817779541e-02 nan 9.178666400000000000e+07 6.213077546791076836e-03
