# k/h [h/Mpc]            k [1/Mpc]              Primoridal             T_cdm(k)                 T_bar(k)                 T_phot(k)                T_massless neutrions(k)  T_massive neutrinos(k)   T_total(k)               Linear Pk [(Mpc)^-3]   
1.049045658874092624e-05 7.091548468451946974e-06 2.727206404909961128e-09 1.000000000000000000e+00 1.000000000000000000e+00 1.000000000000000000e+00 1.000000000000000000e+00 nan 1.000000000000000000e+00 8.068527102941047247e+00
1.158353370556142181e-05 7.830468348402064294e-06 2.717761705682844603e-09 9.999997615814208984e-01 9.999997019767761230e-01 9.999756813049316406e-01 9.999752640724182129e-01 nan 9.999997615814208984e-01 8.878387353175940078e+00
1.279050593439023942e-05 8.646382411825470626e-06 2.708349706436794825e-09 9.999995827674865723e-01 9.999994635581970215e-01 9.999460577964782715e-01 9.999451041221618652e-01 nan 9.999995827674865723e-01 9.769536061484457079e+00
1.412324218108551577e-05 9.547311492497101426e-06 2.698970312856197758e-09 9.999992251396179199e-01 9.999992251396179199e-01 9.999099969863891602e-01 9.999083876609802246e-01 nan 9.999992251396179199e-01 1.075012929192667066e+01
1.559484553581569344e-05 1.054211588780162856e-05 2.689623392481895528e-09 9.999988079071044922e-01 9.999988079071044922e-01 9.998659491539001465e-01 9.998634457588195801e-01 nan 9.999988079071044922e-01 1.182914451100735675e+01
1.721978514979127795e-05 1.164057448477251455e-05 2.680308856040028027e-09 9.999984502792358398e-01 9.999983906745910645e-01 9.998123049736022949e-01 9.998087882995605469e-01 nan 9.999983906745910645e-01 1.301646367850296748e+01
1.901403993542771786e-05 1.285349117097212002e-05 2.671026563908324178e-09 9.999978542327880859e-01 9.999978542327880859e-01 9.997468590736389160e-01 9.997420310974121094e-01 nan 9.999978542327880859e-01 1.432295331939462280e+01
2.099525045196060091e-05 1.419278942194068804e-05 2.661776424936157355e-09 9.999971985816955566e-01 9.999970793724060059e-01 9.996671676635742188e-01 9.996607899665832520e-01 nan 9.999971985816955566e-01 1.576057439107122349e+01
2.318289807590190321e-05 1.567163963045459241e-05 2.652558315858844083e-09 9.999964237213134766e-01 9.999963045120239258e-01 9.995698928833007812e-01 9.995616674423217773e-01 nan 9.999963045120239258e-01 1.734248383484891676e+01
2.559849235694855452e-05 1.730458097881637514e-05 2.643372135990062650e-09 9.999952316284179688e-01 9.999952316284179688e-01 9.994513988494873047e-01 9.994409680366516113e-01 nan 9.999952316284179688e-01 1.908316385173340990e+01
2.826578383974265307e-05 1.910767059598583728e-05 2.634217767634683471e-09 9.999940395355224609e-01 9.999940395355224609e-01 9.993069171905517578e-01 9.992936253547668457e-01 nan 9.999940395355224609e-01 2.099855247360996913e+01
3.121100235148333013e-05 2.109863817167934030e-05 2.625095097817206075e-09 9.999926090240478516e-01 9.999924898147583008e-01 9.991307854652404785e-01 9.991140365600585938e-01 nan 9.999926090240478516e-01 2.310618026606255526e+01
3.446310074650682509e-05 2.329705603187903762e-05 2.616004033478672110e-09 9.999907612800598145e-01 9.999905228614807129e-01 9.989159703254699707e-01 9.988951683044433594e-01 nan 9.999907612800598145e-01 2.542532797408626166e+01
3.805406231549568474e-05 2.572454650362487882e-05 2.606944439452153756e-09 9.999885559082031250e-01 9.999882578849792480e-01 9.986543059349060059e-01 9.986284375190734863e-01 nan 9.999884963035583496e-01 2.797722420630766038e+01
4.201919000479392707e-05 2.840497290890198201e-05 2.597916226597658093e-09 9.999857544898986816e-01 9.999855160713195801e-01 9.983352422714233398e-01 9.983032345771789551e-01 nan 9.999857544898986816e-01 3.078522071277857819e+01
4.639747567125596106e-05 3.136469240416772664e-05 2.588919279439887767e-09 9.999824762344360352e-01 9.999821782112121582e-01 9.979463219642639160e-01 9.979067444801330566e-01 nan 9.999823570251464844e-01 3.387500623741190964e+01
5.123196388012729585e-05 3.463280881987884641e-05 2.579953483847589841e-09 9.999784827232360840e-01 9.999780058860778809e-01 9.974723458290100098e-01 9.974237680435180664e-01 nan 9.999784827232360840e-01 3.727485801942499677e+01
5.657019573845900595e-05 3.824145096587017179e-05 2.571018745591721348e-09 9.999734759330749512e-01 9.999729990959167480e-01 9.968947768211364746e-01 9.968350529670715332e-01 nan 9.999734759330749512e-01 4.101585150010207315e+01
6.246465636650100350e-05 4.222610732540488243e-05 2.562114941593048984e-09 9.999674558639526367e-01 9.999669194221496582e-01 9.961910247802734375e-01 9.961176514625549316e-01 nan 9.999673962593078613e-01 4.513219661081434708e+01
6.897329876665025949e-05 4.662595165427774191e-05 2.553241977543412439e-09 9.999601840972900391e-01 9.999595284461975098e-01 9.953334331512451172e-01 9.952437877655029297e-01 nan 9.999600648880004883e-01 4.966153578219903153e+01
7.616012590005993843e-05 5.148424679646268487e-05 2.544399743325443185e-09 9.999513030052185059e-01 9.999505281448364258e-01 9.942889213562011719e-01 9.941791296005249023e-01 nan 9.999511837959289551e-01 5.464524928412814120e+01
8.409580186707898974e-05 5.684876305167563260e-05 2.535588130685252624e-09 9.999402761459350586e-01 9.999394416809082031e-01 9.930167794227600098e-01 9.928825497627258301e-01 nan 9.999401569366455078e-01 6.012885257079273771e+01
9.285835403716191649e-05 6.277224747464060783e-05 2.526807033334104165e-09 9.999271035194396973e-01 9.999259114265441895e-01 9.914677739143371582e-01 9.913040399551391602e-01 nan 9.999269247055053711e-01 6.616242243529734424e+01
1.025339443003758788e-04 6.931294774403795600e-05 2.518056339675267213e-09 9.999109506607055664e-01 9.999095201492309570e-01 9.895822405815124512e-01 9.893823862075805664e-01 nan 9.999107122421264648e-01 7.280100861153982805e+01
1.132176985265687108e-04 7.653516513528302312e-05 2.509335958204897443e-09 9.998911023139953613e-01 9.998893737792968750e-01 9.872879981994628906e-01 9.870441555976867676e-01 nan 9.998909235000610352e-01 8.010511047702242138e+01
1.250146742677316070e-04 8.450992027064785361e-05 2.500645773867358897e-09 9.998670816421508789e-01 9.998650550842285156e-01 9.844973683357238770e-01 9.842004179954528809e-01 nan 9.998669028282165527e-01 8.814128938308520844e+01
1.380408502882346511e-04 9.331561159342527390e-05 2.491985695624705562e-09 9.998378157615661621e-01 9.998353123664855957e-01 9.811050295829772949e-01 9.807435870170593262e-01 nan 9.998375177383422852e-01 9.698261288236426481e+01
1.524243270978331566e-04 1.030388448270969093e-04 2.483355596498544299e-09 9.998021721839904785e-01 9.997990131378173828e-01 9.769839048385620117e-01 9.765441417694091797e-01 nan 9.998017549514770508e-01 1.067094365521811170e+02
1.683065347606316209e-04 1.137752187787555158e-04 2.474755379885282393e-09 9.997587800025939941e-01 9.997549653053283691e-01 9.719811677932739258e-01 9.714469909667968750e-01 nan 9.997581243515014648e-01 1.174099732061682460e+02
1.858436153270304203e-04 1.256302784895524383e-04 2.466184957973141175e-09 9.997056722640991211e-01 9.997011423110961914e-01 9.659144878387451172e-01 9.652661085128784180e-01 nan 9.997051358222961426e-01 1.291810988194893071e+02
2.052080089924857020e-04 1.387206139042973518e-04 2.457644209414643305e-09 9.996412992477416992e-01 9.996357560157775879e-01 9.585660696029663086e-01 9.577801823616027832e-01 nan 9.996404647827148438e-01 1.421290375755715445e+02
2.265901130158454180e-04 1.531749148853123188e-04 2.449133045395065615e-09 9.995627999305725098e-01 9.995560646057128906e-01 9.496780633926391602e-01 9.487270116806030273e-01 nan 9.995617866516113281e-01 1.563703738864756190e+02
2.502001880202442408e-04 1.691353245405480266e-04 2.440651351248999153e-09 9.994673132896423340e-01 9.994590282440185547e-01 9.389469027519226074e-01 9.377981424331665039e-01 nan 9.994660019874572754e-01 1.720328031113045597e+02
2.762703516054898500e-04 1.867587561719119549e-04 2.432199034655000626e-09 9.993510246276855469e-01 9.993410110473632812e-01 9.260184168815612793e-01 9.246336817741394043e-01 nan 9.993494153022766113e-01 1.892561215684068543e+02
3.050569503102451563e-04 2.062184939859434962e-04 2.423775992290330563e-09 9.992096424102783203e-01 9.991974830627441406e-01 9.104837179183959961e-01 9.088190793991088867e-01 nan 9.992077946662902832e-01 2.081933569057391935e+02
3.368430479895323515e-04 2.277058956678956747e-04 2.415382114947829304e-09 9.990378022193908691e-01 9.990231394767761230e-01 8.918778300285339355e-01 8.898831009864807129e-01 nan 9.990355372428894043e-01 2.290114230997295977e+02
3.719411906786262989e-04 2.514322404749691486e-04 2.407017301830847028e-09 9.988290667533874512e-01 9.988113641738891602e-01 8.696817755699157715e-01 8.673008680343627930e-01 nan 9.988263845443725586e-01 2.518925632709863862e+02
4.106964333914220333e-04 2.776307810563594103e-04 2.398681465071051552e-09 9.985758066177368164e-01 9.985543489456176758e-01 8.433314561843872070e-01 8.405028581619262695e-01 nan 9.985725283622741699e-01 2.770349660006414751e+02
4.534898616839200258e-04 3.065591445192694664e-04 2.390374494355455649e-09 9.982685446739196777e-01 9.982429742813110352e-01 8.122355937957763672e-01 8.088944554328918457e-01 nan 9.982647299766540527e-01 3.046539685090294824e+02
5.007422878406941891e-04 3.385017917025834322e-04 2.382096284987275655e-09 9.978966712951660156e-01 9.978660345077514648e-01 7.758081555366516113e-01 7.718893289566040039e-01 nan 9.978919029235839844e-01 3.349827533052585977e+02
5.529182380996644497e-04 3.737727238330990076e-04 2.373846756225058361e-09 9.974467754364013672e-01 9.974102377891540527e-01 7.335198521614074707e-01 7.289626598358154297e-01 nan 9.974412322044372559e-01 3.682731687242661565e+02
6.105307838879525661e-04 4.127188003621995449e-04 2.365625794166928840e-09 9.969037175178527832e-01 9.968603253364562988e-01 6.849741339683532715e-01 6.797294020652770996e-01 nan 9.968971014022827148e-01 4.047959016061909097e+02
6.741464603692293167e-04 4.557229985948652029e-04 2.357433293568910220e-09 9.962494373321533203e-01 9.961981177330017090e-01 6.300128102302551270e-01 6.240529417991638184e-01 nan 9.962415695190429688e-01 4.448410354343266135e+02
7.443906506523489952e-04 5.032080807723104954e-04 2.349269171114912410e-09 9.954630136489868164e-01 9.954027533531188965e-01 5.688534975051879883e-01 5.621842741966247559e-01 nan 9.954538345336914062e-01 4.887173728450119370e+02
8.219541050493717194e-04 5.556409596465528011e-04 2.341133324843220307e-09 9.945203661918640137e-01 9.944502115249633789e-01 5.022515654563903809e-01 4.949263036251068115e-01 nan 9.945095777511596680e-01 5.367518356168750415e+02
9.075994603335857391e-04 6.135372095741331577e-04 2.333025652639057309e-09 9.933942556381225586e-01 9.933132529258728027e-01 4.316692054271697998e-01 4.238013029098510742e-01 nan 9.933818578720092773e-01 5.892886326972370625e+02
1.002168864943087101e-03 6.774661596864461899e-04 2.324946049885245546e-09 9.920539259910583496e-01 9.919614791870117188e-01 3.594081103801727295e-01 3.511791825294494629e-01 nan 9.920399188995361328e-01 6.466866757437854858e+02
1.106592128053307533e-03 7.480562780983746052e-04 2.316894434325377400e-09 9.904659390449523926e-01 9.903613924980163574e-01 2.886371016502380371e-01 2.802928984165191650e-01 nan 9.904499053955078125e-01 7.093175717894209811e+02
1.221895916387438774e-03 8.260016329586505890e-04 2.308870708568745277e-09 9.885932207107543945e-01 9.884766936302185059e-01 2.232137918472290039e-01 2.150402069091796875e-01 nan 9.885754585266113281e-01 7.775625032232101148e+02
1.349214115180075169e-03 9.120687609538435936e-04 2.300874762407135126e-09 9.863967895507812500e-01 9.862684607505798340e-01 1.671900302171707153e-01 1.594635546207427979e-01 nan 9.863771200180053711e-01 8.518079014467410843e+02
1.489798538386821747e-03 1.007103826850652695e-03 2.292906509188567727e-09 9.838353991508483887e-01 9.836957454681396484e-01 1.239384487271308899e-01 1.168531998991966248e-01 nan 9.838140606880187988e-01 9.324419888730426464e+02
1.645031501539051533e-03 1.112041296437382698e-03 2.284965850418265676e-09 9.808660745620727539e-01 9.807155132293701172e-01 9.498829394578933716e-02 8.858031779527664185e-02 nan 9.808431267738342285e-01 1.019846557478916111e+03
1.816439209505915642e-03 1.227912958711385727e-03 2.277052691606405739e-09 9.774444699287414551e-01 9.772825241088867188e-01 7.894587516784667969e-02 7.306000590324401855e-02 nan 9.774197936058044434e-01 1.114392153582596848e+03
2.005707239732146263e-03 1.355858054012060165e-03 2.269166941709029953e-09 9.735239148139953613e-01 9.733489155769348145e-01 7.122074812650680542e-02 6.557808816432952881e-02 nan 9.734971523284912109e-01 1.216424684634717323e+03
2.214696491137146950e-03 1.497134799137711525e-03 2.261308494449764354e-09 9.690548777580261230e-01 9.688630104064941406e-01 6.538517028093338013e-02 5.977517366409301758e-02 nan 9.690254926681518555e-01 1.326252726297133449e+03
2.445461694151163101e-03 1.653132145293056965e-03 2.253477264686429142e-09 9.639835357666015625e-01 9.637689590454101562e-01 5.633880570530891418e-02 5.084695667028427124e-02 nan 9.639506936073303223e-01 1.444127358642969966e+03
2.700272016227245331e-03 1.825383864343166351e-03 2.245673160886940457e-09 9.582516551017761230e-01 9.580068588256835938e-01 4.371375590562820435e-02 3.875369206070899963e-02 nan 9.582142829895019531e-01 1.570222451836827531e+03
2.981632947921752930e-03 2.015583915635943413e-03 2.237896076485985185e-09 9.517965912818908691e-01 9.515140056610107422e-01 3.213505446910858154e-02 2.809291891753673553e-02 nan 9.517534971237182617e-01 1.704609606163036233e+03
3.292310982942581177e-03 2.225602278485894203e-03 2.230145925871712440e-09 9.445528984069824219e-01 9.442253112792968750e-01 2.613080851733684540e-02 2.287794277071952820e-02 nan 9.445028305053710938e-01 1.847236649381526831e+03
3.635360859334468842e-03 2.457503927871584892e-03 2.222422616889744185e-09 9.364534616470336914e-01 9.360737800598144531e-01 2.394966408610343933e-02 1.983828097581863403e-02 nan 9.363953471183776855e-01 1.997903532517698977e+03
4.014155361801385880e-03 2.713568974286317825e-03 2.214726058195065524e-09 9.274296760559082031e-01 9.269883036613464355e-01 1.985938102006912231e-02 1.611571758985519409e-02 nan 9.273622035980224609e-01 2.156228822010004933e+03
4.432419314980506897e-03 2.996315481141209602e-03 2.207056148657132701e-09 9.174113869667053223e-01 9.168944358825683594e-01 1.411300990730524063e-02 1.307612750679254532e-02 nan 9.173325300216674805e-01 2.321612084030035930e+03
4.894265439361333847e-03 3.308523446321487427e-03 2.199412800139309644e-09 9.063270688056945801e-01 9.057172536849975586e-01 1.174797862768173218e-02 1.059578638523817062e-02 nan 9.062339067459106445e-01 2.493197746729855226e+03
5.404234398156404495e-03 3.653262509033083916e-03 2.191795924301313793e-09 8.941045403480529785e-01 8.933839797973632812e-01 1.023517828434705734e-02 8.573552593588829041e-03 nan 8.939944505691528320e-01 2.669843155121276141e+03
5.967340432107448578e-03 4.033922217786312103e-03 2.184205430909534259e-09 8.806720972061157227e-01 8.798198103904724121e-01 7.227899041026830673e-03 6.926405243575572968e-03 nan 8.805418610572814941e-01 2.850074171926715735e+03
6.589121185243129730e-03 4.454245790839195251e-03 2.176641221197925960e-09 8.659575581550598145e-01 8.649467825889587402e-01 6.758736446499824524e-03 5.585995502769947052e-03 nan 8.658031225204467773e-01 3.032036971823640670e+03
7.275689393281936646e-03 4.918366204947233200e-03 2.169103203027300791e-09 8.498895764350891113e-01 8.486893177032470703e-01 5.009950604289770126e-03 4.496478475630283356e-03 nan 8.497061729431152344e-01 3.213466568210928926e+03
8.033796213567256927e-03 5.430846009403467178e-03 2.161591299930936394e-09 8.323969244956970215e-01 8.309720158576965332e-01 4.036286845803260803e-03 3.611930878832936287e-03 nan 8.321791887283325195e-01 3.391641667607203999e+03
8.870895951986312866e-03 5.996725521981716156e-03 2.154105401952956366e-09 8.134085536003112793e-01 8.117167353630065918e-01 3.273599781095981598e-03 2.894739387556910515e-03 nan 8.131501674652099609e-01 3.563344256760783992e+03
9.795218706130981445e-03 6.621567998081445694e-03 2.146645430474833453e-09 7.928557395935058594e-01 7.908495068550109863e-01 2.726720646023750305e-03 2.314079785719513893e-03 nan 7.925491929054260254e-01 3.724849778029207300e+03
1.081585418432950974e-02 7.311517372727394104e-03 2.139211293795359687e-09 7.706697583198547363e-01 7.682946324348449707e-01 2.035435056313872337e-03 1.844709389843046665e-03 nan 7.703068852424621582e-01 3.871898147451843215e+03
1.194283645600080490e-02 8.073357865214347839e-03 2.131802900090153706e-09 7.467856407165527344e-01 7.439812421798706055e-01 1.464063534513115883e-03 1.465955865569412708e-03 nan 7.463572025299072266e-01 3.999722008129832830e+03
1.318724639713764191e-02 8.914578706026077271e-03 2.124420174276236449e-09 7.211447358131408691e-01 7.178446650505065918e-01 1.245971419848501682e-03 1.160915358923375607e-03 nan 7.206405997276306152e-01 4.103116592754677185e+03
1.456132158637046814e-02 9.843453764915466309e-03 2.117063005254935590e-09 6.936990022659301758e-01 6.898334622383117676e-01 9.228648268617689610e-04 9.157761815004050732e-04 nan 6.931083798408508301e-01 4.176560253388627643e+03
1.607857085764408112e-02 1.086911372840404510e-02 2.109731324472420402e-09 6.644198298454284668e-01 6.599177122116088867e-01 7.143150432966649532e-04 7.192592020146548748e-04 nan 6.637319922447204590e-01 4.214459669135050717e+03
1.775391399860382080e-02 1.200164575129747391e-02 2.102425026951150955e-09 6.333100795745849609e-01 6.281042695045471191e-01 6.109511596150696278e-04 5.621678428724408150e-04 nan 6.325147151947021484e-01 4.211509219061983458e+03
1.960382424294948578e-02 1.325218472629785538e-02 2.095144031049849183e-09 6.004216670989990234e-01 5.944559574127197266e-01 5.134542589075863361e-04 4.370116221252828836e-04 nan 5.995102524757385254e-01 4.163223621267139606e+03
2.164648845791816711e-02 1.463302597403526306e-02 2.087888252770266929e-09 5.658790469169616699e-01 5.591180324554443359e-01 3.956843574997037649e-04 3.376961103640496731e-04 nan 5.648460984230041504e-01 4.066650678375560346e+03
2.390199340879917145e-02 1.615774817764759064e-02 2.080657597354892904e-09 5.299082994461059570e-01 5.223506093025207520e-01 2.915009681601077318e-04 2.592670498415827751e-04 nan 5.287536978721618652e-01 3.921239701950156814e+03
2.639251388609409332e-02 1.784133911132812500e-02 2.073451995948668221e-09 4.928694963455200195e-01 4.845634400844573975e-01 1.995625789277255535e-04 1.976983621716499329e-04 nan 4.916005134582519531e-01 3.729762818542202695e+03
2.914254181087017059e-02 1.970035769045352936e-02 2.066271340052806293e-09 4.552865624427795410e-01 4.463476538658142090e-01 1.663407747400924563e-04 1.497155462857335806e-04 nan 4.539209008216857910e-01 3.499105062276293665e+03
3.217911347746849060e-02 2.175308018922805786e-02 2.059115554147728899e-09 4.178642928600311279e-01 4.084909856319427490e-01 1.330858503933995962e-04 1.126490460592322052e-04 nan 4.164322614669799805e-01 3.240599457384163088e+03
3.553209081292152405e-02 2.401969395577907562e-02 2.051984539888671147e-09 3.814746141433715820e-01 3.719571828842163086e-01 9.848410263657569885e-05 8.431187598034739494e-05 nan 3.800205290317535400e-01 2.969551340339121452e+03
3.923443704843521118e-02 2.652247995138168335e-02 2.044878229365854235e-09 3.470912277698516846e-01 3.378054797649383545e-01 6.523966294480487704e-05 6.289982411544770002e-05 nan 3.456726074218750000e-01 2.703626241934225618e+03
4.332255572080612183e-02 2.928604744374752045e-02 2.037796533657790378e-09 3.156497180461883545e-01 3.070252537727355957e-01 5.177020284463651478e-05 4.691183858085423708e-05 nan 3.143320679664611816e-01 2.459994514395730675e+03
4.765481501817703247e-02 3.221465647220611572e-02 2.031010053452367756e-09 2.887454032897949219e-01 2.811522185802459717e-01 3.842069781967438757e-05 3.547198866726830602e-05 nan 2.875853478908538818e-01 2.257533306023945443e+03
5.198707059025764465e-02 3.514325991272926331e-02 2.024834231214258902e-09 2.674241065979003906e-01 2.610311806201934814e-01 2.991238034155685455e-05 2.761653740890324116e-05 nan 2.664473950862884521e-01 2.107607091165900783e+03
5.631932616233825684e-02 3.807186335325241089e-02 2.019169610001785353e-09 2.499808073043823242e-01 2.447819560766220093e-01 2.383747960266191512e-05 2.200777817051857710e-05 nan 2.491865307092666626e-01 1.991412482807751758e+03
6.065158173441886902e-02 4.100047051906585693e-02 2.013939112582009273e-09 2.352162152528762817e-01 2.310584485530853271e-01 1.934986903506796807e-05 1.786453503882512450e-05 nan 2.345809936523437500e-01 1.895640518590305192e+03
6.498383730649948120e-02 4.392907395958900452e-02 2.009081821590703985e-09 2.220056653022766113e-01 2.186360806226730347e-01 1.591579166415613145e-05 1.469401104259304702e-05 nan 2.214908748865127563e-01 1.806327585457286204e+03
6.931609660387039185e-02 4.685768112540245056e-02 2.004548729015451583e-09 2.095234990119934082e-01 2.066446542739868164e-01 1.320509363722521812e-05 1.219138175656553358e-05 nan 2.090836614370346069e-01 1.713060706524409852e+03
7.364834845066070557e-02 4.978628456592559814e-02 2.000299865353250301e-09 1.972833722829818726e-01 1.946073472499847412e-01 1.101416637538932264e-05 1.016864825942320749e-05 nan 1.968745440244674683e-01 1.610345684205266480e+03
7.798060774803161621e-02 5.271489173173904419e-02 1.996302173696350216e-09 1.851520836353302002e-01 1.824447512626647949e-01 9.218570994562469423e-06 8.510914994985796511e-06 nan 1.847384572029113770e-01 1.498336456744595125e+03
8.231285959482192993e-02 5.564349144697189331e-02 1.992528044667567094e-09 1.732594370841979980e-01 1.703694462776184082e-01 7.739604370726738125e-06 7.145508334360783920e-06 nan 1.728179007768630981e-01 1.381438153934306456e+03
8.664511889219284058e-02 5.857209861278533936e-02 1.988954134422163219e-09 1.618668884038925171e-01 1.587358415126800537e-01 6.522785497509175912e-06 6.022120487614301965e-06 nan 1.613885313272476196e-01 1.265890219348216533e+03
9.097737073898315430e-02 6.150070205330848694e-02 1.985560585482697045e-09 1.512493491172790527e-01 1.479048728942871094e-01 5.525725100596901029e-06 5.101613169244956225e-06 nan 1.507383882999420166e-01 1.157566938895575049e+03
9.636187553405761719e-02 6.514062732458114624e-02 1.981568674123380254e-09 1.395063549280166626e-01 1.360308676958084106e-01 4.540925601759226993e-06 4.192416781734209508e-06 nan 1.389753818511962891e-01 1.040092473666411024e+03
1.017463728785514832e-01 6.878054887056350708e-02 1.977801256732118934e-09 1.296949088573455811e-01 1.262930929660797119e-01 3.785758053709287196e-06 3.495212013149284758e-06 nan 1.291751712560653687e-01 9.469815653644141094e+02
1.071308776736259460e-01 7.242047041654586792e-02 1.974234781265857972e-09 1.218651682138442993e-01 1.187343075871467590e-01 3.208928546882816590e-06 2.962647613458102569e-06 nan 1.213868483901023865e-01 8.788981251828859058e+02
1.125153750181198120e-01 7.606039196252822876e-02 1.970849203820953451e-09 1.156855523586273193e-01 1.129596307873725891e-01 2.762624717433936894e-06 2.550586941651999950e-06 nan 1.152690947055816650e-01 8.309461257016372429e+02
1.178998723626136780e-01 7.970031350851058960e-02 1.967627323526894450e-09 1.105979606509208679e-01 1.083187460899353027e-01 2.406593011983204633e-06 2.221869863205938600e-06 nan 1.102497577667236328e-01 7.952309905287362426e+02
1.232843771576881409e-01 8.334024250507354736e-02 1.964554264128985100e-09 1.060485914349555969e-01 1.041666120290756226e-01 2.111439016516669653e-06 1.949362285813549533e-06 nan 1.057610660791397095e-01 7.640214609630501172e+02
1.286688745021820068e-01 8.698015660047531128e-02 1.961617102724775952e-09 1.016070693731307983e-01 1.000069975852966309e-01 1.857849383668508381e-06 1.715233452159736771e-06 nan 1.013626158237457275e-01 7.313499751160153437e+02
1.340533792972564697e-01 9.062008559703826904e-02 1.958804483640675406e-09 9.700752049684524536e-02 9.554686397314071655e-02 1.634300247133069206e-06 1.508843752162647434e-06 nan 9.678436815738677979e-02 6.936831439516388400e+02
1.394378840923309326e-01 9.426000714302062988e-02 1.956106446915437174e-09 9.217990934848785400e-02 9.072861820459365845e-02 1.435176045561092906e-06 1.325007360719610006e-06 nan 9.195818006992340088e-02 6.504828855219886918e+02
1.448223739862442017e-01 9.789992123842239380e-02 1.953514161287429418e-09 8.723332732915878296e-02 8.570375293493270874e-02 1.258665406567160971e-06 1.162050125458335970e-06 nan 8.699963986873626709e-02 6.039055057379833897e+02
1.502068787813186646e-01 1.015398502349853516e-01 1.951019758654691563e-09 8.237736672163009644e-02 8.073835074901580811e-02 1.104473881241574418e-06 1.019698515847267117e-06 nan 8.212696015834808350e-02 5.574486338474221157e+02
1.555913835763931274e-01 1.051797717809677124e-01 1.948616241255242070e-09 7.784386724233627319e-02 7.611803710460662842e-02 9.723347602630383335e-07 8.977050356406834908e-07 nan 7.758019119501113892e-02 5.146304050145073461e+02
1.609758734703063965e-01 1.088196933269500732e-01 1.946297314463125787e-09 7.383092492818832397e-02 7.207871973514556885e-02 8.613245654487400316e-07 7.952170335556729697e-07 nan 7.356323301792144775e-02 4.781601524547084523e+02
1.663603782653808594e-01 1.124596148729324341e-01 1.944057316713681798e-09 7.044342160224914551e-02 6.873999536037445068e-02 7.694130204072280321e-07 7.103600978553004097e-07 nan 7.018317282199859619e-02 4.492693826586999535e+02
1.717448830604553223e-01 1.160995438694953918e-01 1.941891129256332855e-09 6.765361875295639038e-02 6.606581062078475952e-02 6.934185421414440498e-07 6.401972427738655824e-07 nan 6.741103529930114746e-02 4.274177385839359431e+02
1.771293878555297852e-01 1.197394654154777527e-01 1.939794125595426991e-09 6.532749533653259277e-02 6.389686465263366699e-02 6.296538117567251902e-07 5.813249686070776079e-07 nan 6.510893255472183228e-02 4.107799390419833117e+02
1.825138777494430542e-01 1.233793795108795166e-01 1.937762091126241291e-09 6.329011917114257812e-02 6.202542781829833984e-02 5.747390332544455305e-07 5.306234243107610382e-07 nan 6.309689581394195557e-02 3.970948283066601334e+02
1.878983825445175171e-01 1.270193010568618774e-01 1.935791175107242678e-09 6.137157976627349854e-02 6.025097519159317017e-02 5.259840918370173313e-07 4.856094619754003361e-07 nan 6.120037660002708435e-02 3.842125902258132442e+02
1.932828873395919800e-01 1.306592375040054321e-01 1.933877861004656685e-09 5.943210422992706299e-02 5.841278284788131714e-02 4.814657472707040142e-07 4.445076626780064544e-07 nan 5.927637964487075806e-02 3.703971658277978918e+02
1.986673772335052490e-01 1.342991441488265991e-01 1.932018951816384183e-09 5.739121884107589722e-02 5.642291158437728882e-02 4.400911279844876844e-07 4.063089136252528988e-07 nan 5.724328011274337769e-02 3.547061948297433673e+02
2.040518820285797119e-01 1.379390656948089600e-01 1.930211465507478933e-09 5.524645000696182251e-02 5.428475514054298401e-02 4.015445540517248446e-07 3.707216365000931546e-07 nan 5.509952083230018616e-02 3.372274765740462499e+02
2.094363868236541748e-01 1.415790021419525146e-01 1.928452677645768952e-09 5.305677279829978943e-02 5.207284539937973022e-02 3.659855849491577828e-07 3.378929420705389930e-07 nan 5.290645360946655273e-02 3.188308244268490625e+02
2.148208767175674438e-01 1.452189087867736816e-01 1.926740094380007882e-09 5.090731754899024963e-02 4.989203065633773804e-02 3.336974145895510446e-07 3.080839121594181051e-07 nan 5.075220763683319092e-02 3.006708616288104281e+02
2.202053815126419067e-01 1.488588303327560425e-01 1.925071368159055733e-09 4.888323694467544556e-02 4.784578457474708557e-02 3.048857308840524638e-07 2.814842616771784378e-07 nan 4.872474074363708496e-02 2.838282853592628499e+02
2.255898863077163696e-01 1.524987667798995972e-01 1.923444343781293656e-09 4.705159738659858704e-02 4.601369425654411316e-02 2.795812577005563071e-07 2.581223554898315342e-07 nan 4.689303040504455566e-02 2.690900909467312090e+02
2.309743911027908325e-01 1.561386883258819580e-01 1.921857033120720865e-09 4.544352740049362183e-02 4.443151503801345825e-02 2.575744417754322058e-07 2.378046559670110582e-07 nan 4.528890922665596008e-02 2.567736675532181607e+02
2.363588809967041016e-01 1.597786098718643188e-01 1.920307567935778733e-09 4.404776915907859802e-02 4.308485612273216248e-02 2.384343815720058046e-07 2.201334723395120818e-07 nan 4.390066117048263550e-02 2.466985755536989018e+02
2.417433857917785645e-01 1.634185314178466797e-01 1.918794213956308179e-09 4.282218217849731445e-02 4.192273318767547607e-02 2.216211072436635732e-07 2.046103872999083251e-07 nan 4.268476739525794983e-02 2.383475629410514784e+02
2.471278905868530273e-01 1.670584529638290405e-01 1.917315352832477265e-09 4.170928150415420532e-02 4.087631404399871826e-02 2.065931283823374542e-07 1.907355624553019879e-07 nan 4.158202558755874634e-02 2.310513253165421474e+02
2.525123953819274902e-01 1.706983745098114014e-01 1.915869472055197894e-09 4.064682871103286743e-02 3.987279534339904785e-02 1.928657553662560531e-07 1.780616258884037961e-07 nan 4.052857309579849243e-02 2.241058011903394913e+02
2.578969001770019531e-01 1.743383109569549561e-01 1.914455150219987163e-09 3.958115726709365845e-02 3.885119408369064331e-02 1.800666638018810772e-07 1.662448028127982980e-07 nan 3.946963325142860413e-02 2.169198740854606342e+02
2.632813751697540283e-01 1.779782027006149292e-01 1.913071083197014340e-09 3.848399966955184937e-02 3.778054565191268921e-02 1.679918710806305171e-07 1.550968562469279277e-07 nan 3.837652876973152161e-02 2.092013469500437850e+02
2.686658799648284912e-01 1.816181391477584839e-01 1.911715991580206360e-09 3.735805302858352661e-02 3.666535019874572754e-02 1.565986309515210451e-07 1.445782515929749934e-07 nan 3.725222125649452209e-02 2.010120310937144552e+02
2.740503847599029541e-01 1.852580606937408447e-01 1.910388727493893778e-09 3.622534498572349548e-02 3.553282469511032104e-02 1.459279275195513037e-07 1.347267613027725019e-07 nan 3.611954301595687866e-02 1.926275772761644021e+02
2.794348895549774170e-01 1.888979822397232056e-01 1.909088184011114833e-09 3.511314839124679565e-02 3.441693633794784546e-02 1.360327814836637117e-07 1.255912991382501787e-07 nan 3.500678017735481262e-02 1.843710950791453342e+02
2.848193943500518799e-01 1.925379037857055664e-01 1.907813323590368924e-09 3.404885903000831604e-02 3.335142135620117188e-02 1.269553706606529886e-07 1.172107531033361738e-07 nan 3.394230827689170837e-02 1.765509301300110678e+02
2.902038991451263428e-01 1.961778402328491211e-01 1.906563162582237113e-09 3.305748477578163147e-02 3.236576914787292480e-02 1.187187237405851192e-07 1.096063968475391448e-07 nan 3.295180946588516235e-02 1.694317448924178677e+02
2.955884039402008057e-01 1.998177617788314819e-01 1.905336787226579552e-09 3.215395659208297729e-02 3.147675842046737671e-02 1.113027749966022384e-07 1.027596852054557530e-07 nan 3.205049410462379456e-02 1.631587778530648905e+02
3.009728789329528809e-01 2.034576684236526489e-01 1.904133323856378078e-09 3.133615478873252869e-02 3.068147227168083191e-02 1.046284765493510349e-07 9.659763122726872098e-08 nan 3.123613260686397552e-02 1.576961423423548752e+02
3.063573837280273438e-01 2.070975899696350098e-01 1.902951936232507350e-09 3.058774024248123169e-02 2.996078133583068848e-02 9.857767224730196176e-08 9.101120213017566130e-08 nan 3.049195557832717896e-02 1.528651830040848836e+02
3.117418885231018066e-01 2.107375115156173706e-01 1.901791846628511990e-09 2.988747134804725647e-02 2.928964607417583466e-02 9.302993220217103953e-08 8.588920508145747590e-08 nan 2.979613654315471649e-02 1.484430576753633773e+02
3.171263933181762695e-01 2.143774479627609253e-01 1.900652308391623192e-09 2.921544574201107025e-02 2.864450588822364807e-02 8.788301641970974742e-08 8.113730132208729628e-08 nan 2.912821993231773376e-02 1.442264213465549858e+02
3.225108981132507324e-01 2.180173695087432861e-01 1.899532626729035332e-09 2.855469845235347748e-02 2.800574153661727905e-02 8.305558907295562676e-08 7.668037937946792226e-08 nan 2.847082912921905518e-02 1.400468101801467924e+02
3.278954029083251953e-01 2.216572910547256470e-01 1.898432128189829179e-09 2.789325825870037079e-02 2.736022509634494781e-02 7.849044436625263188e-08 7.246563882290502079e-08 nan 2.781182341277599335e-02 1.357910508700182390e+02
3.332799077033996582e-01 2.252972126007080078e-01 1.897350177081271127e-09 2.722780406475067139e-02 2.670501172542572021e-02 7.416103642299276544e-08 6.846855882258751080e-08 nan 2.714793384075164795e-02 1.314353015300880543e+02
3.386643826961517334e-01 2.289371192455291748e-01 1.896286172945125672e-09 2.656429819762706757e-02 2.604762837290763855e-02 7.006843105727966758e-08 6.469013413834545645e-08 nan 2.648536302149295807e-02 1.270477848735088031e+02
3.440488874912261963e-01 2.325770407915115356e-01 1.895239531240720810e-09 2.591359056532382965e-02 2.540113776922225952e-02 6.622572357173339697e-08 6.114240846954999142e-08 nan 2.583529986441135406e-02 1.227419794866601990e+02
3.494333922863006592e-01 2.362169772386550903e-01 1.894209703480833635e-09 2.528600580990314484e-02 2.477804385125637054e-02 6.264236418473956292e-08 5.783413214999200136e-08 nan 2.520840056240558624e-02 1.186218972840502630e+02
3.548178970813751221e-01 2.398568987846374512e-01 1.893196174858241155e-09 2.468893118202686310e-02 2.418739721179008484e-02 5.931872237852076069e-08 5.476561781847522070e-08 nan 2.461230754852294922e-02 1.147592396150199505e+02
3.602024018764495850e-01 2.434968203306198120e-01 1.892198441798694543e-09 2.412673644721508026e-02 2.363437414169311523e-02 5.624699284112466557e-08 5.192967122980007844e-08 nan 2.405151538550853729e-02 1.111936538016466187e+02
3.655869066715240479e-01 2.471367418766021729e-01 1.891216027459402332e-09 2.360020577907562256e-02 2.311968244612216949e-02 5.341115638657356612e-08 4.931150243692172808e-08 nan 2.352679334580898285e-02 1.079292248077673833e+02
3.709714114665985107e-01 2.507766783237457275e-01 1.890248472221847833e-09 2.310564555227756500e-02 2.263882756233215332e-02 5.078625520127388882e-08 4.688806498620579077e-08 nan 2.303432673215866089e-02 1.049281963665514326e+02
3.763558864593505859e-01 2.544165849685668945e-01 1.889295352117686434e-09 2.263586409389972687e-02 2.218342013657093048e-02 4.834196332126339257e-08 4.463137059929067618e-08 nan 2.256673946976661682e-02 1.021217030985952618e+02
3.817403912544250488e-01 2.580564916133880615e-01 1.888356242191734645e-09 2.218308113515377045e-02 2.174443192780017853e-02 4.604959613629944215e-08 4.251494090112828417e-08 nan 2.211606502532958984e-02 9.943735359040394428e+01
3.871248960494995117e-01 2.616964280605316162e-01 1.887430735669950155e-09 2.174117229878902435e-02 2.131476812064647675e-02 4.388666852150890918e-08 4.051802449112074100e-08 nan 2.167602628469467163e-02 9.681960853446051374e+01
3.925094008445739746e-01 2.653363645076751709e-01 1.886518457772270655e-09 2.130603604018688202e-02 2.088980376720428467e-02 4.183693746995231777e-08 3.862562536482982978e-08 nan 2.124244533479213715e-02 9.423277345253013948e+01
3.978939056396484375e-01 2.689762711524963379e-01 1.885619049100158659e-09 2.087554708123207092e-02 2.046741358935832977e-02 3.988957786305036279e-08 3.682774263324972708e-08 nan 2.081319317221641541e-02 9.166014213697906143e+01
4.032784104347229004e-01 2.726162075996398926e-01 1.884732143174389957e-09 2.045018784701824188e-02 2.004850842058658600e-02 3.803967985049894196e-08 3.511984303372628347e-08 nan 2.038881927728652954e-02 8.910879468068601739e+01
4.086629152297973633e-01 2.762561440467834473e-01 1.883857409814700777e-09 2.003300562500953674e-02 1.963681727647781372e-02 3.628735001370841928e-08 3.350202959495618416e-08 nan 1.997247524559497833e-02 8.660817156917005377e+01
4.140473902225494385e-01 2.798960208892822266e-01 1.882994538868699288e-09 1.962777972221374512e-02 1.923686638474464417e-02 3.463383890789373254e-08 3.197543918531664531e-08 nan 1.956805773079395294e-02 8.419308371878149444e+01
4.194318950176239014e-01 2.835359573364257812e-01 1.882143190604211824e-09 1.923708990216255188e-02 1.885183155536651611e-02 3.307790663598098035e-08 3.053894204185780836e-08 nan 1.917823404073715210e-02 8.188665948418949370e+01
4.248163998126983643e-01 2.871758937835693359e-01 1.881303079826970542e-09 1.886212266981601715e-02 1.848326623439788818e-02 3.161588679745364061e-08 2.918914709937325824e-08 nan 1.880424283444881439e-02 7.969913238255257681e+01
4.302009046077728271e-01 2.908158004283905029e-01 1.880473925305205483e-09 1.850336231291294098e-02 1.813171990215778351e-02 3.024304007226419344e-08 2.792167563825387333e-08 nan 1.844658143818378448e-02 7.763406399605162278e+01
4.355854094028472900e-01 2.944557368755340576e-01 1.879655436356054805e-09 1.816034503281116486e-02 1.779654063284397125e-02 2.895334638708391140e-08 2.673096943794917024e-08 nan 1.810476370155811310e-02 7.568661785879436366e+01
4.409699141979217529e-01 2.980956733226776123e-01 1.878847353036435648e-09 1.783102750778198242e-02 1.747533306479454041e-02 2.773869134387041413e-08 2.560954293073791632e-08 nan 1.777668297290802002e-02 7.383865006838823319e+01
4.463544189929962158e-01 3.017355799674987793e-01 1.878049424887222573e-09 1.751236990094184875e-02 1.716465130448341370e-02 2.659007236616162118e-08 2.454908454296855780e-08 nan 1.745924726128578186e-02 7.206422058136637077e+01
4.517388939857482910e-01 3.053754866123199463e-01 1.877261397654174740e-09 1.720185764133930206e-02 1.686162687838077545e-02 2.550000033352262108e-08 2.354268424653582770e-08 nan 1.714988052845001221e-02 7.034224722889982218e+01
4.571233987808227539e-01 3.090154230594635010e-01 1.876483026309890802e-09 1.689809933304786682e-02 1.656465418636798859e-02 2.446324209870454069e-08 2.258550324540919974e-08 nan 1.684715598821640015e-02 6.866147958605333201e+01
4.625079035758972168e-01 3.126553297042846680e-01 1.875714093387305177e-09 1.660029217600822449e-02 1.627286709845066071e-02 2.347583993866919627e-08 2.167388934992686700e-08 nan 1.655027084052562714e-02 6.701589512588510900e+01
4.678924083709716797e-01 3.162952661514282227e-01 1.874954364165268396e-09 1.630791835486888885e-02 1.598584279417991638e-02 2.253451825140473375e-08 2.080482452981868846e-08 nan 1.625871285796165466e-02 6.540197726029138892e+01
4.732769131660461426e-01 3.199352025985717773e-01 1.874203630559428286e-09 1.602119207382202148e-02 1.570399291813373566e-02 2.163726620096895203e-08 1.997644716311697266e-08 nan 1.597273163497447968e-02 6.382227967319546025e+01
4.786614179611206055e-01 3.235751092433929443e-01 1.873461691551420399e-09 1.574123278260231018e-02 1.542867347598075867e-02 2.078336969191241224e-08 1.918809289236378390e-08 nan 1.569348201155662537e-02 6.228647467654946723e+01
4.840458929538726807e-01 3.272150158882141113e-01 1.872728340933758753e-09 1.546929031610488892e-02 1.516135130077600479e-02 1.997228160632857907e-08 1.843926433764409012e-08 nan 1.542224548757076263e-02 6.080486885780327810e+01
4.894303977489471436e-01 3.308549523353576660e-01 1.872003379495005729e-09 1.520590391010046005e-02 1.490271463990211487e-02 1.920252579168391094e-08 1.772859370419155312e-08 nan 1.515958271920681000e-02 5.938186975751047214e+01
4.948149025440216064e-01 3.344948589801788330e-01 1.871286632213937058e-09 1.495090872049331665e-02 1.465266477316617966e-02 1.847181074765558151e-08 1.705396535101044719e-08 nan 1.490534376353025436e-02 5.801614610282170048e+01
5.001994371414184570e-01 3.381348252296447754e-01 1.870577900826693527e-09 1.470398157835006714e-02 1.441084593534469604e-02 1.777775615607879445e-08 1.641318370104727364e-08 nan 1.465919800102710724e-02 5.670499035075990690e+01
5.055838823318481445e-01 3.417747020721435547e-01 1.869877039368293133e-09 1.446478441357612610e-02 1.417683251202106476e-02 1.711811492555170844e-08 1.580417396951361297e-08 nan 1.442079246044158936e-02 5.544550671099447925e+01
5.109683871269226074e-01 3.454146385192871094e-01 1.869183849789121820e-09 1.423265505582094193e-02 1.394983939826488495e-02 1.649038772200128733e-08 1.522463044523192366e-08 nan 1.418944727629423141e-02 5.423240302200534302e+01
5.163528919219970703e-01 3.490545451641082764e-01 1.868498185335105332e-09 1.400651596486568451e-02 1.372867356985807419e-02 1.589177678340547573e-08 1.467196497628719953e-08 nan 1.396406814455986023e-02 5.305728789562309800e+01
5.217373967170715332e-01 3.526944816112518311e-01 1.867819876059786520e-09 1.378538273274898529e-02 1.351225934922695160e-02 1.531976856483652227e-08 1.414386208153928237e-08 nan 1.374365668743848801e-02 5.191267357285324380e+01
5.271219015121459961e-01 3.563344180583953857e-01 1.867148773833358248e-09 1.356883440166711807e-02 1.330013945698738098e-02 1.477265154647966483e-08 1.363873902704426655e-08 nan 1.352778356522321701e-02 5.079548275600187424e+01
5.325064063072204590e-01 3.599743247032165527e-01 1.866484735032350672e-09 1.335686352103948593e-02 1.309231761842966080e-02 1.424926932003245383e-08 1.315553088687693162e-08 nan 1.331644691526889801e-02 4.970588675606800422e+01
5.378909111022949219e-01 3.636142611503601074e-01 1.865827604301946768e-09 1.314944308251142502e-02 1.288881246000528336e-02 1.374850899793500503e-08 1.269320915042726483e-08 nan 1.310962438583374023e-02 4.864386051366057018e+01
5.432754158973693848e-01 3.672541677951812744e-01 1.865177252290424566e-09 1.294648740440607071e-02 1.268961466848850250e-02 1.326927012712530995e-08 1.225075507704787015e-08 nan 1.290724333375692368e-02 4.760899293770667384e+01
5.486599206924438477e-01 3.708941042423248291e-01 1.864533532427482462e-09 1.274816412478685379e-02 1.249495986849069595e-02 1.281075867609615671e-08 1.182743947225617376e-08 nan 1.270947977900505066e-02 4.660267349247666147e+01
5.540444254875183105e-01 3.745340406894683838e-01 1.863896318172137942e-09 1.255485136061906815e-02 1.230528671294450760e-02 1.237242841511942970e-08 1.142275429799610720e-08 nan 1.251672301441431046e-02 4.562779695805923552e+01
5.594289302825927734e-01 3.781739473342895508e-01 1.863265486641235488e-09 1.236670371145009995e-02 1.212078426033258438e-02 1.195352883343048234e-08 1.103600766327872407e-08 nan 1.232913229614496231e-02 4.468549463976677316e+01
5.648134350776672363e-01 3.818138837814331055e-01 1.862640903204479876e-09 1.218346692621707916e-02 1.194120384752750397e-02 1.155295148436152886e-08 1.066617727474294952e-08 nan 1.214645430445671082e-02 4.377387879379404012e+01
5.701979398727416992e-01 3.854538202285766602e-01 1.862022452330667509e-09 1.200478244572877884e-02 1.176616922020912170e-02 1.116955150592957580e-08 1.031220620006934041e-08 nan 1.196832675486803055e-02 4.289032392022110685e+01
5.755824446678161621e-01 3.890937268733978271e-01 1.861410021730888845e-09 1.183047518134117126e-02 1.159547548741102219e-02 1.080241318618391233e-08 9.973248005223922519e-09 nan 1.179457269608974457e-02 4.203352908903427476e+01
5.809668898582458496e-01 3.927336037158966064e-01 1.860803497296447543e-09 1.166039239615201950e-02 1.142892893403768539e-02 1.045068831473372484e-08 9.648521093197359733e-09 nan 1.162502914667129517e-02 4.120233991917501015e+01
5.863513946533203125e-01 3.963735401630401611e-01 1.860202753428811389e-09 1.149416156113147736e-02 1.126613002270460129e-02 1.011339012535472648e-08 9.337112416574200324e-09 nan 1.145932357758283615e-02 4.039410712348718135e+01
5.917358994483947754e-01 4.000134766101837158e-01 1.859607692406273365e-09 1.133135613054037094e-02 1.110663358122110367e-02 9.789532740001050115e-09 9.038112480652671366e-09 nan 1.129702478647232056e-02 3.960583949682095550e+01
5.971204042434692383e-01 4.036533832550048828e-01 1.859018214291441706e-09 1.117180753499269485e-02 1.095026452094316483e-02 9.478411833185873547e-09 8.750872915186391765e-09 nan 1.113796047866344452e-02 3.883637767020360343e+01
6.025049090385437012e-01 4.072933197021484375e-01 1.858434207544148841e-09 1.101557910442352295e-02 1.079710014164447784e-02 9.179561111238854210e-09 8.474962065463387262e-09 nan 1.098220050334930420e-02 3.808626178875836388e+01
6.078894138336181641e-01 4.109332561492919922e-01 1.857855577876460681e-09 1.086268387734889984e-02 1.064717024564743042e-02 8.892488523315478233e-09 8.209924295954351692e-09 nan 1.082975789904594421e-02 3.735561311343735014e+01
6.132739186286926270e-01 4.145731627941131592e-01 1.857282233477322155e-09 1.071298681199550629e-02 1.050036400556564331e-02 8.616608759837163234e-09 7.955220482358527079e-09 nan 1.068050228059291840e-02 3.664355272315252421e+01
6.186584234237670898e-01 4.182130992412567139e-01 1.856714071034082293e-09 1.056642364710569382e-02 1.035663858056068420e-02 8.351422664532037743e-09 7.710389660076089058e-09 nan 1.053437311202287674e-02 3.594969081558711110e+01
6.240429282188415527e-01 4.218530058860778809e-01 1.856151008397507339e-09 1.042309403419494629e-02 1.021610945463180542e-02 8.096582959637999011e-09 7.475110308519106184e-09 nan 1.039147190749645233e-02 3.527473560430153299e+01
6.294274330139160156e-01 4.254929423332214355e-01 1.855592947277603754e-09 1.028305292129516602e-02 1.007883623242378235e-02 7.851718386575612385e-09 7.249040923085203758e-09 nan 1.025185361504554749e-02 3.461904082059110976e+01
6.556535363197326660e-01 4.432217776775360107e-01 1.852943630635520644e-09 9.642729535698890686e-03 9.451407939195632935e-03 6.785571216028074559e-09 6.264727847593576371e-09 nan 9.613499976694583893e-03 3.166514720149530149e+01
8.039034605026245117e-01 5.434387326240539551e-01 1.839770603253567837e-09 6.969493348151445389e-03 6.831240374594926834e-03 3.262338843512679887e-09 3.011930038709920154e-09 nan 6.948370952159166336e-03 2.013795846152657987e+01
9.932619333267211914e-01 6.714450716972351074e-01 1.826201010048688587e-09 4.949746653437614441e-03 4.851587582379579544e-03 1.517719172561271535e-09 1.401222915475841546e-09 nan 4.934749566018581390e-03 1.245731594928647823e+01
1.227223634719848633e+00 8.296031951904296875e-01 1.812731498599941669e-09 3.498096484690904617e-03 3.428741823881864548e-03 7.026206283455849189e-10 6.486891579449149958e-10 nan 3.487500827759504318e-03 7.630757388249997497e+00
1.516294717788696289e+00 1.025015234947204590e+00 1.799361337301671755e-09 2.461232012137770653e-03 2.412443514913320541e-03 3.238337931144030790e-10 2.989770653272216805e-10 nan 2.453778171911835670e-03 4.632916501345748728e+00
1.873456120491027832e+00 1.266456365585327148e+00 1.786089789356977996e-09 1.724718953482806683e-03 1.690534991212189198e-03 1.486511885806507394e-10 1.372410657340950024e-10 nan 1.719496445730328560e-03 2.790173731164681037e+00
2.314746379852294922e+00 1.564768552780151367e+00 1.772916133006574509e-09 1.204176223836839199e-03 1.180311664938926697e-03 6.798616530856449458e-11 6.276769382029812050e-11 nan 1.200530212372541428e-03 1.668090624653857823e+00
2.859982252120971680e+00 1.933347940444946289e+00 1.759839636962373426e-09 8.379319915547966957e-04 8.213264518417418003e-04 3.098986692262606368e-11 2.861114123398067477e-11 nan 8.353950106538832188e-04 9.906084630619849118e-01
3.533647537231445312e+00 2.388745784759521484e+00 1.746859588797865175e-09 5.812985473312437534e-04 5.697785527445375919e-04 1.408285033727141311e-11 1.300187214836601157e-11 nan 5.795385804958641529e-04 5.846927895909612705e-01
4.365993976593017578e+00 2.951411962509155273e+00 1.733975279535418463e-09 4.021360364276915789e-04 3.941657778341323137e-04 6.381821720385927321e-12 5.891960096898740673e-12 nan 4.009183612652122974e-04 3.431782468336049829e-01
5.394398689270019531e+00 3.646613597869873047e+00 1.721185999058096773e-09 2.774795866571366787e-04 2.719788171816617250e-04 2.884584064666295689e-12 2.663163960192616031e-12 nan 2.766391844488680363e-04 2.003918372168007056e-01
6.665042877197265625e+00 4.505568981170654297e+00 1.708491050912268841e-09 1.910116989165544510e-04 1.872235734481364489e-04 1.300746077688430535e-12 1.200899622799678212e-12 nan 1.904329692479223013e-04 1.164613256885145554e-01
8.234986305236816406e+00 5.566850662231445312e+00 1.695889732548296616e-09 1.312024687649682164e-04 1.285987673327326775e-04 5.852683788998280789e-13 5.403415887471341161e-13 nan 1.308046776102855802e-04 6.738897998488929675e-02
1.017472743988037109e+01 6.878115653991699219e+00 1.683381361073609185e-09 8.993876690510660410e-05 8.815208275336772203e-05 2.628092513577706679e-13 2.426345528574319621e-13 nan 8.966579480329528451e-05 3.883656144635886515e-02
1.257137203216552734e+01 8.498247146606445312e+00 1.670965250288532184e-09 6.153726280899718404e-05 6.031280645402148366e-05 1.177911528081956871e-13 1.087483442597896033e-13 nan 6.135019066277891397e-05 2.229789030604435035e-02
1.553254413604736328e+01 1.050000000000000000e+01 1.658640709094829109e-09 4.203128628432750702e-05 4.119285586057230830e-05 5.270213248014660179e-14 4.865586625550817612e-14 nan 4.190319305052980781e-05 1.275766046724979320e-02
