# k/h [h/Mpc]            k [1/Mpc]              Primoridal             T_cdm(k)                 T_bar(k)                 T_phot(k)                T_massless neutrions(k)  T_massive neutrinos(k)   T_total(k)               Linear Pk [(Mpc/h)^3]  
1.049045658874092624e-05 7.091548468451946974e-06 2.727206404909961128e-09 1.000000000000000000e+00 1.000000000000000000e+00 1.000000000000000000e+00 1.000000000000000000e+00 nan 1.000000000000000000e+00 4.747920773721589605e+00
1.158353370556142181e-05 7.830468348402064294e-06 2.717761705682844603e-09 9.999998211860656738e-01 9.999998211860656738e-01 9.999663233757019043e-01 9.999656081199645996e-01 nan 9.999997615814208984e-01 5.224483595634365152e+00
1.279050593439023942e-05 8.646382411825470626e-06 2.708349706436794825e-09 9.999995231628417969e-01 9.999995231628417969e-01 9.999254941940307617e-01 9.999236464500427246e-01 nan 9.999995231628417969e-01 5.748878395750439907e+00
1.412324218108551577e-05 9.547311492497101426e-06 2.698970312856197758e-09 9.999991059303283691e-01 9.999992251396179199e-01 9.998756051063537598e-01 9.998725652694702148e-01 nan 9.999991059303283691e-01 6.325907750950021224e+00
1.559484553581569344e-05 1.054211588780162856e-05 2.689623392481895528e-09 9.999987483024597168e-01 9.999987483024597168e-01 9.998147487640380859e-01 9.998101592063903809e-01 nan 9.999987483024597168e-01 6.960854086156609277e+00
1.721978514979127795e-05 1.164057448477251455e-05 2.680308856040028027e-09 9.999982714653015137e-01 9.999982714653015137e-01 9.997406005859375000e-01 9.997341036796569824e-01 nan 9.999982714653015137e-01 7.659530346333124129e+00
1.901403993542771786e-05 1.285349117097212002e-05 2.671026563908324178e-09 9.999977350234985352e-01 9.999976158142089844e-01 9.996501803398132324e-01 9.996415376663208008e-01 nan 9.999977350234985352e-01 8.428332942779674042e+00
2.099525045196060091e-05 1.419278942194068804e-05 2.661776424936157355e-09 9.999969005584716797e-01 9.999969005584716797e-01 9.995400309562683105e-01 9.995285272598266602e-01 nan 9.999969005584716797e-01 9.274297635527029016e+00
2.318289807590190321e-05 1.567163963045459241e-05 2.652558315858844083e-09 9.999960064888000488e-01 9.999960064888000488e-01 9.994055628776550293e-01 9.993908405303955078e-01 nan 9.999960064888000488e-01 1.020517009651866047e+01
2.559849235694855452e-05 1.730458097881637514e-05 2.643372135990062650e-09 9.999948740005493164e-01 9.999948143959045410e-01 9.992418289184570312e-01 9.992229342460632324e-01 nan 9.999948740005493164e-01 1.122947174134123749e+01
2.826578383974265307e-05 1.910767059598583728e-05 2.634217767634683471e-09 9.999936223030090332e-01 9.999934434890747070e-01 9.990422129631042480e-01 9.990183115005493164e-01 nan 9.999934434890747070e-01 1.235657909790011111e+01
3.121100235148333013e-05 2.109863817167934030e-05 2.625095097817206075e-09 9.999918937683105469e-01 9.999918341636657715e-01 9.987987875938415527e-01 9.987687468528747559e-01 nan 9.999918937683105469e-01 1.359680171842857455e+01
3.446310074650682509e-05 2.329705603187903762e-05 2.616004033478672110e-09 9.999899268150329590e-01 9.999896883964538574e-01 9.985020160675048828e-01 9.984647631645202637e-01 nan 9.999898076057434082e-01 1.496149842740105385e+01
3.805406231549568474e-05 2.572454650362487882e-05 2.606944439452153756e-09 9.999873638153076172e-01 9.999872446060180664e-01 9.981403946876525879e-01 9.980940818786621094e-01 nan 9.999873638153076172e-01 1.646314927237460424e+01
4.201919000479392707e-05 2.840497290890198201e-05 2.597916226597658093e-09 9.999845027923583984e-01 9.999842643737792969e-01 9.976996779441833496e-01 9.976423382759094238e-01 nan 9.999843835830688477e-01 1.811550314358592928e+01
4.639747567125596106e-05 3.136469240416772664e-05 2.588919279439887767e-09 9.999808669090270996e-01 9.999805092811584473e-01 9.971625804901123047e-01 9.970917701721191406e-01 nan 9.999808669090270996e-01 1.993367262202628964e+01
5.123196388012729585e-05 3.463280881987884641e-05 2.579953483847589841e-09 9.999764561653137207e-01 9.999759793281555176e-01 9.965078830718994141e-01 9.964209794998168945e-01 nan 9.999763369560241699e-01 2.193428559862555360e+01
5.657019573845900595e-05 3.824145096587017179e-05 2.571018745591721348e-09 9.999710917472839355e-01 9.999705553054809570e-01 9.957104921340942383e-01 9.956036210060119629e-01 nan 9.999709129333496094e-01 2.413564321075807939e+01
6.246465636650100350e-05 4.222610732540488243e-05 2.562114941593048984e-09 9.999645352363586426e-01 9.999637603759765625e-01 9.947388768196105957e-01 9.946079850196838379e-01 nan 9.999642968177795410e-01 2.655786849421758689e+01
6.897329876665025949e-05 4.662595165427774191e-05 2.553241977543412439e-09 9.999564290046691895e-01 9.999555349349975586e-01 9.935556054115295410e-01 9.933951497077941895e-01 nan 9.999562501907348633e-01 2.922309516229665860e+01
7.616012590005993843e-05 5.148424679646268487e-05 2.544399743325443185e-09 9.999467134475708008e-01 9.999455213546752930e-01 9.921146035194396973e-01 9.919184446334838867e-01 nan 9.999464750289916992e-01 3.215568894647236675e+01
8.409580186707898974e-05 5.684876305167563260e-05 2.535588130685252624e-09 9.999348521232604980e-01 9.999334216117858887e-01 9.903604388236999512e-01 9.901208281517028809e-01 nan 9.999344944953918457e-01 3.538241614708048388e+01
9.285835403716191649e-05 6.277224747464060783e-05 2.526807033334104165e-09 9.999202489852905273e-01 9.999185800552368164e-01 9.882255792617797852e-01 9.879330396652221680e-01 nan 9.999200105667114258e-01 3.893272908484438943e+01
1.025339443003758788e-04 6.931294774403795600e-05 2.518056339675267213e-09 9.999026060104370117e-01 9.999005794525146484e-01 9.856286048889160156e-01 9.852718114852905273e-01 nan 9.999023079872131348e-01 4.283902284167351127e+01
1.132176985265687108e-04 7.653516513528302312e-05 2.509335958204897443e-09 9.998810887336730957e-01 9.998785853385925293e-01 9.824711084365844727e-01 9.820362925529479980e-01 nan 9.998806118965148926e-01 4.713688627510206430e+01
1.250146742677316070e-04 8.450992027064785361e-05 2.500645773867358897e-09 9.998547434806823730e-01 9.998517036437988281e-01 9.786342382431030273e-01 9.781048893928527832e-01 nan 9.998543262481689453e-01 5.186544088436277633e+01
1.380408502882346511e-04 9.331561159342527390e-05 2.491985695624705562e-09 9.998227953910827637e-01 9.998190999031066895e-01 9.739755392074584961e-01 9.733316302299499512e-01 nan 9.998221993446350098e-01 5.706768884445682488e+01
1.524243270978331566e-04 1.030388448270969093e-04 2.483355596498544299e-09 9.997838735580444336e-01 9.997792840003967285e-01 9.683238863945007324e-01 9.675415158271789551e-01 nan 9.997830390930175781e-01 6.279087006927558434e+01
1.683065347606316209e-04 1.137752187787555158e-04 2.474755379885282393e-09 9.997362494468688965e-01 9.997308254241943359e-01 9.614754319190979004e-01 9.605257511138916016e-01 nan 9.997354745864868164e-01 6.908682434949359674e+01
1.858436153270304203e-04 1.256302784895524383e-04 2.466184957973141175e-09 9.996785521507263184e-01 9.996718168258666992e-01 9.531879425048828125e-01 9.520368576049804688e-01 nan 9.996774792671203613e-01 7.601251520417898178e+01
2.052080089924857020e-04 1.387206139042973518e-04 2.457644209414643305e-09 9.996080994606018066e-01 9.995999932289123535e-01 9.431754946708679199e-01 9.417825937271118164e-01 nan 9.996068477630615234e-01 8.363035915530682018e+01
2.265901130158454180e-04 1.531749148853123188e-04 2.449133045395065615e-09 9.995224475860595703e-01 9.995125532150268555e-01 9.311037659645080566e-01 9.294212460517883301e-01 nan 9.995209574699401855e-01 9.200883487023159546e+01
2.502001880202442408e-04 1.691353245405480266e-04 2.440651351248999153e-09 9.994183182716369629e-01 9.994062185287475586e-01 9.165850281715393066e-01 9.145571589469909668e-01 nan 9.994164109230041504e-01 1.012229599539153355e+02
2.762703516054898500e-04 1.867587561719119549e-04 2.432199034655000626e-09 9.992915987968444824e-01 9.992769956588745117e-01 8.991762399673461914e-01 8.967387676239013672e-01 nan 9.992893934249877930e-01 1.113547933619173875e+02
3.050569503102451563e-04 2.062184939859434962e-04 2.423775992290330563e-09 9.991376996040344238e-01 9.991199374198913574e-01 8.783791065216064453e-01 8.754588365554809570e-01 nan 9.991350173950195312e-01 1.224940953473802239e+02
3.368430479895323515e-04 2.277058956678956747e-04 2.415382114947829304e-09 9.989507794380187988e-01 9.989293813705444336e-01 8.536471724510192871e-01 8.501620888710021973e-01 nan 9.989474415779113770e-01 1.347387990742892896e+02
3.719411906786262989e-04 2.514322404749691486e-04 2.407017301830847028e-09 9.987239837646484375e-01 9.986981749534606934e-01 8.243994116783142090e-01 8.202602267265319824e-01 nan 9.987200498580932617e-01 1.481956644076286977e+02
4.106964333914220333e-04 2.776307810563594103e-04 2.398681465071051552e-09 9.984490871429443359e-01 9.984182119369506836e-01 7.900476455688476562e-01 7.851601243019104004e-01 nan 9.984443783760070801e-01 1.629808013443197865e+02
4.534898616839200258e-04 3.065591445192694664e-04 2.390374494355455649e-09 9.981164932250976562e-01 9.980795383453369141e-01 7.500403523445129395e-01 7.443098425865173340e-01 nan 9.981108307838439941e-01 1.792202517351433642e+02
5.007422878406941891e-04 3.385017917025834322e-04 2.382096284987275655e-09 9.977144598960876465e-01 9.976702928543090820e-01 7.039297223091125488e-01 6.972681879997253418e-01 nan 9.977076053619384766e-01 1.970503256041886004e+02
5.529182380996644497e-04 3.737727238330990076e-04 2.373846756225058361e-09 9.972293376922607422e-01 9.971769452095031738e-01 6.514653563499450684e-01 6.438021659851074219e-01 nan 9.972212910652160645e-01 2.166181075494845345e+02
6.105307838879525661e-04 4.127188003621995449e-04 2.365625794166928840e-09 9.966454505920410156e-01 9.965836405754089355e-01 5.927205085754394531e-01 5.840162038803100586e-01 nan 9.966359734535217285e-01 2.380817206915539543e+02
6.741464603692293167e-04 4.557229985948652029e-04 2.357433293568910220e-09 9.959442615509033203e-01 9.958718419075012207e-01 5.282450914382934570e-01 5.185087919235229492e-01 nan 9.959332346916198730e-01 2.616102822981976601e+02
7.443906506523489952e-04 5.032080807723104954e-04 2.349269171114912410e-09 9.951047897338867188e-01 9.950206875801086426e-01 4.592331647872924805e-01 4.485425353050231934e-01 nan 9.950919747352600098e-01 2.873838622951705020e+02
8.219541050493717194e-04 5.556409596465528011e-04 2.341133324843220307e-09 9.941032528877258301e-01 9.940063953399658203e-01 3.876710236072540283e-01 3.761905729770660400e-01 nan 9.940883517265319824e-01 3.155932974499673946e+02
9.075994603335857391e-04 6.135372095741331577e-04 2.333025652639057309e-09 9.929127097129821777e-01 9.928026199340820312e-01 3.164067864418029785e-01 3.043992221355438232e-01 nan 9.928959012031555176e-01 3.464391397467193201e+02
1.002168864943087101e-03 6.774661596864461899e-04 2.324946049885245546e-09 9.915041923522949219e-01 9.913805127143859863e-01 2.490510791540145874e-01 2.368729263544082642e-01 nan 9.914852976799011230e-01 3.801316054882720437e+02
1.106592128053307533e-03 7.480562780983746052e-04 2.316894434325377400e-09 9.898455142974853516e-01 9.897087812423706055e-01 1.896005272865295410e-01 1.776721179485321045e-01 nan 9.898246526718139648e-01 4.168883167109231067e+02
1.221895916387438774e-03 8.260016329586505890e-04 2.308870708568745277e-09 9.879027009010314941e-01 9.877539873123168945e-01 1.416988819837570190e-01 1.304429322481155396e-01 nan 9.878800511360168457e-01 4.569337579946584356e+02
1.349214115180075169e-03 9.120687609538435936e-04 2.300874762407135126e-09 9.856396913528442383e-01 9.854805469512939453e-01 1.075631380081176758e-01 9.731774032115936279e-02 nan 9.856153130531311035e-01 5.004967585099989265e+02
1.489798538386821747e-03 1.007103826850652695e-03 2.292906509188567727e-09 9.830181598663330078e-01 9.828505516052246094e-01 8.684213459491729736e-02 7.777662575244903564e-02 nan 9.829925894737243652e-01 5.478076236185492007e+02
1.645031501539051533e-03 1.112041296437382698e-03 2.284965850418265676e-09 9.799978137016296387e-01 9.798235297203063965e-01 7.601357251405715942e-02 6.809964776039123535e-02 nan 9.799711704254150391e-01 5.990943709470143403e+02
1.816439209505915642e-03 1.227912958711385727e-03 2.277052691606405739e-09 9.765353202819824219e-01 9.763548374176025391e-01 6.914655864238739014e-02 6.223759427666664124e-02 nan 9.765076637268066406e-01 6.545772173301076009e+02
2.005707239732146263e-03 1.355858054012060165e-03 2.269166941709029953e-09 9.725832343101501465e-01 9.723955392837524414e-01 6.050164625048637390e-02 5.451245233416557312e-02 nan 9.725545644760131836e-01 7.144611495201005482e+02
2.214696491137146950e-03 1.497134799137711525e-03 2.261308494449764354e-09 9.680901169776916504e-01 9.678915143013000488e-01 4.805496335029602051e-02 4.310782253742218018e-02 nan 9.680597782135009766e-01 7.789268475463391042e+02
2.445461694151163101e-03 1.653132145293056965e-03 2.253477264686429142e-09 9.629996418952941895e-01 9.627844691276550293e-01 3.506621718406677246e-02 3.139020875096321106e-02 nan 9.629666805267333984e-01 8.481200501538493199e+02
2.700272016227245331e-03 1.825383864343166351e-03 2.245673160886940457e-09 9.572517275810241699e-01 9.570138454437255859e-01 2.669182792305946350e-02 2.425932511687278748e-02 nan 9.572153687477111816e-01 9.221412409869192288e+02
2.981632947921752930e-03 2.015583915635943413e-03 2.237896076485985185e-09 9.507839083671569824e-01 9.505176544189453125e-01 2.345030568540096283e-02 2.118752151727676392e-02 nan 9.507431983947753906e-01 1.001034002918533247e+03
3.292310982942581177e-03 2.225602278485894203e-03 2.230145925871712440e-09 9.435313344001770020e-01 9.432322382926940918e-01 2.017136290669441223e-02 1.724632270634174347e-02 nan 9.434856176376342773e-01 1.084770397576113055e+03
3.635360859334468842e-03 2.457503927871584892e-03 2.222422616889744185e-09 9.354267120361328125e-01 9.350903630256652832e-01 1.462362613528966904e-02 1.402455568313598633e-02 nan 9.353753328323364258e-01 1.173234303461214040e+03
4.014155361801385880e-03 2.713568974286317825e-03 2.214726058195065524e-09 9.264005422592163086e-01 9.260198473930358887e-01 1.137461047619581223e-02 1.139225531369447708e-02 nan 9.263423085212707520e-01 1.266201704194952754e+03
4.432419314980506897e-03 2.996315481141209602e-03 2.207056148657132701e-09 9.163819551467895508e-01 9.159464240074157715e-01 1.053528394550085068e-02 9.242944419384002686e-03 nan 9.163154363632202148e-01 1.363321688384501840e+03
4.894265439361333847e-03 3.308523446321487427e-03 2.199412800139309644e-09 9.052993655204772949e-01 9.047961235046386719e-01 7.916799746453762054e-03 7.489391136914491653e-03 nan 9.052225351333618164e-01 1.464096642936111493e+03
5.404234398156404495e-03 3.653262509033083916e-03 2.191795924301313793e-09 8.930805325508117676e-01 8.924967646598815918e-01 6.878174375742673874e-03 6.059818901121616364e-03 nan 8.929913043975830078e-01 1.567857461458557509e+03
5.967340432107448578e-03 4.033922217786312103e-03 2.184205430909534259e-09 8.796531558036804199e-01 8.789739012718200684e-01 5.735575687140226364e-03 4.895435180515050888e-03 nan 8.795493245124816895e-01 1.673741289137298736e+03
6.589121185243129730e-03 4.454245790839195251e-03 2.176641221197925960e-09 8.649451136589050293e-01 8.641505837440490723e-01 4.192279186099767685e-03 3.947990480810403824e-03 nan 8.648236393928527832e-01 1.780666154614055813e+03
7.275689393281936646e-03 4.918366204947233200e-03 2.169103203027300791e-09 8.488844037055969238e-01 8.479520082473754883e-01 3.292033215984702110e-03 3.177890786901116371e-03 nan 8.487420082092285156e-01 1.887306971134201376e+03
8.033796213567256927e-03 5.430846009403467178e-03 2.161591299930936394e-09 8.313999772071838379e-01 8.303040266036987305e-01 2.915168413892388344e-03 2.552692312747240067e-03 nan 8.312325477600097656e-01 1.992074149670872202e+03
8.870895951986312866e-03 5.996725521981716156e-03 2.154105401952956366e-09 8.124202489852905273e-01 8.111299276351928711e-01 2.028613351285457611e-03 2.045800676569342613e-03 nan 8.122230768203735352e-01 2.093085626331182539e+03
9.795218706130981445e-03 6.621567998081445694e-03 2.146645430474833453e-09 7.918762564659118652e-01 7.903569340705871582e-01 1.753091579303145409e-03 1.635414897464215755e-03 nan 7.916440963745117188e-01 2.188165332480715279e+03
1.081585418432950974e-02 7.311517372727394104e-03 2.139211293795359687e-09 7.696991562843322754e-01 7.679109573364257812e-01 1.426972332410514355e-03 1.303688273765146732e-03 nan 7.694259881973266602e-01 2.274822879933085005e+03
1.194283645600080490e-02 8.073357865214347839e-03 2.131802900090153706e-09 7.458236217498779297e-01 7.437226176261901855e-01 1.148508279584348202e-03 1.036010449752211571e-03 nan 7.455025911331176758e-01 2.350270720565096326e+03
1.318724639713764191e-02 8.914578706026077271e-03 2.124420174276236449e-09 7.201908230781555176e-01 7.177284955978393555e-01 9.403836447745561600e-04 8.204318000935018063e-04 nan 7.198145985603332520e-01 2.411463717602946872e+03
1.456132158637046814e-02 9.843453764915466309e-03 2.117063005254935590e-09 6.927525401115417480e-01 6.898779273033142090e-01 7.150588789954781532e-04 6.471881060861051083e-04 nan 6.923133730888366699e-01 2.455171835340833240e+03
1.607857085764408112e-02 1.086911372840404510e-02 2.109731324472420402e-09 6.634801626205444336e-01 6.601414084434509277e-01 5.106277531012892723e-04 5.083078285679221153e-04 nan 6.629701256752014160e-01 2.478115681616554411e+03
1.775391399860382080e-02 1.200164575129747391e-02 2.102425026951150955e-09 6.323767900466918945e-01 6.285248994827270508e-01 4.215601948089897633e-04 3.972905979026108980e-04 nan 6.317882537841796875e-01 2.477179612521598301e+03
1.960382424294948578e-02 1.325218472629785538e-02 2.095144031049849183e-09 5.994945168495178223e-01 5.950886011123657227e-01 3.245088737457990646e-04 3.088423982262611389e-04 nan 5.988213419914245605e-01 2.449718351513377002e+03
2.164648845791816711e-02 1.463302597403526306e-02 2.087888252770266929e-09 5.649585127830505371e-01 5.599730014801025391e-01 2.726217207964509726e-04 2.386558626312762499e-04 nan 5.641968846321105957e-01 2.393971247369061075e+03
2.390199340879917145e-02 1.615774817764759064e-02 2.080657597354892904e-09 5.289961099624633789e-01 5.234300494194030762e-01 1.909916463773697615e-04 1.832298439694568515e-04 nan 5.281457304954528809e-01 2.309568027892168629e+03
2.639251388609409332e-02 1.784133911132812500e-02 2.073451995948668221e-09 4.919686913490295410e-01 4.858579337596893311e-01 1.655098894843831658e-04 1.397189043927937746e-04 nan 4.910351336002349854e-01 2.198066174570014937e+03
2.914254181087017059e-02 1.970035769045352936e-02 2.066271340052806293e-09 4.544025659561157227e-01 4.478319287300109863e-01 1.133596888394095004e-04 1.058090201695449650e-04 nan 4.533987045288085938e-01 2.063418923675398673e+03
3.217911347746849060e-02 2.175308018922805786e-02 2.059115554147728899e-09 4.170049726963043213e-01 4.101199209690093994e-01 8.263069321401417255e-05 7.961352821439504623e-05 nan 4.159530997276306152e-01 1.912178129201115780e+03
3.553209081292152405e-02 2.401969395577907562e-02 2.051984539888671147e-09 3.806506395339965820e-01 3.736639618873596191e-01 6.229862628970295191e-05 5.958692054264247417e-05 nan 3.795832097530364990e-01 1.753230604682294825e+03
3.923443704843521118e-02 2.652247995138168335e-02 2.044878229365854235e-09 3.463156223297119141e-01 3.395024240016937256e-01 5.204038825468160212e-05 4.445419835974462330e-05 nan 3.452747166156768799e-01 1.596872166493079476e+03
4.332255572080612183e-02 2.928604744374752045e-02 2.037796533657790378e-09 3.149366080760955811e-01 3.086113631725311279e-01 3.444279354880563915e-05 3.315467620268464088e-05 nan 3.139702677726745605e-01 1.453156014467099340e+03
4.765481501817703247e-02 3.221465647220611572e-02 2.031010053452367756e-09 2.881047725677490234e-01 2.825377881526947021e-01 2.646697248565033078e-05 2.506940109014976770e-05 nan 2.872542738914489746e-01 1.333247845755499156e+03
5.198707059025764465e-02 3.514325991272926331e-02 2.024834231214258902e-09 2.668565809726715088e-01 2.621706724166870117e-01 2.060548831650521606e-05 1.951739250216633081e-05 nan 2.661406993865966797e-01 1.244032414251141972e+03
5.631932616233825684e-02 3.807186335325241089e-02 2.019169610001785353e-09 2.494817376136779785e-01 2.456716448068618774e-01 1.642042116145603359e-05 1.555328526592347771e-05 nan 2.488996386528015137e-01 1.174624044256868501e+03
6.065158173441886902e-02 4.100047051906585693e-02 2.013939112582009273e-09 2.347764521837234497e-01 2.317293584346771240e-01 1.332890951744047925e-05 1.262500609300332144e-05 nan 2.343109250068664551e-01 1.117348508800442460e+03
6.498383730649948120e-02 4.392907395958900452e-02 2.009081821590703985e-09 2.216132134199142456e-01 2.191433012485504150e-01 1.096325468097347766e-05 1.038426671584602445e-05 nan 2.212358713150024414e-01 1.064107161349297940e+03
6.931609660387039185e-02 4.685768112540245056e-02 2.004548729015451583e-09 2.091654390096664429e-01 2.070545554161071777e-01 9.095995665120426565e-06 8.615615115559194237e-06 nan 2.088429331779479980e-01 1.008838531255581643e+03
7.364834845066070557e-02 4.978628456592559814e-02 2.000299865353250301e-09 1.969477683305740356e-01 1.949848532676696777e-01 7.586839728901395574e-06 7.186163202277384698e-06 nan 1.966478824615478516e-01 9.483122291740639866e+02
7.798060774803161621e-02 5.271489173173904419e-02 1.996302173696350216e-09 1.848292350769042969e-01 1.828428655862808228e-01 6.350036528601776809e-06 6.014683094690553844e-06 nan 1.845257580280303955e-01 8.825621751834243014e+02
8.231285959482192993e-02 5.564349144697189331e-02 1.992528044667567094e-09 1.729429066181182861e-01 1.708223372697830200e-01 5.331345619197236374e-06 5.049798801337601617e-06 nan 1.726189106702804565e-01 8.140830392078669320e+02
8.664511889219284058e-02 5.857209861278533936e-02 1.988954134422163219e-09 1.615536659955978394e-01 1.592563986778259277e-01 4.493220330914482474e-06 4.255942712916294113e-06 nan 1.612026989459991455e-01 7.464377709084531034e+02
9.097737073898315430e-02 6.150070205330848694e-02 1.985560585482697045e-09 1.509396582841873169e-01 1.484861373901367188e-01 3.806450877164024860e-06 3.605446863730321638e-06 nan 1.505648195743560791e-01 6.829899407560403688e+02
9.636187553405761719e-02 6.514062732458114624e-02 1.981568674123380254e-09 1.392048001289367676e-01 1.366557180881500244e-01 3.128104481220361777e-06 2.962926373584195971e-06 nan 1.388153582811355591e-01 6.140643029478418384e+02
1.017463728785514832e-01 6.878054887056350708e-02 1.977801256732118934e-09 1.294075399637222290e-01 1.269130557775497437e-01 2.607904889373457991e-06 2.470197159709641710e-06 nan 1.290264278650283813e-01 5.592574968918528384e+02
1.071308776736259460e-01 7.242047041654586792e-02 1.974234781265857972e-09 1.215977370738983154e-01 1.193024069070816040e-01 2.210530965385260060e-06 2.093804823743994348e-06 nan 1.212470605969429016e-01 5.189858714585666348e+02
1.125153750181198120e-01 7.606039196252822876e-02 1.970849203820953451e-09 1.154416352510452271e-01 1.134434938430786133e-01 1.903060820040991530e-06 1.802567226150131319e-06 nan 1.151363700628280640e-01 4.904347809269642084e+02
1.178998723626136780e-01 7.970031350851058960e-02 1.967627323526894450e-09 1.103780195116996765e-01 1.087074726819992065e-01 1.657776579122582916e-06 1.570232257108727936e-06 nan 1.101227998733520508e-01 4.690427629985974818e+02
1.232843771576881409e-01 8.334024250507354736e-02 1.964554264128985100e-09 1.058500334620475769e-01 1.044706180691719055e-01 1.454438233849941753e-06 1.377629359922138974e-06 nan 1.056392863392829895e-01 4.503447798374649551e+02
1.286688745021820068e-01 8.698015660047531128e-02 1.961617102724775952e-09 1.014250963926315308e-01 1.002521514892578125e-01 1.279743742088612635e-06 1.212158849739353172e-06 nan 1.012458950281143188e-01 4.308932569591692072e+02
1.340533792972564697e-01 9.062008559703826904e-02 1.958804483640675406e-09 9.683654457330703735e-02 9.576555341482162476e-02 1.125753669839468785e-06 1.066301024366111960e-06 nan 9.667291492223739624e-02 4.086377622479810157e+02
1.394378840923309326e-01 9.426000714302062988e-02 1.956106446915437174e-09 9.201490134000778198e-02 9.095057100057601929e-02 9.885961844702251256e-07 9.363876074530708138e-07 nan 9.185229241847991943e-02 3.832486792416360117e+02
1.448223739862442017e-01 9.789992123842239380e-02 1.953514161287429418e-09 8.707085251808166504e-02 8.594899624586105347e-02 8.670193665238912217e-07 8.212325042222801130e-07 nan 8.689945936203002930e-02 3.559499281147274132e+02
1.502068787813186646e-01 1.015398502349853516e-01 1.951019758654691563e-09 8.221604675054550171e-02 8.101394027471542358e-02 7.608160785821382888e-07 7.206390364444814622e-07 nan 8.203238993883132935e-02 3.287424062352617966e+02
1.555913835763931274e-01 1.051797717809677124e-01 1.948616241255242070e-09 7.768422365188598633e-02 7.641857117414474487e-02 6.698001016047783196e-07 6.344303074001800269e-07 nan 7.749085873365402222e-02 3.036467203495033118e+02
1.609758734703063965e-01 1.088196933269500732e-01 1.946297314463125787e-09 7.367481291294097900e-02 7.238996773958206177e-02 5.933342777098005172e-07 5.620029810415871907e-07 nan 7.347851991653442383e-02 2.822273968636800987e+02
1.663603782653808594e-01 1.124596148729324341e-01 1.944057316713681798e-09 7.029315829277038574e-02 6.904423236846923828e-02 5.300205430103233084e-07 5.020326057092461269e-07 nan 7.010235637426376343e-02 2.652016233906081766e+02
1.717448830604553223e-01 1.160995438694953918e-01 1.941891129256332855e-09 6.751124560832977295e-02 6.634721159934997559e-02 4.776683226737077348e-07 4.524445387232844951e-07 nan 6.733340770006179810e-02 2.522621208672530315e+02
1.771293878555297852e-01 1.197394654154777527e-01 1.939794125595426991e-09 6.519417464733123779e-02 6.414544582366943359e-02 4.337392738307244144e-07 4.108347013698221417e-07 nan 6.503394991159439087e-02 2.423566335573173944e+02
1.825138777494430542e-01 1.233793795108795166e-01 1.937762091126241291e-09 6.316587328910827637e-02 6.223881989717483521e-02 3.959067953474004753e-07 3.749995585167198442e-07 nan 6.302423775196075439e-02 2.341814333309652056e+02
1.878983825445175171e-01 1.270193010568618774e-01 1.935791175107242678e-09 6.125541031360626221e-02 6.043394282460212708e-02 3.623188433721225010e-07 3.431849791013519280e-07 nan 6.112990528345108032e-02 2.264965067439586619e+02
1.932828873395919800e-01 1.306592375040054321e-01 1.933877861004656685e-09 5.932228639721870422e-02 5.857499688863754272e-02 3.316510799322713865e-07 3.141365425562980818e-07 nan 5.920811370015144348e-02 2.182977860101138390e+02
1.986673772335052490e-01 1.342991441488265991e-01 1.932018951816384183e-09 5.728583037853240967e-02 5.657586082816123962e-02 3.031505286799074383e-07 2.871410629268211778e-07 nan 5.717736482620239258e-02 2.090371210708477179e+02
2.040518820285797119e-01 1.379390656948089600e-01 1.930211465507478933e-09 5.514381080865859985e-02 5.443862453103065491e-02 2.765993087905371794e-07 2.619921417590376223e-07 nan 5.503607541322708130e-02 1.987605213074272399e+02
2.094363868236541748e-01 1.415790021419525146e-01 1.928452677645768952e-09 5.295576155185699463e-02 5.223423615097999573e-02 2.521066164717922220e-07 2.387931203884363640e-07 nan 5.284553021192550659e-02 1.879657282337181528e+02
2.148208767175674438e-01 1.452189087867736816e-01 1.926740094380007882e-09 5.080750584602355957e-02 5.006299540400505066e-02 2.298669130595953902e-07 2.177280720161434147e-07 nan 5.069376155734062195e-02 1.773153931846554485e+02
2.202053815126419067e-01 1.488588303327560425e-01 1.925071368159055733e-09 4.878485202789306641e-02 4.802412167191505432e-02 2.100214402389610768e-07 1.989307634175929707e-07 nan 4.866863042116165161e-02 1.674309799851205867e+02
2.255898863077163696e-01 1.524987667798995972e-01 1.923444343781293656e-09 4.695529490709304810e-02 4.619428142905235291e-02 1.925911305988847744e-07 1.824210187351127388e-07 nan 4.683902859687805176e-02 1.587667096746447442e+02
2.309743911027908325e-01 1.561386883258819580e-01 1.921857033120720865e-09 4.535011574625968933e-02 4.460814222693443298e-02 1.774316729097336065e-07 1.680621011246330454e-07 nan 4.523675516247749329e-02 1.515070225766176861e+02
2.363588809967041016e-01 1.597786098718643188e-01 1.920307567935778733e-09 4.395795240998268127e-02 4.325201734900474548e-02 1.642464582118918770e-07 1.555730904101437773e-07 nan 4.385010525584220886e-02 1.455488357585135475e+02
2.417433857917785645e-01 1.634185314178466797e-01 1.918794213956308179e-09 4.273635149002075195e-02 4.207696765661239624e-02 1.526638158111381927e-07 1.446019837203493807e-07 nan 4.263561591506004333e-02 1.405947082017635239e+02
2.471278905868530273e-01 1.670584529638290405e-01 1.917315352832477265e-09 4.162743315100669861e-02 4.101679101586341858e-02 1.423109807774380897e-07 1.347957692132695229e-07 nan 4.153413698077201843e-02 1.362591400399795987e+02
2.525123953819274902e-01 1.706983745098114014e-01 1.915869472055197894e-09 4.056859761476516724e-02 4.000114649534225464e-02 1.328542822420786251e-07 1.258383832691833959e-07 nan 4.048190638422966003e-02 1.321355634876452996e+02
2.578969001770019531e-01 1.743383109569549561e-01 1.914455150219987163e-09 3.950594365596771240e-02 3.897077590227127075e-02 1.240373421751428396e-07 1.174870192244270584e-07 nan 3.942418098449707031e-02 1.278813612320623889e+02
2.632813751697540283e-01 1.779782027006149292e-01 1.913071083197014340e-09 3.841113299131393433e-02 3.789536654949188232e-02 1.157196862777709612e-07 1.096086066354473587e-07 nan 3.833233565092086792e-02 1.233265482191537217e+02
2.686658799648284912e-01 1.816181391477584839e-01 1.911715991580206360e-09 3.728692233562469482e-02 3.677901998162269592e-02 1.078717559721553698e-07 1.021751501184553490e-07 nan 3.720932453870773315e-02 1.185059121343217754e+02
2.740503847599029541e-01 1.852580606937408447e-01 1.910388727493893778e-09 3.615552559494972229e-02 3.564774617552757263e-02 1.005216674343500927e-07 9.521324528805052978e-08 nan 3.607794642448425293e-02 1.135775835585463653e+02
2.794348895549774170e-01 1.888979822397232056e-01 1.909088184011114833e-09 3.504446148872375488e-02 3.453397750854492188e-02 9.370581466328076203e-08 8.875737478319933871e-08 nan 3.496646881103515625e-02 1.087267703931932914e+02
2.848193943500518799e-01 1.925379037857055664e-01 1.907813323590368924e-09 3.398134559392929077e-02 3.346997126936912537e-02 8.745315938085695961e-08 8.283495134264740045e-08 nan 3.390322253108024597e-02 1.041304192067199352e+02
2.902038991451263428e-01 1.961778402328491211e-01 1.906563162582237113e-09 3.299134597182273865e-02 3.248417750000953674e-02 8.177951826837670524e-08 7.746093899640982272e-08 nan 3.291385993361473083e-02 9.994143118732016262e+01
2.955884039402008057e-01 1.998177617788314819e-01 1.905336787226579552e-09 3.208944201469421387e-02 3.159293904900550842e-02 7.667107126962946495e-08 7.262226375814861967e-08 nan 3.201358765363693237e-02 9.624419252338471154e+01
3.009728789329528809e-01 2.034576684236526489e-01 1.904133323856378078e-09 3.127349168062210083e-02 3.079351969063282013e-02 7.207336949477394228e-08 6.826735443610232323e-08 nan 3.120016306638717651e-02 9.301833886345153246e+01
3.063573837280273438e-01 2.070975899696350098e-01 1.902951936232507350e-09 3.052706643939018250e-02 3.006742335855960846e-02 6.790511974941182416e-08 6.431919530314189615e-08 nan 3.045684099197387695e-02 9.016071662170041634e+01
3.117418885231018066e-01 2.107375115156173706e-01 1.901791846628511990e-09 2.982878684997558594e-02 2.939050085842609406e-02 6.408339459085254930e-08 6.069925717611113214e-08 nan 2.976182475686073303e-02 8.754278369031048612e+01
3.171263933181762695e-01 2.143774479627609253e-01 1.900652308391623192e-09 2.915862575173377991e-02 2.874005213379859924e-02 6.053780765569172218e-08 5.734089114639573381e-08 nan 2.909467369318008423e-02 8.504724548131929396e+01
3.225108981132507324e-01 2.180173695087432861e-01 1.899532626729035332e-09 2.849953249096870422e-02 2.809706330299377441e-02 5.721236462363776809e-08 5.419105164605753089e-08 nan 2.843804098665714264e-02 8.257673702519595338e+01
3.278954029083251953e-01 2.216572910547256470e-01 1.898432128189829179e-09 2.783950231969356537e-02 2.744869887828826904e-02 5.406767300542014709e-08 5.121242452332808170e-08 nan 2.777979522943496704e-02 8.006531100185226535e+01
3.332799077033996582e-01 2.252972126007080078e-01 1.897350177081271127e-09 2.717523276805877686e-02 2.679192647337913513e-02 5.108541856202464260e-08 4.838766187731380342e-08 nan 2.711667120456695557e-02 7.749866974072963899e+01
3.386643826961517334e-01 2.289371192455291748e-01 1.896286172945125672e-09 2.651273645460605621e-02 2.613392099738121033e-02 4.826632604704172991e-08 4.571744938175470452e-08 nan 2.645486220717430115e-02 7.491582823702971439e+01
3.440488874912261963e-01 2.325770407915115356e-01 1.895239531240720810e-09 2.586294896900653839e-02 2.548722550272941589e-02 4.561937316793773789e-08 4.321028512777047581e-08 nan 2.580554969608783722e-02 7.238214118730020630e+01
3.494333922863006592e-01 2.362169772386550903e-01 1.894209703480833635e-09 2.523626759648323059e-02 2.486383914947509766e-02 4.315106139074487146e-08 4.087233307359383616e-08 nan 2.517937123775482178e-02 6.995742212643958169e+01
3.548178970813751221e-01 2.398568987846374512e-01 1.893196174858241155e-09 2.464014478027820587e-02 2.427243068814277649e-02 4.086162164185225265e-08 3.870379572390447720e-08 nan 2.458396367728710175e-02 6.768285919333094114e+01
3.602024018764495850e-01 2.434968203306198120e-01 1.892198441798694543e-09 2.407896704971790314e-02 2.371798455715179443e-02 3.874567511275017750e-08 3.669959625085539301e-08 nan 2.402381785213947296e-02 6.558130733900740950e+01
3.655869066715240479e-01 2.471367418766021729e-01 1.891216027459402332e-09 2.355352230370044708e-02 2.320122718811035156e-02 3.679219773289332807e-08 3.484927901808987372e-08 nan 2.349969930946826935e-02 6.365530215747639886e+01
3.709714114665985107e-01 2.507766783237457275e-01 1.890248472221847833e-09 2.306008711457252502e-02 2.271784283220767975e-02 3.498401213164470391e-08 3.313656904424533423e-08 nan 2.300780080258846283e-02 6.188313640479372424e+01
3.763558864593505859e-01 2.544165849685668945e-01 1.889295352117686434e-09 2.259143255650997162e-02 2.225972339510917664e-02 3.330022124714560050e-08 3.154169903041292855e-08 nan 2.254075370728969574e-02 6.022504837977439252e+01
3.817403912544250488e-01 2.580564916133880615e-01 1.888356242191734645e-09 2.213972806930541992e-02 2.181813865900039673e-02 3.172109330762395984e-08 3.004595328093273565e-08 nan 2.209059707820415497e-02 5.863915363296356986e+01
3.871248960494995117e-01 2.616964280605316162e-01 1.887430735669950155e-09 2.169882692396640778e-02 2.138620615005493164e-02 3.023114558686756936e-08 2.863468395730706106e-08 nan 2.165106870234012604e-02 5.709337378391244044e+01
3.925094008445739746e-01 2.653363645076751709e-01 1.886518457772270655e-09 2.126460522413253784e-02 2.095943875610828400e-02 2.881918703678820748e-08 2.729728620920468529e-08 nan 2.121798135340213776e-02 5.556698178510199426e+01
3.978939056396484375e-01 2.689762711524963379e-01 1.885619049100158659e-09 2.083493955433368683e-02 2.053571119904518127e-02 2.747776051137407194e-08 2.602670079454583174e-08 nan 2.078922651708126068e-02 5.405013670093481437e+01
4.032784104347229004e-01 2.726162075996398926e-01 1.884732143174389957e-09 2.041033282876014709e-02 2.011583186686038971e-02 2.620348027448926587e-08 2.481971606016486476e-08 nan 2.036533877253532410e-02 5.254675232568192200e+01
4.086629152297973633e-01 2.762561440467834473e-01 1.883857409814700777e-09 1.999385468661785126e-02 1.970338076353073120e-02 2.499641738040736527e-08 2.367639773126484215e-08 nan 1.994947530329227448e-02 5.107370629284685037e+01
4.140473902225494385e-01 2.798960208892822266e-01 1.882994538868699288e-09 1.958931237459182739e-02 1.930270530283451080e-02 2.385741559862708527e-08 2.259754694478033343e-08 nan 1.954552531242370605e-02 4.965106710342918461e+01
4.194318950176239014e-01 2.835359573364257812e-01 1.882143190604211824e-09 1.919930055737495422e-02 1.891684159636497498e-02 2.278563115964971075e-08 2.158236434013360849e-08 nan 1.915614679455757141e-02 4.829209333865790654e+01
4.248163998126983643e-01 2.871758937835693359e-01 1.881303079826970542e-09 1.882502436637878418e-02 1.854726113379001617e-02 2.177852920226541755e-08 2.062844473016411939e-08 nan 1.878258958458900452e-02 4.700263650006663596e+01
4.302009046077728271e-01 2.908158004283905029e-01 1.880473925305205483e-09 1.846696808934211731e-02 1.819449663162231445e-02 2.083284478260338801e-08 1.973270080668498849e-08 nan 1.842533983290195465e-02 4.578475544451472956e+01
4.355854094028472900e-01 2.944557368755340576e-01 1.879655436356054805e-09 1.812466420233249664e-02 1.785794086754322052e-02 1.994443543651414075e-08 1.889120504472430184e-08 nan 1.808391511440277100e-02 4.463572602883648699e+01
4.409699141979217529e-01 2.980956733226776123e-01 1.878847353036435648e-09 1.779605448246002197e-02 1.753527671098709106e-02 1.910771274538092257e-08 1.809866745361432550e-08 nan 1.775621250271797180e-02 4.354506680205512481e+01
4.463544189929962158e-01 3.017355799674987793e-01 1.878049424887222573e-09 1.747808791697025299e-02 1.722315698862075806e-02 1.831648255290474481e-08 1.734921895035768102e-08 nan 1.743914186954498291e-02 4.249773645033381797e+01
4.517388939857482910e-01 3.053754866123199463e-01 1.877261397654174740e-09 1.716824062168598175e-02 1.691879518330097198e-02 1.756558276611031033e-08 1.663797277728917834e-08 nan 1.713012903928756714e-02 4.148153830949767240e+01
4.571233987808227539e-01 3.090154230594635010e-01 1.876483026309890802e-09 1.686510443687438965e-02 1.662063598632812500e-02 1.685141270968415483e-08 1.596151655292032956e-08 nan 1.682775653898715973e-02 4.048995256114316277e+01
4.625079035758972168e-01 3.126553297042846680e-01 1.875714093387305177e-09 1.656788773834705353e-02 1.632783003151416779e-02 1.617124212316412013e-08 1.531726390169296792e-08 nan 1.653121039271354675e-02 3.951946885410768573e+01
4.678924083709716797e-01 3.162952661514282227e-01 1.874954364165268396e-09 1.627606526017189026e-02 1.603993214666843414e-02 1.552282213879152550e-08 1.470308585993507222e-08 nan 1.623998954892158508e-02 3.856795692283224497e+01
4.732769131660461426e-01 3.199352025985717773e-01 1.874203630559428286e-09 1.598986797034740448e-02 1.575730927288532257e-02 1.490475654009060236e-08 1.411766081815812868e-08 nan 1.595433801412582397e-02 3.763682134591879702e+01
4.786614179611206055e-01 3.235751092433929443e-01 1.873461691551420399e-09 1.571041904389858246e-02 1.548126153647899628e-02 1.431655682893051562e-08 1.356052337087021442e-08 nan 1.567540876567363739e-02 3.673160305582041474e+01
4.840458929538726807e-01 3.272150158882141113e-01 1.872728340933758753e-09 1.543897669762372971e-02 1.521320734173059464e-02 1.375784552948289274e-08 1.303131558216819030e-08 nan 1.540448516607284546e-02 3.585827681978413040e+01
4.894303977489471436e-01 3.308549523353576660e-01 1.872003379495005729e-09 1.517608575522899628e-02 1.495379954576492310e-02 1.322760301292191798e-08 1.252907644300194079e-08 nan 1.514212507754564285e-02 3.501935665585221358e+01
4.948149025440216064e-01 3.344948589801788330e-01 1.871286632213937058e-09 1.492158602923154831e-02 1.470292545855045319e-02 1.272425187437420391e-08 1.205230582002059236e-08 nan 1.488817948848009109e-02 3.421402156229886771e+01
5.001994371414184570e-01 3.381348252296447754e-01 1.870577900826693527e-09 1.467515062540769577e-02 1.446023583412170410e-02 1.224615342465540380e-08 1.159945561823860771e-08 nan 1.464231684803962708e-02 3.344068733218938405e+01
5.055838823318481445e-01 3.417747020721435547e-01 1.869877039368293133e-09 1.443643961101770401e-02 1.422532554715871811e-02 1.179175956877998033e-08 1.116905679054980283e-08 nan 1.440418604761362076e-02 3.269772355692067123e+01
5.109683871269226074e-01 3.454146385192871094e-01 1.869183849789121820e-09 1.420478522777557373e-02 1.399743743240833282e-02 1.135935079332739406e-08 1.075948219408928708e-08 nan 1.417310629040002823e-02 3.198206103704813685e+01
5.163528919219970703e-01 3.490545451641082764e-01 1.868498185335105332e-09 1.397910900413990021e-02 1.377540640532970428e-02 1.094699619841321692e-08 1.036890306949089791e-08 nan 1.394798792898654938e-02 3.128883188906240775e+01
5.217373967170715332e-01 3.526944816112518311e-01 1.867819876059786520e-09 1.375842187553644180e-02 1.355818007141351700e-02 1.055296827701113216e-08 9.995683392105547682e-09 nan 1.372782792896032333e-02 3.061365986602153910e+01
5.271219015121459961e-01 3.563344180583953857e-01 1.867148773833358248e-09 1.354230102151632309e-02 1.334530767053365707e-02 1.017608841635819772e-08 9.638705833481253649e-09 nan 1.351220533251762390e-02 2.995476905404202483e+01
5.325064063072204590e-01 3.599743247032165527e-01 1.866484735032350672e-09 1.333074457943439484e-02 1.313679013401269913e-02 9.815559032233522885e-09 9.297215441961270699e-09 nan 1.330111268907785416e-02 2.931224878684566093e+01
5.378909111022949219e-01 3.636142611503601074e-01 1.865827604301946768e-09 1.312372088432312012e-02 1.293263770639896393e-02 9.470613626660906448e-09 8.970485687598284130e-09 nan 1.309452764689922333e-02 2.868605139893246658e+01
5.432754158973693848e-01 3.672541677951812744e-01 1.865177252290424566e-09 1.292115263640880585e-02 1.273282244801521301e-02 9.140492807091504801e-09 8.657798034050756542e-09 nan 1.289237942546606064e-02 2.807590416687563462e+01
5.486599206924438477e-01 3.708941042423248291e-01 1.864533532427482462e-09 1.272320561110973358e-02 1.253756694495677948e-02 8.824648567440362967e-09 8.358634673300002760e-09 nan 1.269484311342239380e-02 2.748258529777269032e+01
5.540444254875183105e-01 3.745340406894683838e-01 1.863896318172137942e-09 1.253026351332664490e-02 1.234729308634996414e-02 8.522707872771206894e-09 8.072636781264463934e-09 nan 1.250230986624956131e-02 2.690777560615652675e+01
5.594289302825927734e-01 3.781739473342895508e-01 1.863265486641235488e-09 1.234248094260692596e-02 1.216218248009681702e-02 8.234149362351672607e-09 7.799318524348564097e-09 nan 1.231493521481752396e-02 2.635212792281829763e+01
5.648134350776672363e-01 3.818138837814331055e-01 1.862640903204479876e-09 1.215960364788770676e-02 1.198198646306991577e-02 7.958213643632916501e-09 7.537954260783408245e-09 nan 1.213246770203113556e-02 2.581452096905858440e+01
5.701979398727416992e-01 3.854538202285766602e-01 1.862022452330667509e-09 1.198127120733261108e-02 1.180633250623941422e-02 7.694108461464566062e-09 7.287796144339608873e-09 nan 1.195454411208629608e-02 2.529341473742967850e+01
5.755824446678161621e-01 3.890937268733978271e-01 1.861410021730888845e-09 1.180731318891048431e-02 1.163502223789691925e-02 7.441206317793103153e-09 7.048248651386757047e-09 nan 1.178099121898412704e-02 2.478807644346552763e+01
5.809668898582458496e-01 3.927336037158966064e-01 1.860803497296447543e-09 1.163756940513849258e-02 1.146787032485008240e-02 7.198921903039945391e-09 6.818759334947799289e-09 nan 1.161164231598377228e-02 2.429783156874054484e+01
5.863513946533203125e-01 3.963735401630401611e-01 1.860202753428811389e-09 1.147166918963193893e-02 1.130448747426271439e-02 6.966574872535602481e-09 6.598681157043984058e-09 nan 1.144612766802310944e-02 2.382113969996226288e+01
5.917358994483947754e-01 4.000134766101837158e-01 1.859607692406273365e-09 1.130918599665164948e-02 1.114442944526672363e-02 6.743486213878213675e-09 6.387373741034707564e-09 nan 1.128401514142751694e-02 2.335624499718239022e+01
5.971204042434692383e-01 4.036533832550048828e-01 1.859018214291441706e-09 1.114994846284389496e-02 1.098752394318580627e-02 6.529171869829042407e-09 6.184376566409355291e-09 nan 1.112513337284326553e-02 2.290247147125213445e+01
6.025049090385437012e-01 4.072933197021484375e-01 1.858434207544148841e-09 1.099402550607919693e-02 1.083384733647108078e-02 6.323309431621737531e-09 5.989386320237599648e-09 nan 1.096955314278602600e-02 2.246013417290744485e+01
6.078894138336181641e-01 4.109332561492919922e-01 1.857855577876460681e-09 1.084142737090587616e-02 1.068342290818691254e-02 6.125560947367603148e-09 5.802080149663879638e-09 nan 1.081728655844926834e-02 2.202929208384643900e+01
6.132739186286926270e-01 4.145731627941131592e-01 1.857282233477322155e-09 1.069201901555061340e-02 1.053613424301147461e-02 5.935522295885675703e-09 5.622077470235353758e-09 nan 1.066820416599512100e-02 2.160941070903447425e+01
6.186584234237670898e-01 4.182130992412567139e-01 1.856714071034082293e-09 1.054574083536863327e-02 1.039193477481603622e-02 5.752849752127531247e-09 5.449051432293572361e-09 nan 1.052224170416593552e-02 2.120026141279549137e+01
6.240429282188415527e-01 4.218530058860778809e-01 1.856151008397507339e-09 1.040268968790769577e-02 1.025093812495470047e-02 5.577303952009060595e-09 5.282775994430721767e-09 nan 1.037950441241264343e-02 2.080223904391509393e+01
6.294274330139160156e-01 4.254929423332214355e-01 1.855592947277603754e-09 1.026292331516742706e-02 1.011320017278194427e-02 5.408629988323809812e-09 5.123009128027433690e-09 nan 1.024004817008972168e-02 2.041557435164933310e+01
6.556535363197326660e-01 4.432217776775360107e-01 1.852943630635520644e-09 9.623858146369457245e-03 9.483591653406620026e-03 4.674217457534268760e-09 4.427379796112518306e-09 nan 9.602429345250129700e-03 1.867351762080606647e+01
8.039034605026245117e-01 5.434387326240539551e-01 1.839770603253567837e-09 6.955855526030063629e-03 6.854495964944362640e-03 2.247251051912257935e-09 2.128577314408630627e-09 nan 6.940369959920644760e-03 1.187571460519821898e+01
9.932619333267211914e-01 6.714450716972351074e-01 1.826201010048688587e-09 4.940061829984188080e-03 4.868097603321075439e-03 1.045475706007437111e-09 9.902657582827600891e-10 nan 4.929067101329565048e-03 7.346292246028296447e+00
1.227223634719848633e+00 8.296031951904296875e-01 1.812731498599941669e-09 3.491253126412630081e-03 3.440406871959567070e-03 4.839977307824483432e-10 4.584385926431622238e-10 nan 3.483484731987118721e-03 4.499983597359723753e+00
1.516294717788696289e+00 1.025015234947204590e+00 1.799361337301671755e-09 2.456417307257652283e-03 2.420649630948901176e-03 2.230717971452023107e-10 2.112917063534780482e-10 nan 2.450952772051095963e-03 2.732104686203305821e+00
1.873456120491027832e+00 1.266456365585327148e+00 1.786089789356977996e-09 1.721345004625618458e-03 1.696284976787865162e-03 1.023978610237286091e-10 9.699038100441370602e-11 nan 1.717516570352017879e-03 1.645408461636108211e+00
2.314746379852294922e+00 1.564768552780151367e+00 1.772916133006574509e-09 1.201820792630314827e-03 1.184326363727450371e-03 4.683204171684884898e-11 4.435890543774689831e-11 nan 1.199148013256490231e-03 9.836986865683944314e-01
2.859982252120971680e+00 1.933347940444946289e+00 1.759839636962373426e-09 8.362929220311343670e-04 8.241207688115537167e-04 2.134726770353090330e-11 2.021994550960304338e-11 nan 8.344333618879318237e-04 5.841768822717712251e-01
3.533647537231445312e+00 2.388745784759521484e+00 1.746859588797865175e-09 5.801615188829600811e-04 5.717177991755306721e-04 9.700927561251404541e-12 9.188631626411147835e-12 nan 5.788714624941349030e-04 3.448022751776852468e-01
4.365993976593017578e+00 2.951411962509155273e+00 1.733975279535418463e-09 4.013493889942765236e-04 3.955083666369318962e-04 4.396100237308298020e-12 4.163945663965273880e-12 nan 4.004569782409816980e-04 2.023775419193208636e-01
5.394398689270019531e+00 3.646613597869873047e+00 1.721185999058096773e-09 2.769367420114576817e-04 2.729062980506569147e-04 1.987038788717199189e-12 1.882104064612755145e-12 nan 2.763209631666541100e-04 1.181742980750188909e-01
6.665042877197265625e+00 4.505568981170654297e+00 1.708491050912268841e-09 1.906379329739138484e-04 1.878632610896602273e-04 8.960168219364350595e-13 8.486979023204777040e-13 nan 1.902140356833115220e-04 6.867922303860281297e-02
8.234986305236816406e+00 5.566850662231445312e+00 1.695889732548296616e-09 1.309456565650179982e-04 1.290394720854237676e-04 4.031617704611245578e-13 3.818702624079628460e-13 nan 1.306544290855526924e-04 3.974054357788141950e-02
1.017472743988037109e+01 6.878115653991699219e+00 1.683381361073609185e-09 8.976264507509768009e-05 8.845557749737054110e-05 1.810364060267702357e-13 1.714753556161796588e-13 nan 8.956294914241880178e-05 2.290275087471177126e-02
1.257137203216552734e+01 8.498247146606445312e+00 1.670965250288532184e-09 6.141666381154209375e-05 6.052191747585311532e-05 8.114083677960431951e-14 7.685536506252949041e-14 nan 6.127997039584442973e-05 1.314963178008921388e-02
1.553254413604736328e+01 1.050000000000000000e+01 1.658640709094829109e-09 4.194882058072835207e-05 4.133721449761651456e-05 3.630424208326578361e-14 3.438669501595360833e-14 nan 4.185537909506820142e-05 7.523597117091421552e-03
