# k/h [h/Mpc]            k [1/Mpc]              Primoridal             T_cdm(k)                 T_bar(k)                 T_phot(k)                T_massless neutrions(k)  T_massive neutrinos(k)   T_total(k)               Linear Pk [(Mpc/h)^3]  
1.049045658874092624e-05 7.091548468451946974e-06 2.727206404909961128e-09 1.000000000000000000e+00 1.000000000000000000e+00 1.000000000000000000e+00 1.000000000000000000e+00 nan 1.000000000000000000e+00 4.097928311694855807e+01
1.158353370556142181e-05 7.830468348402064294e-06 2.717761705682844603e-09 9.999997019767761230e-01 9.999997019767761230e-01 9.998925924301147461e-01 9.998900890350341797e-01 nan 9.999995827674865723e-01 4.509247833002101657e+01
1.279050593439023942e-05 8.646382411825470626e-06 2.708349706436794825e-09 9.999992251396179199e-01 9.999993443489074707e-01 9.997617602348327637e-01 9.997561573982238770e-01 nan 9.999992251396179199e-01 4.961851377008723318e+01
1.412324218108551577e-05 9.547311492497101426e-06 2.698970312856197758e-09 9.999989271163940430e-01 9.999989271163940430e-01 9.996021986007690430e-01 9.995928406715393066e-01 nan 9.999989271163940430e-01 5.459885673091771707e+01
1.559484553581569344e-05 1.054211588780162856e-05 2.689623392481895528e-09 9.999982714653015137e-01 9.999983906745910645e-01 9.994077086448669434e-01 9.993938803672790527e-01 nan 9.999982714653015137e-01 6.007904207536512331e+01
1.721978514979127795e-05 1.164057448477251455e-05 2.680308856040028027e-09 9.999977350234985352e-01 9.999977350234985352e-01 9.991707205772399902e-01 9.991512894630432129e-01 nan 9.999977350234985352e-01 6.610929965340854153e+01
1.901403993542771786e-05 1.285349117097212002e-05 2.671026563908324178e-09 9.999970197677612305e-01 9.999969005584716797e-01 9.988816976547241211e-01 9.988554716110229492e-01 nan 9.999969005584716797e-01 7.274480214335389405e+01
2.099525045196060091e-05 1.419278942194068804e-05 2.661776424936157355e-09 9.999959468841552734e-01 9.999959468841552734e-01 9.985294342041015625e-01 9.984950423240661621e-01 nan 9.999959468841552734e-01 8.004626444348802750e+01
2.318289807590190321e-05 1.567163963045459241e-05 2.652558315858844083e-09 9.999947547912597656e-01 9.999947547912597656e-01 9.981001019477844238e-01 9.980556368827819824e-01 nan 9.999947547912597656e-01 8.808055727262419055e+01
2.559849235694855452e-05 1.730458097881637514e-05 2.643372135990062650e-09 9.999933242797851562e-01 9.999933242797851562e-01 9.975768923759460449e-01 9.975202083587646484e-01 nan 9.999933242797851562e-01 9.692121871551296408e+01
2.826578383974265307e-05 1.910767059598583728e-05 2.634217767634683471e-09 9.999916553497314453e-01 9.999915361404418945e-01 9.969392418861389160e-01 9.968677163124084473e-01 nan 9.999916553497314453e-01 1.066491532006895966e+02
3.121100235148333013e-05 2.109863817167934030e-05 2.625095097817206075e-09 9.999895095825195312e-01 9.999893903732299805e-01 9.961624741554260254e-01 9.960727095603942871e-01 nan 9.999895095825195312e-01 1.173533720944353860e+02
3.446310074650682509e-05 2.329705603187903762e-05 2.616004033478672110e-09 9.999868869781494141e-01 9.999867081642150879e-01 9.952160120010375977e-01 9.951041936874389648e-01 nan 9.999868869781494141e-01 1.291318436780159686e+02
3.805406231549568474e-05 2.572454650362487882e-05 2.606944439452153756e-09 9.999837875366210938e-01 9.999836087226867676e-01 9.940631985664367676e-01 9.939244389533996582e-01 nan 9.999836683273315430e-01 1.420923403678665409e+02
4.201919000479392707e-05 2.840497290890198201e-05 2.597916226597658093e-09 9.999799132347106934e-01 9.999796152114868164e-01 9.926593303680419922e-01 9.924879074096679688e-01 nan 9.999799132347106934e-01 1.563534004415344896e+02
4.639747567125596106e-05 3.136469240416772664e-05 2.588919279439887767e-09 9.999752044677734375e-01 9.999747872352600098e-01 9.909501075744628906e-01 9.907388687133789062e-01 nan 9.999750852584838867e-01 1.720454951514892912e+02
5.123196388012729585e-05 3.463280881987884641e-05 2.579953483847589841e-09 9.999695420265197754e-01 9.999691247940063477e-01 9.888698458671569824e-01 9.886102676391601562e-01 nan 9.999695420265197754e-01 1.893121009369772310e+02
5.657019573845900595e-05 3.824145096587017179e-05 2.571018745591721348e-09 9.999625682830810547e-01 9.999620318412780762e-01 9.863388538360595703e-01 9.860205650329589844e-01 nan 9.999625682830810547e-01 2.083110641912688266e+02
6.246465636650100350e-05 4.222610732540488243e-05 2.562114941593048984e-09 9.999541640281677246e-01 9.999533295631408691e-01 9.832612276077270508e-01 9.828715324401855469e-01 nan 9.999541044235229492e-01 2.292161016065313675e+02
6.897329876665025949e-05 4.662595165427774191e-05 2.553241977543412439e-09 9.999437928199768066e-01 9.999428391456604004e-01 9.795207977294921875e-01 9.790445566177368164e-01 nan 9.999436736106872559e-01 2.522180213454530247e+02
7.616012590005993843e-05 5.148424679646268487e-05 2.544399743325443185e-09 9.999312162399291992e-01 9.999299645423889160e-01 9.749780893325805664e-01 9.743971824645996094e-01 nan 9.999310374259948730e-01 2.775269943784159636e+02
8.409580186707898974e-05 5.684876305167563260e-05 2.535588130685252624e-09 9.999158978462219238e-01 9.999144077301025391e-01 9.694657325744628906e-01 9.687582254409790039e-01 nan 9.999156594276428223e-01 3.053739057206237817e+02
9.285835403716191649e-05 6.277224747464060783e-05 2.526807033334104165e-09 9.998972415924072266e-01 9.998953938484191895e-01 9.627839922904968262e-01 9.619235396385192871e-01 nan 9.998968839645385742e-01 3.360127237284127659e+02
1.025339443003758788e-04 6.931294774403795600e-05 2.518056339675267213e-09 9.998744726181030273e-01 9.998722076416015625e-01 9.546950459480285645e-01 9.536504149436950684e-01 nan 9.998740553855895996e-01 3.697226142294319402e+02
1.132176985265687108e-04 7.653516513528302312e-05 2.509335958204897443e-09 9.998468160629272461e-01 9.998438954353332520e-01 9.449177980422973633e-01 9.436520338058471680e-01 nan 9.998462796211242676e-01 4.068103593197191685e+02
1.250146742677316070e-04 8.450992027064785361e-05 2.500645773867358897e-09 9.998130202293395996e-01 9.998096823692321777e-01 9.331227540969848633e-01 9.315921664237976074e-01 nan 9.998125433921813965e-01 4.476129836730921170e+02
1.380408502882346511e-04 9.331561159342527390e-05 2.491985695624705562e-09 9.997720122337341309e-01 9.997677206993103027e-01 9.189266562461853027e-01 9.170805215835571289e-01 nan 9.997713565826416016e-01 4.925009311739954683e+02
1.524243270978331566e-04 1.030388448270969093e-04 2.483355596498544299e-09 9.997220039367675781e-01 9.997168779373168945e-01 9.018896222114562988e-01 8.996691107749938965e-01 nan 9.997212290763854980e-01 5.418806668864306175e+02
1.683065347606316209e-04 1.137752187787555158e-04 2.474755379885282393e-09 9.996612668037414551e-01 9.996550679206848145e-01 8.815147876739501953e-01 8.788533806800842285e-01 nan 9.996603131294250488e-01 5.961986206300824733e+02
1.858436153270304203e-04 1.256302784895524383e-04 2.466184957973141175e-09 9.995874762535095215e-01 9.995798468589782715e-01 8.572530150413513184e-01 8.540760874748229980e-01 nan 9.995862841606140137e-01 6.559441006196407216e+02
2.052080089924857020e-04 1.387206139042973518e-04 2.457644209414643305e-09 9.994978904724121094e-01 9.994885325431823730e-01 8.285144567489624023e-01 8.247413039207458496e-01 nan 9.994964003562927246e-01 7.216540212473736347e+02
2.265901130158454180e-04 1.531749148853123188e-04 2.449133045395065615e-09 9.993889927864074707e-01 9.993778467178344727e-01 7.946931123733520508e-01 7.902388572692871094e-01 nan 9.993871450424194336e-01 7.939157559091364647e+02
2.502001880202442408e-04 1.691353245405480266e-04 2.440651351248999153e-09 9.992570281028747559e-01 9.992434978485107422e-01 7.552059888839721680e-01 7.499868273735046387e-01 nan 9.992548823356628418e-01 8.733729471444440833e+02
2.762703516054898500e-04 1.867587561719119549e-04 2.432199034655000626e-09 9.990971684455871582e-01 9.990808367729187012e-01 7.095550894737243652e-01 7.034951448440551758e-01 nan 9.990946650505065918e-01 9.607287666909204518e+02
3.050569503102451563e-04 2.062184939859434962e-04 2.423775992290330563e-09 9.989039301872253418e-01 9.988842010498046875e-01 6.574156284332275391e-01 6.504579186439514160e-01 nan 9.989008903503417969e-01 1.056751336532754522e+03
3.368430479895323515e-04 2.277058956678956747e-04 2.415382114947829304e-09 9.986704587936401367e-01 9.986468553543090820e-01 5.987560153007507324e-01 5.908774733543395996e-01 nan 9.986668229103088379e-01 1.162277386547772494e+03
3.719411906786262989e-04 2.514322404749691486e-04 2.407017301830847028e-09 9.983892440795898438e-01 9.983609318733215332e-01 5.339880585670471191e-01 5.252189636230468750e-01 nan 9.983848333358764648e-01 1.278218848943347894e+03
4.106964333914220333e-04 2.776307810563594103e-04 2.398681465071051552e-09 9.980509281158447266e-01 9.980172514915466309e-01 4.641366004943847656e-01 4.545833170413970947e-01 nan 9.980458021163940430e-01 1.405564836163240898e+03
4.534898616839200258e-04 3.065591445192694664e-04 2.390374494355455649e-09 9.976453781127929688e-01 9.976053833961486816e-01 3.910010755062103271e-01 3.808697164058685303e-01 nan 9.976391792297363281e-01 1.545389329284046426e+03
5.007422878406941891e-04 3.385017917025834322e-04 2.382096284987275655e-09 9.971603155136108398e-01 9.971132278442382812e-01 3.172563314437866211e-01 3.068718314170837402e-01 nan 9.971531629562377930e-01 1.698851893491918418e+03
5.529182380996644497e-04 3.737727238330990076e-04 2.373846756225058361e-09 9.965823888778686523e-01 9.965273141860961914e-01 2.464095354080200195e-01 2.362201958894729614e-01 nan 9.965738654136657715e-01 1.867204778582135077e+03
6.105307838879525661e-04 4.127188003621995449e-04 2.365625794166928840e-09 9.958962202072143555e-01 9.958323836326599121e-01 1.825061291456222534e-01 1.730613261461257935e-01 nan 9.958864450454711914e-01 2.051793886219878914e+03
6.741464603692293167e-04 4.557229985948652029e-04 2.357433293568910220e-09 9.950848817825317383e-01 9.950115084648132324e-01 1.294877380132675171e-01 1.213745847344398499e-01 nan 9.950737357139587402e-01 2.254062192713886816e+03
7.443906506523489952e-04 5.032080807723104954e-04 2.349269171114912410e-09 9.941297173500061035e-01 9.940464496612548828e-01 9.018985182046890259e-02 8.392193913459777832e-02 nan 9.941169023513793945e-01 2.475550233876348102e+03
8.219541050493717194e-04 5.556409596465528011e-04 2.341133324843220307e-09 9.930101037025451660e-01 9.929166436195373535e-01 6.517445296049118042e-02 6.104478612542152405e-02 nan 9.929958581924438477e-01 2.717897244140419389e+03
9.075994603335857391e-04 6.135372095741331577e-04 2.333025652639057309e-09 9.917034506797790527e-01 9.916000962257385254e-01 5.191341787576675415e-02 4.985611513257026672e-02 nan 9.916876554489135742e-01 2.982835738701584887e+03
1.002168864943087101e-03 6.774661596864461899e-04 2.324946049885245546e-09 9.901846051216125488e-01 9.900721907615661621e-01 4.511389508843421936e-02 4.465381428599357605e-02 nan 9.901674389839172363e-01 3.272186671256443333e+03
1.106592128053307533e-03 7.480562780983746052e-04 2.316894434325377400e-09 9.884257912635803223e-01 9.883055090904235840e-01 3.880699351429939270e-02 3.917795419692993164e-02 nan 9.884074330329895020e-01 3.587847079836694320e+03
1.221895916387438774e-03 8.260016329586505890e-04 2.308870708568745277e-09 9.863957762718200684e-01 9.862691164016723633e-01 2.971396408975124359e-02 3.015071898698806763e-02 nan 9.863764643669128418e-01 3.931770356567355975e+03
1.349214115180075169e-03 9.120687609538435936e-04 2.300874762407135126e-09 9.840596914291381836e-01 9.839287996292114258e-01 1.950626820325851440e-02 1.956404559314250946e-02 nan 9.840397238731384277e-01 4.305947364790729807e+03
1.489798538386821747e-03 1.007103826850652695e-03 2.292906509188567727e-09 9.813792705535888672e-01 9.812458753585815430e-01 1.278866361826658249e-02 1.244637835770845413e-02 nan 9.813588857650756836e-01 4.712372502175658155e+03
1.645031501539051533e-03 1.112041296437382698e-03 2.284965850418265676e-09 9.783121347427368164e-01 9.781777858734130859e-01 1.111723948270082474e-02 -1.748909126035869122e-03 nan 9.782915115356445312e-01 5.153007636003857442e+03
1.816439209505915642e-03 1.227912958711385727e-03 2.277052691606405739e-09 9.748129844665527344e-01 9.746782183647155762e-01 1.020189560949802399e-02 -1.428664661943912506e-03 nan 9.747923612594604492e-01 5.629741787990321427e+03
2.005707239732146263e-03 1.355858054012060165e-03 2.269166941709029953e-09 9.708318114280700684e-01 9.706960916519165039e-01 6.584195885807275772e-03 -1.166515634395182133e-03 nan 9.708110094070434570e-01 6.144321615809167270e+03
2.214696491137146950e-03 1.497134799137711525e-03 2.261308494449764354e-09 9.663153290748596191e-01 9.661768078804016113e-01 3.793634241446852684e-03 -9.519812301732599735e-04 nan 9.662941694259643555e-01 6.698286714200227834e+03
2.445461694151163101e-03 1.653132145293056965e-03 2.253477264686429142e-09 9.612066745758056641e-01 9.610627889633178711e-01 3.838603384792804718e-03 -7.764698239043354988e-04 nan 9.611846804618835449e-01 7.292887945200459399e+03
2.700272016227245331e-03 1.825383864343166351e-03 2.245673160886940457e-09 9.554460048675537109e-01 9.552938938140869141e-01 2.657572273164987564e-03 -6.328897434286773205e-04 nan 9.554227590560913086e-01 7.928998692097156891e+03
2.981632947921752930e-03 2.015583915635943413e-03 2.237896076485985185e-09 9.489701390266418457e-01 9.488078355789184570e-01 1.862735836766660213e-03 -5.154709797352552414e-04 nan 9.489452838897705078e-01 8.606987487631289696e+03
3.292310982942581177e-03 2.225602278485894203e-03 2.230145925871712440e-09 9.417135715484619141e-01 9.415400624275207520e-01 1.672563725151121616e-03 -4.194847715552896261e-04 nan 9.416870474815368652e-01 9.326607982785266358e+03
3.635360859334468842e-03 2.457503927871584892e-03 2.222422616889744185e-09 9.336088299751281738e-01 9.334228634834289551e-01 8.214473491534590721e-04 -3.410468925721943378e-04 nan 9.335803985595703125e-01 1.008686091778801529e+04
4.014155361801385880e-03 2.713568974286317825e-03 2.214726058195065524e-09 9.245856404304504395e-01 9.243853092193603516e-01 7.234198274090886116e-04 -2.769873244687914848e-04 nan 9.245550632476806641e-01 1.088580192510224879e+04
4.432419314980506897e-03 2.996315481141209602e-03 2.207056148657132701e-09 9.145728349685668945e-01 9.143542051315307617e-01 4.836333682760596275e-04 -2.246992080472409725e-04 nan 9.145394563674926758e-01 1.172040927662256581e+04
4.894265439361333847e-03 3.308523446321487427e-03 2.199412800139309644e-09 9.034984111785888672e-01 9.032564759254455566e-01 2.605080371722579002e-04 -1.820487814256921411e-04 nan 9.034615159034729004e-01 1.258638440438144607e+04
5.404234398156404495e-03 3.653262509033083916e-03 2.191795924301313793e-09 8.912898898124694824e-01 8.910206556320190430e-01 3.743917040992528200e-04 -1.472863805247470737e-04 nan 8.912487626075744629e-01 1.347796211880591909e+04
5.967340432107448578e-03 4.033922217786312103e-03 2.184205430909534259e-09 8.778747320175170898e-01 8.775733113288879395e-01 3.343480639159679413e-04 -1.189768081530928612e-04 nan 8.778286576271057129e-01 1.438769950836518001e+04
6.589121185243129730e-03 4.454245790839195251e-03 2.176641221197925960e-09 8.631803989410400391e-01 8.628395795822143555e-01 1.866622769739478827e-04 -9.594456059858202934e-05 nan 8.631283044815063477e-01 1.530627323537114171e+04
7.275689393281936646e-03 4.918366204947233200e-03 2.169103203027300791e-09 8.471345305442810059e-01 8.467466235160827637e-01 1.624525029910728335e-04 -7.722595910308882594e-05 nan 8.470752239227294922e-01 1.622225093508422469e+04
8.033796213567256927e-03 5.430846009403467178e-03 2.161591299930936394e-09 8.296656012535095215e-01 8.292220234870910645e-01 1.027586695272475481e-04 -6.203084194567054510e-05 nan 8.295978307723999023e-01 1.712192169888076023e+04
8.870895951986312866e-03 5.996725521981716156e-03 2.154105401952956366e-09 8.107018470764160156e-01 8.101916313171386719e-01 3.684898183564655483e-05 -4.971195812686346471e-05 nan 8.106238842010498047e-01 1.798907019521252369e+04
9.795218706130981445e-03 6.621567998081445694e-03 2.146645430474833453e-09 7.901738286018371582e-01 7.895852327346801758e-01 1.191871706396341324e-05 -3.973916318500414491e-05 nan 7.900838255882263184e-01 1.880492913232905630e+04
1.081585418432950974e-02 7.311517372727394104e-03 2.139211293795359687e-09 7.680122852325439453e-01 7.673315405845642090e-01 3.240219302824698389e-05 -3.167827890138141811e-05 nan 7.679082751274108887e-01 1.954802158625100492e+04
1.194283645600080490e-02 8.073357865214347839e-03 2.131802900090153706e-09 7.441515922546386719e-01 7.433633804321289062e-01 7.580264082207577303e-06 -2.517397660994902253e-05 nan 7.440311312675476074e-01 2.019432339900544684e+04
1.318724639713764191e-02 8.914578706026077271e-03 2.124420174276236449e-09 7.185325026512145996e-01 7.176200747489929199e-01 1.479148181715572719e-06 -1.993581645365338773e-05 nan 7.183931469917297363e-01 2.071759306306319559e+04
1.456132158637046814e-02 9.843453764915466309e-03 2.117063005254935590e-09 6.911066174507141113e-01 6.900525093078613281e-01 -1.432574663340346888e-06 -1.572639303049072623e-05 nan 6.909455657005310059e-01 2.109000184469055239e+04
1.607857085764408112e-02 1.086911372840404510e-02 2.109731324472420402e-09 6.618452072143554688e-01 6.606314182281494141e-01 4.287888259568717331e-06 -1.235196941706817597e-05 nan 6.616597175598144531e-01 2.128332028667020131e+04
1.775391399860382080e-02 1.200164575129747391e-02 2.102425026951150955e-09 6.307516098022460938e-01 6.293613314628601074e-01 1.610373772109596757e-07 -9.654559107730165124e-06 nan 6.305391788482666016e-01 2.127077409153169356e+04
1.960382424294948578e-02 1.325218472629785538e-02 2.095144031049849183e-09 5.978786945343017578e-01 5.962978601455688477e-01 -1.316231987402716186e-06 -7.505501343985088170e-06 nan 5.976371765136718750e-01 2.102968466769432780e+04
2.164648845791816711e-02 1.463302597403526306e-02 2.087888252770266929e-09 5.633528232574462891e-01 5.615727305412292480e-01 9.279565915676357690e-07 -5.800130111310863867e-06 nan 5.630809068679809570e-01 2.054506921359678381e+04
2.390199340879917145e-02 1.615774817764759064e-02 2.080657597354892904e-09 5.274032354354858398e-01 5.254238247871398926e-01 3.286237188149243593e-06 -4.453364454093389213e-06 nan 5.271008610725402832e-01 1.981400539984897841e+04
2.639251388609409332e-02 1.784133911132812500e-02 2.073451995948668221e-09 4.903944730758666992e-01 4.882284402847290039e-01 -6.595723966995592491e-09 -3.396070496819447726e-06 nan 4.900635480880737305e-01 1.885028208148620979e+04
2.914254181087017059e-02 1.970035769045352936e-02 2.066271340052806293e-09 4.528563320636749268e-01 4.505335390567779541e-01 1.395467506881686859e-06 -2.572024641267489642e-06 nan 4.525014758110046387e-01 1.768836353575987960e+04
3.217911347746849060e-02 2.175308018922805786e-02 2.059115554147728899e-09 4.155008792877197266e-01 4.130722880363464355e-01 -1.142138557952421252e-06 -1.935391537699615583e-06 nan 4.151298403739929199e-01 1.638515975260973573e+04
3.553209081292152405e-02 2.401969395577907562e-02 2.051984539888671147e-09 3.792077898979187012e-01 3.767476081848144531e-01 1.566804030517232604e-06 -1.448627131139801349e-06 nan 3.788319230079650879e-01 1.501762577621698256e+04
3.923443704843521118e-02 2.652247995138168335e-02 2.044878229365854235e-09 3.449573218822479248e-01 3.425615727901458740e-01 -7.985679530975176021e-07 -1.080762899619003292e-06 nan 3.445912897586822510e-01 1.367469239238778391e+04
4.332255572080612183e-02 2.928604744374752045e-02 2.037796533657790378e-09 3.136882185935974121e-01 3.114663362503051758e-01 -3.811431383837771136e-07 -8.060386562647181563e-07 nan 3.133487403392791748e-01 1.244294743517787902e+04
4.765481501817703247e-02 3.221465647220611572e-02 2.031010053452367756e-09 2.869842052459716797e-01 2.850299477577209473e-01 -5.530998805625131354e-07 -6.094344939810980577e-07 nan 2.866856157779693604e-01 1.141791396425864332e+04
5.198707059025764465e-02 3.514325991272926331e-02 2.024834231214258902e-09 2.658650577068328857e-01 2.642204761505126953e-01 -4.305597087750356877e-07 -4.744176180793147068e-07 nan 2.656137943267822266e-01 1.065759749856270355e+04
5.631932616233825684e-02 3.807186335325241089e-02 2.019169610001785353e-09 2.486112564802169800e-01 2.472737133502960205e-01 -3.430672563808911946e-07 -3.780168924549798248e-07 nan 2.484068870544433594e-01 1.006755011678220581e+04
6.065158173441886902e-02 4.100047051906585693e-02 2.013939112582009273e-09 2.340105921030044556e-01 2.329400777816772461e-01 -2.784445882753061596e-07 -3.068137743866827805e-07 nan 2.338470518589019775e-01 9.581013864340626242e+03
6.498383730649948120e-02 4.392907395958900452e-02 2.009081821590703985e-09 2.209306210279464722e-01 2.200617939233779907e-01 -2.290059484266748768e-07 -2.523398165976686869e-07 nan 2.207978665828704834e-01 9.127813090384002862e+03
6.931609660387039185e-02 4.685768112540245056e-02 2.004548729015451583e-09 2.085430771112442017e-01 2.077995538711547852e-01 -1.899941253213910386e-07 -2.093536863867484499e-07 nan 2.084294706583023071e-01 8.655541450072687439e+03
7.364834845066070557e-02 4.978628456592559814e-02 2.000299865353250301e-09 1.963642984628677368e-01 1.956722289323806763e-01 -1.584728437364901765e-07 -1.746204105756987701e-07 nan 1.962585449218750000e-01 8.136453168292632654e+03
7.798060774803161621e-02 5.271489173173904419e-02 1.996302173696350216e-09 1.842674314975738525e-01 1.835670322179794312e-01 -1.326458516359707573e-07 -1.461611276454277686e-07 nan 1.841604262590408325e-01 7.571153112011627854e+03
8.231285959482192993e-02 5.564349144697189331e-02 1.992528044667567094e-09 1.723913252353668213e-01 1.716440618038177490e-01 -1.113762380100524751e-07 -1.227234776024488383e-07 nan 1.722771525382995605e-01 6.981599163837948254e+03
8.664511889219284058e-02 5.857209861278533936e-02 1.988954134422163219e-09 1.610070914030075073e-01 1.601982861757278442e-01 -9.387697019747065497e-08 -1.034404775168695778e-07 nan 1.608835309743881226e-01 6.398981850338350341e+03
9.097737073898315430e-02 6.150070205330848694e-02 1.985560585482697045e-09 1.503985673189163208e-01 1.495355367660522461e-01 -7.953646985470186337e-08 -8.763832681779604172e-08 nan 1.502667218446731567e-01 5.852694412363288393e+03
9.636187553405761719e-02 6.514062732458114624e-02 1.981568674123380254e-09 1.386773735284805298e-01 1.377815902233123779e-01 -6.536853192073976970e-08 -7.202663709904300049e-08 nan 1.385405063629150391e-01 5.259900426474306187e+03
1.017463728785514832e-01 6.878054887056350708e-02 1.977801256732118934e-09 1.289047896862030029e-01 1.280287951231002808e-01 -5.449965101433917880e-08 -6.005053876378951827e-08 nan 1.287709623575210571e-01 4.789516296873434840e+03
1.071308776736259460e-01 7.242047041654586792e-02 1.974234781265857972e-09 1.211301013827323914e-01 1.203243508934974670e-01 -4.619362670155169326e-08 -5.089869148378056707e-08 nan 1.210070028901100159e-01 4.444977795932919435e+03
1.125153750181198120e-01 7.606039196252822876e-02 1.970849203820953451e-09 1.150155663490295410e-01 1.143141463398933411e-01 -3.976465379196270078e-08 -4.381522700214190991e-08 nan 1.149083897471427917e-01 4.201752402149742011e+03
1.178998723626136780e-01 7.970031350851058960e-02 1.967627323526894450e-09 1.099943891167640686e-01 1.094077751040458679e-01 -3.463531683678411355e-08 -3.816376903387208586e-08 nan 1.099047586321830750e-01 4.020214397606834609e+03
1.232843771576881409e-01 8.334024250507354736e-02 1.964554264128985100e-09 1.055041849613189697e-01 1.050194576382637024e-01 -3.038379503550459049e-08 -3.347941301967694017e-08 nan 1.054301336407661438e-01 3.861565529890881407e+03
1.286688745021820068e-01 8.698015660047531128e-02 1.961617102724775952e-09 1.011084690690040588e-01 1.006959006190299988e-01 -2.673253440832468186e-08 -2.945631472073273471e-08 nan 1.010454371571540833e-01 3.695853635950609714e+03
1.340533792972564697e-01 9.062008559703826904e-02 1.958804483640675406e-09 9.653911739587783813e-02 9.616211056709289551e-02 -2.351548467061093106e-08 -2.591150938258124370e-08 nan 9.648151695728302002e-02 3.505318225230411372e+03
1.394378840923309326e-01 9.426000714302062988e-02 1.956106446915437174e-09 9.172768890857696533e-02 9.135293960571289062e-02 -2.065121229577471240e-08 -2.275532295925586368e-08 nan 9.167043119668960571e-02 3.287200002593322552e+03
1.448223739862442017e-01 9.789992123842239380e-02 1.953514161287429418e-09 8.678773045539855957e-02 8.639288693666458130e-02 -1.811291383546631550e-08 -1.995828036172042630e-08 nan 8.672739565372467041e-02 3.052254997507649932e+03
1.502068787813186646e-01 1.015398502349853516e-01 1.951019758654691563e-09 8.193456381559371948e-02 8.151175826787948608e-02 -1.589569365023635328e-08 -1.751503475588833680e-08 nan 8.186996728181838989e-02 2.817979126684471339e+03
1.555913835763931274e-01 1.051797717809677124e-01 1.948616241255242070e-09 7.740539312362670898e-02 7.696052640676498413e-02 -1.399527427281554992e-08 -1.542090899420145433e-08 nan 7.733742892742156982e-02 2.601993951812104569e+03
1.609758734703063965e-01 1.088196933269500732e-01 1.946297314463125787e-09 7.340199500322341919e-02 7.295062392950057983e-02 -1.239819269471809093e-08 -1.366108204337024290e-08 nan 7.333303242921829224e-02 2.417896252962383187e+03
1.663603782653808594e-01 1.124596148729324341e-01 1.944057316713681798e-09 7.003055512905120850e-02 6.959196925163269043e-02 -1.107528913024680151e-08 -1.220341871999153227e-08 nan 6.996355205774307251e-02 2.271883673997921505e+03
1.717448830604553223e-01 1.160995438694953918e-01 1.941891129256332855e-09 6.726253777742385864e-02 6.685380637645721436e-02 -9.980981374724251509e-09 -1.099767654721972576e-08 nan 6.720008701086044312e-02 2.161260470218337105e+03
1.771293878555297852e-01 1.197394654154777527e-01 1.939794125595426991e-09 6.496144831180572510e-02 6.459317356348037720e-02 -9.062480543775564001e-09 -9.985667404066589370e-09 nan 6.490518152713775635e-02 2.076871576898210151e+03
1.825138777494430542e-01 1.233793795108795166e-01 1.937762091126241291e-09 6.294921040534973145e-02 6.262354552745819092e-02 -8.271396900738636759e-09 -9.114051735537032073e-09 nan 6.289944797754287720e-02 2.007376803733183806e+03
1.878983825445175171e-01 1.270193010568618774e-01 1.935791175107242678e-09 6.105297803878784180e-02 6.076425686478614807e-02 -7.569188831269002549e-09 -8.340347967816796881e-09 nan 6.100886687636375427e-02 1.941990843947950225e+03
1.932828873395919800e-01 1.306592375040054321e-01 1.933877861004656685e-09 5.913103744387626648e-02 5.886824801564216614e-02 -6.928252638260801177e-09 -7.634135990031154506e-09 nan 5.909088999032974243e-02 1.871998059657627209e+03
1.986673772335052490e-01 1.342991441488265991e-01 1.932018951816384183e-09 5.710231140255928040e-02 5.685256421566009521e-02 -6.332844026957218375e-09 -6.978066124929682701e-09 nan 5.706415325403213501e-02 1.792657145039683655e+03
2.040518820285797119e-01 1.379390656948089600e-01 1.930211465507478933e-09 5.496500432491302490e-02 5.471692234277725220e-02 -5.778336031880826340e-09 -6.367048666078289898e-09 nan 5.492710322141647339e-02 1.704393924950364180e+03
2.094363868236541748e-01 1.415790021419525146e-01 1.928452677645768952e-09 5.277967080473899841e-02 5.252589657902717590e-02 -5.266914904211716930e-09 -5.803500791046189988e-09 nan 5.274089425802230835e-02 1.611559688739902867e+03
2.148208767175674438e-01 1.452189087867736816e-01 1.926740094380007882e-09 5.063337832689285278e-02 5.037162080407142639e-02 -4.802551689664369405e-09 -5.291805660334603090e-09 nan 5.059338733553886414e-02 1.519936293451346501e+03
2.202053815126419067e-01 1.488588303327560425e-01 1.925071368159055733e-09 4.861310869455337524e-02 4.834575206041336060e-02 -4.388130303567550072e-09 -4.835147393578154151e-09 nan 4.857226461172103882e-02 1.434939261541659562e+03
2.255898863077163696e-01 1.524987667798995972e-01 1.923444343781293656e-09 4.678713530302047729e-02 4.651976376771926880e-02 -4.024058419815901289e-09 -4.433977185414050837e-09 nan 4.674628749489784241e-02 1.360517486102316525e+03
2.309743911027908325e-01 1.561386883258819580e-01 1.921857033120720865e-09 4.518700763583183289e-02 4.492637515068054199e-02 -3.707324003343615004e-09 -4.084977245355503328e-09 nan 4.514718800783157349e-02 1.298267031066865002e+03
2.363588809967041016e-01 1.597786098718643188e-01 1.920307567935778733e-09 4.380116239190101624e-02 4.355320334434509277e-02 -3.431758655025873850e-09 -3.781347235332077616e-09 nan 4.376327991485595703e-02 1.247285796132625819e+03
2.417433857917785645e-01 1.634185314178466797e-01 1.918794213956308179e-09 4.258658364415168762e-02 4.235495626926422119e-02 -3.189638331235755686e-09 -3.514572188834108601e-09 nan 4.255119711160659790e-02 1.204982098980013689e+03
2.471278905868530273e-01 1.670584529638290405e-01 1.917315352832477265e-09 4.148468002676963806e-02 4.127013310790061951e-02 -2.973214785484401546e-09 -3.276112270356179579e-09 nan 4.145190119743347168e-02 1.167999714894269346e+03
2.525123953819274902e-01 1.706983745098114014e-01 1.915869472055197894e-09 4.043222218751907349e-02 4.023278877139091492e-02 -2.775547569555669725e-09 -3.058316266901783820e-09 nan 4.040174931287765503e-02 1.132806571433355202e+03
2.578969001770019531e-01 1.743383109569549561e-01 1.914455150219987163e-09 3.937486186623573303e-02 3.918673470616340637e-02 -2.591295400478088595e-09 -2.855296665771334119e-09 nan 3.934612125158309937e-02 1.096431267699123055e+03
2.632813751697540283e-01 1.779782027006149292e-01 1.913071083197014340e-09 3.828414529561996460e-02 3.810280188918113708e-02 -2.417521516306919693e-09 -2.663819609338702321e-09 nan 3.825644031167030334e-02 1.057404423552277194e+03
2.686658799648284912e-01 1.816181391477584839e-01 1.911715991580206360e-09 3.716293722391128540e-02 3.698435053229331970e-02 -2.253597974899435030e-09 -2.483192762525732178e-09 nan 3.713565319776535034e-02 1.016033238831681274e+03
2.740503847599029541e-01 1.852580606937408447e-01 1.910388727493893778e-09 3.603378683328628540e-02 3.585525974631309509e-02 -2.100093654533452536e-09 -2.314045399742781228e-09 nan 3.600651398301124573e-02 9.736972076738509259e+02
2.794348895549774170e-01 1.888979822397232056e-01 1.909088184011114833e-09 3.492465615272521973e-02 3.474520891904830933e-02 -1.957751072367841516e-09 -2.157196421492812988e-09 nan 3.489723429083824158e-02 9.320148350977599421e+02
2.848193943500518799e-01 1.925379037857055664e-01 1.907813323590368924e-09 3.386354818940162659e-02 3.368382900953292847e-02 -1.827161089096307478e-09 -2.013298638914307048e-09 nan 3.383608907461166382e-02 8.925289821152925924e+02
2.902038991451263428e-01 1.961778402328491211e-01 1.906563162582237113e-09 3.287591785192489624e-02 3.269770368933677673e-02 -1.708647001663621268e-09 -1.882709099731982860e-09 nan 3.284868970513343811e-02 8.565686399218971019e+02
2.955884039402008057e-01 1.998177617788314819e-01 1.905336787226579552e-09 3.197685629129409790e-02 3.180240839719772339e-02 -1.601918930838053257e-09 -1.765108059714748379e-09 nan 3.195019811391830444e-02 8.248644611642681639e+02
3.009728789329528809e-01 2.034576684236526489e-01 1.904133323856378078e-09 3.116415068507194519e-02 3.099551610648632050e-02 -1.505844560156788248e-09 -1.659247628182924927e-09 nan 3.113838657736778259e-02 7.972366328834090154e+02
3.063573837280273438e-01 2.070975899696350098e-01 1.902951936232507350e-09 3.042121231555938721e-02 3.025971353054046631e-02 -1.418733019953322128e-09 -1.563263962722771794e-09 nan 3.039653599262237549e-02 7.727894091729499451e+02
3.117418885231018066e-01 2.107375115156173706e-01 1.901791846628511990e-09 2.972642518579959869e-02 2.957241795957088470e-02 -1.338860244892714491e-09 -1.475256694583038097e-09 nan 2.970289811491966248e-02 7.504045037123379416e+02
3.171263933181762695e-01 2.143774479627609253e-01 1.900652308391623192e-09 2.905954606831073761e-02 2.891243994235992432e-02 -1.264762738983904455e-09 -1.393612447664338561e-09 nan 2.903707139194011688e-02 7.290623024447035050e+02
3.225108981132507324e-01 2.180173695087432861e-01 1.899532626729035332e-09 2.840334922075271606e-02 2.826188877224922180e-02 -1.195274434984128220e-09 -1.317045805748762177e-09 nan 2.838173694908618927e-02 7.079167606065416294e+02
3.278954029083251953e-01 2.216572910547256470e-01 1.898432128189829179e-09 2.774577774107456207e-02 2.760840766131877899e-02 -1.129572546609836081e-09 -1.244650715825912357e-09 nan 2.772479131817817688e-02 6.863982786481579978e+02
3.332799077033996582e-01 2.252972126007080078e-01 1.897350177081271127e-09 2.708356641232967377e-02 2.694882825016975403e-02 -1.067272936694507735e-09 -1.176003738834197065e-09 nan 2.706298045814037323e-02 6.643857056388950468e+02
3.386643826961517334e-01 2.289371192455291748e-01 1.896286172945125672e-09 2.642282657325267792e-02 2.628966793417930603e-02 -1.008387151557599282e-09 -1.111117753360701954e-09 nan 2.640248090028762817e-02 6.422201004782674545e+02
3.440488874912261963e-01 2.325770407915115356e-01 1.895239531240720810e-09 2.577462978661060333e-02 2.564256824553012848e-02 -9.530986000427787985e-10 -1.050195819196630964e-09 nan 2.575445361435413361e-02 6.204704271465404872e+02
3.494333922863006592e-01 2.362169772386550903e-01 1.894209703480833635e-09 2.514951303601264954e-02 2.501862123608589172e-02 -9.015400648237914538e-10 -9.933837086251173787e-10 nan 2.512951567769050598e-02 5.996579247469114762e+02
3.548178970813751221e-01 2.398568987846374512e-01 1.893196174858241155e-09 2.455503121018409729e-02 2.442581020295619965e-02 -8.537141549247451167e-10 -9.406849743598399982e-10 nan 2.453528903424739838e-02 5.801417419239809306e+02
3.602024018764495850e-01 2.434968203306198120e-01 1.892198441798694543e-09 2.399563230574131012e-02 2.386878058314323425e-02 -8.095081271974891024e-10 -8.919754379554944990e-10 nan 2.397624962031841278e-02 5.621207404276515263e+02
3.655869066715240479e-01 2.471367418766021729e-01 1.891216027459402332e-09 2.347208373248577118e-02 2.334828861057758331e-02 -7.686923320093796974e-10 -8.470017465178614202e-10 nan 2.345317043364048004e-02 5.456159150573947727e+02
3.709714114665985107e-01 2.507766783237457275e-01 1.890248472221847833e-09 2.298061735928058624e-02 2.286035381257534027e-02 -7.309092775464876013e-10 -8.053699929178037564e-10 nan 2.296224422752857208e-02 5.304380701688941144e+02
3.763558864593505859e-01 2.544165849685668945e-01 1.889295352117686434e-09 2.251393161714076996e-02 2.239736728370189667e-02 -6.957246445615794528e-10 -7.666013934759519088e-10 nan 2.249612286686897278e-02 5.162418325025927288e+02
3.817403912544250488e-01 2.580564916133880615e-01 1.888356242191734645e-09 2.206412516534328461e-02 2.195110730826854706e-02 -6.627273174686365564e-10 -7.302430327094100448e-10 nan 2.204685844480991364e-02 5.026635434880890330e+02
3.871248960494995117e-01 2.616964280605316162e-01 1.887430735669950155e-09 2.162498421967029572e-02 2.151511423289775848e-02 -6.315952205682151543e-10 -6.959396947614493456e-10 nan 2.160819619894027710e-02 4.894244599999208845e+02
3.925094008445739746e-01 2.653363645076751709e-01 1.886518457772270655e-09 2.119235880672931671e-02 2.108510211110115051e-02 -6.020949849805390386e-10 -6.634340854461129311e-10 nan 2.117597125470638275e-02 4.763450861378688046e+02
3.978939056396484375e-01 2.689762711524963379e-01 1.885619049100158659e-09 2.076412923634052277e-02 2.065896056592464447e-02 -5.740703468148922184e-10 -6.325544532614912896e-10 nan 2.074806205928325653e-02 4.633409336482720278e+02
4.032784104347229004e-01 2.726162075996398926e-01 1.884732143174389957e-09 2.034083008766174316e-02 2.023732289671897888e-02 -5.474500297530937587e-10 -6.032219168616848037e-10 nan 2.032501623034477234e-02 4.504472504879443022e+02
4.086629152297973633e-01 2.762561440467834473e-01 1.883857409814700777e-09 1.992557197809219360e-02 1.982348412275314331e-02 -5.222344778843535096e-10 -5.754373089139619424e-10 nan 1.990997605025768280e-02 4.378111601417477914e+02
4.140473902225494385e-01 2.798960208892822266e-01 1.882994538868699288e-09 1.952221244573593140e-02 1.942148618400096893e-02 -4.984406221097970047e-10 -5.492192256539851769e-10 nan 1.950682513415813446e-02 4.256073781983432127e+02
4.194318950176239014e-01 2.835359573364257812e-01 1.882143190604211824e-09 1.913338340818881989e-02 1.903411932289600372e-02 -4.760503102829716227e-10 -5.245476275561600232e-10 nan 1.911821775138378143e-02 4.139516715072052193e+02
4.248163998126983643e-01 2.871758937835693359e-01 1.881303079826970542e-09 1.876031234860420227e-02 1.866270042955875397e-02 -4.550100851652416623e-10 -5.013639503559375044e-10 nan 1.874539814889431000e-02 4.028952401023968264e+02
4.302009046077728271e-01 2.908158004283905029e-01 1.880473925305205483e-09 1.840348728001117706e-02 1.830773428082466125e-02 -4.352521121298025264e-10 -4.795931429768529597e-10 nan 1.838885806500911713e-02 3.924558618210760415e+02
4.355854094028472900e-01 2.944557368755340576e-01 1.879655436356054805e-09 1.806242950260639191e-02 1.796869747340679169e-02 -4.166899325586115310e-10 -4.591400870612716290e-10 nan 1.804810948669910431e-02 3.826095825076897654e+02
4.409699141979217529e-01 2.980956733226776123e-01 1.878847353036435648e-09 1.773505657911300659e-02 1.764341443777084351e-02 -3.992073338565660379e-10 -4.398765518498493066e-10 nan 1.772105507552623749e-02 3.732652640728136930e+02
4.463544189929962158e-01 3.017355799674987793e-01 1.878049424887222573e-09 1.741829887032508850e-02 1.732870936393737793e-02 -3.826751970859021412e-10 -4.216603177731315100e-10 nan 1.740461215376853943e-02 3.642925651205329700e+02
4.517388939857482910e-01 3.053754866123199463e-01 1.877261397654174740e-09 1.710960641503334045e-02 1.702194288372993469e-02 -3.669861081689873572e-10 -4.043729795455419662e-10 nan 1.709621213376522064e-02 3.555856261187082055e+02
4.571233987808227539e-01 3.090154230594635010e-01 1.876483026309890802e-09 1.680756360292434692e-02 1.672164537012577057e-02 -3.520648772514789471e-10 -3.879317145294436386e-10 nan 1.679443754255771637e-02 3.470879799221098665e+02
4.625079035758972168e-01 3.126553297042846680e-01 1.875714093387305177e-09 1.651136949658393860e-02 1.642700098454952240e-02 -3.378545498922136403e-10 -3.722737118572183590e-10 nan 1.649847999215126038e-02 3.387692001384651235e+02
4.678924083709716797e-01 3.162952661514282227e-01 1.874954364165268396e-09 1.622051186859607697e-02 1.613752543926239014e-02 -3.243079138570692521e-10 -3.573469575801624387e-10 nan 1.620783284306526184e-02 3.306113755067146940e+02
4.732769131660461426e-01 3.199352025985717773e-01 1.874203630559428286e-09 1.593523658812046051e-02 1.585350371897220612e-02 -3.113957147693469096e-10 -3.431192552305617482e-10 nan 1.592274941504001617e-02 3.226272757123164183e+02
4.786614179611206055e-01 3.235751092433929443e-01 1.873461691551420399e-09 1.565667614340782166e-02 1.557614095509052277e-02 -2.991074610214639051e-10 -3.295790862445358016e-10 nan 1.564437150955200195e-02 3.148649366345242129e+02
4.840458929538726807e-01 3.272150158882141113e-01 1.872728340933758753e-09 1.538610551506280899e-02 1.530676241964101791e-02 -2.874351312520673218e-10 -3.167176243490388288e-10 nan 1.537398342043161392e-02 3.073765026848418529e+02
4.894303977489471436e-01 3.308549523353576660e-01 1.872003379495005729e-09 1.512407790869474411e-02 1.504596043378114700e-02 -2.763574091790843568e-10 -3.045112773047975452e-10 nan 1.511214394122362137e-02 3.001838543007857538e+02
4.948149025440216064e-01 3.344948589801788330e-01 1.871286632213937058e-09 1.487044058740139008e-02 1.479359716176986694e-02 -2.658411546452299490e-10 -2.929237130633310926e-10 nan 1.485870126634836197e-02 2.932801808770950629e+02
5.001994371414184570e-01 3.381348252296447754e-01 1.870577900826693527e-09 1.462486386299133301e-02 1.454933825880289078e-02 -2.558523393147993374e-10 -2.819172950641046782e-10 nan 1.461332384496927261e-02 2.866517817043186369e+02
5.055838823318481445e-01 3.417747020721435547e-01 1.869877039368293133e-09 1.438700035214424133e-02 1.431280840188264847e-02 -2.463586556977759301e-10 -2.714564406591790657e-10 nan 1.437566615641117096e-02 2.802842832519974650e+02
5.109683871269226074e-01 3.454146385192871094e-01 1.869183849789121820e-09 1.415617577731609344e-02 1.408330909907817841e-02 -2.373242158348887187e-10 -2.615016814200288309e-10 nan 1.414504460990428925e-02 2.741510677854578830e+02
5.163528919219970703e-01 3.490545451641082764e-01 1.868498185335105332e-09 1.393130794167518616e-02 1.385972090065479279e-02 -2.287088435304340805e-10 -2.520086361812445830e-10 nan 1.392037048935890198e-02 2.682100508370066905e+02
5.217373967170715332e-01 3.526944816112518311e-01 1.867819876059786520e-09 1.371140033006668091e-02 1.364102773368358612e-02 -2.204764842916873135e-10 -2.429376144696959727e-10 nan 1.370064821094274521e-02 2.624233647946117003e+02
5.271219015121459961e-01 3.563344180583953857e-01 1.867148773833358248e-09 1.349602825939655304e-02 1.342679746448993683e-02 -2.126025050452895471e-10 -2.342614990880065307e-10 nan 1.348545029759407043e-02 2.567756776605221489e+02
5.325064063072204590e-01 3.599743247032165527e-01 1.866484735032350672e-09 1.328518986701965332e-02 1.321702729910612106e-02 -2.050702246902957882e-10 -2.259618325783918635e-10 nan 1.327477581799030304e-02 2.512677673530589288e+02
5.378909111022949219e-01 3.636142611503601074e-01 1.865827604301946768e-09 1.307886000722646713e-02 1.301170699298381805e-02 -1.978636421373636267e-10 -2.180210595392750861e-10 nan 1.306859962642192841e-02 2.458993790475208527e+02
5.432754158973693848e-01 3.672541677951812744e-01 1.865177252290424566e-09 1.287696417421102524e-02 1.281077880412340164e-02 -1.909667562971506527e-10 -2.104215551801402739e-10 nan 1.286685280501842499e-02 2.406684221741363672e+02
5.486599206924438477e-01 3.708941042423248291e-01 1.864533532427482462e-09 1.267967652529478073e-02 1.261443644762039185e-02 -1.843682012614422661e-10 -2.031507323474457394e-10 nan 1.266970857977867126e-02 2.355817820624340015e+02
5.540444254875183105e-01 3.745340406894683838e-01 1.863896318172137942e-09 1.248737890273332596e-02 1.242307759821414948e-02 -1.780599695466733579e-10 -1.961998619126603671e-10 nan 1.247755438089370728e-02 2.306539519542573089e+02
5.594289302825927734e-01 3.781739473342895508e-01 1.863265486641235488e-09 1.230023242533206940e-02 1.223687082529067993e-02 -1.720313752562319110e-10 -1.895571061227840914e-10 nan 1.229055225849151611e-02 2.258906383004699023e+02
5.648134350776672363e-01 3.818138837814331055e-01 1.862640903204479876e-09 1.211798097938299179e-02 1.205556187778711319e-02 -1.662663479118364762e-10 -1.832047707983619489e-10 nan 1.210844423621892929e-02 2.212822674231038320e+02
5.701979398727416992e-01 3.854538202285766602e-01 1.862022452330667509e-09 1.194026879966259003e-02 1.187878940254449844e-02 -1.607485256016616404e-10 -1.771247870596681651e-10 nan 1.193087454885244370e-02 2.168156929740257510e+02
5.755824446678161621e-01 3.890937268733978271e-01 1.861410021730888845e-09 1.176691614091396332e-02 1.170636713504791260e-02 -1.554646966717143641e-10 -1.713026942518069973e-10 nan 1.175766345113515854e-02 2.124843029469512317e+02
5.809668898582458496e-01 3.927336037158966064e-01 1.860803497296447543e-09 1.159776281565427780e-02 1.153812650591135025e-02 -1.504027041798750020e-10 -1.657250309206048655e-10 nan 1.158865075558423996e-02 2.082822696941303775e+02
5.863513946533203125e-01 3.963735401630401611e-01 1.860202753428811389e-09 1.143244002014398575e-02 1.137368753552436829e-02 -1.455483511492161597e-10 -1.603761290436267473e-10 nan 1.142346393316984177e-02 2.041964050773632664e+02
5.917358994483947754e-01 4.000134766101837158e-01 1.859607692406273365e-09 1.127051841467618942e-02 1.121261809021234512e-02 -1.408874544805982509e-10 -1.552404177429522747e-10 nan 1.126167178153991699e-02 2.002114865538026436e+02
5.971204042434692383e-01 4.036533832550048828e-01 1.859018214291441706e-09 1.111182663589715958e-02 1.105474587529897690e-02 -1.364099250222849946e-10 -1.503067253993961572e-10 nan 1.110310573130846024e-02 1.963217381811584801e+02
6.025049090385437012e-01 4.072933197021484375e-01 1.858434207544148841e-09 1.095643360167741776e-02 1.090014167129993439e-02 -1.321089904138261772e-10 -1.455676412742690218e-10 nan 1.094783283770084381e-02 1.925298726876895330e+02
6.078894138336181641e-01 4.109332561492919922e-01 1.857855577876460681e-09 1.080435328185558319e-02 1.074882410466670990e-02 -1.279775729834398135e-10 -1.410153244174594533e-10 nan 1.079586893320083618e-02 1.888365297057076475e+02
6.132739186286926270e-01 4.145731627941131592e-01 1.857282233477322155e-09 1.065544970333576202e-02 1.060066837817430496e-02 -1.240072489139265599e-10 -1.366405183444996396e-10 nan 1.064707990735769272e-02 1.852370949207987110e+02
6.186584234237670898e-01 4.182130992412567139e-01 1.856714071034082293e-09 1.050966605544090271e-02 1.045561488717794418e-02 -1.201908156334141609e-10 -1.324352849607635108e-10 nan 1.050140801817178726e-02 1.817296299650548974e+02
6.240429282188415527e-01 4.218530058860778809e-01 1.856151008397507339e-09 1.036710105836391449e-02 1.031377166509628296e-02 -1.165232771382918031e-10 -1.283940870289157488e-10 nan 1.035895384848117828e-02 1.783176782676889047e+02
6.294274330139160156e-01 4.254929423332214355e-01 1.855592947277603754e-09 1.022781152278184891e-02 1.017519552260637283e-02 -1.129992557857839586e-10 -1.245110820002892638e-10 nan 1.021977327764034271e-02 1.750031277478225888e+02
6.556535363197326660e-01 4.432217776775360107e-01 1.852943630635520644e-09 9.590947069227695465e-03 9.541653096675872803e-03 -9.765553643514834903e-11 -1.076042241421326651e-10 nan 9.583416394889354706e-03 1.600705975858154204e+02
8.039034605026245117e-01 5.434387326240539551e-01 1.839770603253567837e-09 6.932070478796958923e-03 6.896450184285640717e-03 -4.695040189961474653e-11 -5.173348902043350961e-11 nan 6.926627829670906067e-03 1.017994539866992909e+02
9.932619333267211914e-01 6.714450716972351074e-01 1.826201010048688587e-09 4.923171363770961761e-03 4.897882230579853058e-03 -2.184244972391891082e-11 -2.406765932383425621e-11 nan 4.919308237731456757e-03 6.297298075859714572e+01
1.227223634719848633e+00 8.296031951904296875e-01 1.812731498599941669e-09 3.479317529127001762e-03 3.461449872702360153e-03 -1.011184365407036267e-11 -1.114199444512964376e-11 nan 3.476587589830160141e-03 3.857422978496722266e+01
1.516294717788696289e+00 1.025015234947204590e+00 1.799361337301671755e-09 2.448020037263631821e-03 2.435452071949839592e-03 -4.660485972834971236e-12 -5.135275451401133395e-12 nan 2.446100115776062012e-03 2.341984094892718460e+01
1.873456120491027832e+00 1.266456365585327148e+00 1.786089789356977996e-09 1.715461374260485172e-03 1.706656301394104958e-03 -2.139325175343209651e-12 -2.357270628694507764e-12 nan 1.714115962386131287e-03 1.410459496716537942e+01
2.314746379852294922e+00 1.564768552780151367e+00 1.772916133006574509e-09 1.197713077999651432e-03 1.191566931083798409e-03 -9.784261074952116388e-13 -1.078104402627011460e-12 nan 1.196773955598473549e-03 8.432359654990548847e+00
2.859982252120971680e+00 1.933347940444946289e+00 1.759839636962373426e-09 8.334346348419785500e-04 8.291591075249016285e-04 -4.459907649353306303e-13 -4.914267235332780981e-13 nan 8.327813702635467052e-04 5.007621527945096851e+00
3.533647537231445312e+00 2.388745784759521484e+00 1.746859588797865175e-09 5.781786167062819004e-04 5.752134602516889572e-04 -2.026725141879293091e-13 -2.233201552284333480e-13 nan 5.777256446890532970e-04 2.955678936571432658e+00
4.365993976593017578e+00 2.951411962509155273e+00 1.733975279535418463e-09 3.999776963610202074e-04 3.979273024015128613e-04 -9.184300997673588984e-14 -1.011997628167123076e-13 nan 3.996643936261534691e-04 1.734800401431241923e+00
5.394398689270019531e+00 3.646613597869873047e+00 1.721185999058096773e-09 2.759902272373437881e-04 2.745762758422642946e-04 -4.151263073527353131e-14 -4.574188656970498701e-14 nan 2.757742186076939106e-04 1.013001844712186239e+00
6.665042877197265625e+00 4.505568981170654297e+00 1.708491050912268841e-09 1.899863709695637226e-04 1.890138373710215092e-04 -1.871901647630767190e-14 -2.062611962738020166e-14 nan 1.898377813631668687e-04 5.887250043699909785e-01
8.234986305236816406e+00 5.566850662231445312e+00 1.695889732548296616e-09 1.304980542045086622e-04 1.298308779951184988e-04 -8.422394183991988026e-15 -9.280493616702165799e-15 nan 1.303961180383339524e-04 3.406595204898513196e-01
1.017472743988037109e+01 6.878115653991699219e+00 1.683381361073609185e-09 8.945577428676187992e-05 8.899926615413278341e-05 -3.781863619603574936e-15 -4.167186530606081449e-15 nan 8.938602695707231760e-05 1.963242950425333477e-01
1.257137203216552734e+01 8.498247146606445312e+00 1.670965250288532184e-09 6.120665784692391753e-05 6.089517046348191798e-05 -1.694940879543114370e-15 -1.867643909466451362e-15 nan 6.115906580816954374e-05 1.127195735931302151e-01
1.553254413604736328e+01 1.050000000000000000e+01 1.658640709094829109e-09 4.180532778264023364e-05 4.159346644883044064e-05 -7.582887759748752586e-16 -8.355603095002144681e-16 nan 4.177296068519353867e-05 6.449264131137628919e-02
