# k/h [h/Mpc]            k [1/Mpc]              Primoridal             T_cdm(k)                 T_bar(k)                 T_phot(k)                T_massless neutrions(k)  T_massive neutrinos(k)   T_total(k)               Linear Pk [(Mpc/h)^3]  
1.049045658874092624e-05 7.091548468451946974e-06 2.727206404909961128e-09 1.000000000000000000e+00 1.000000000000000000e+00 1.000000000000000000e+00 1.000000000000000000e+00 nan 1.000000000000000000e+00 1.205591377038996193e+01
1.158353370556142181e-05 7.830468348402064294e-06 2.717761705682844603e-09 9.999997019767761230e-01 9.999997019767761230e-01 9.999459385871887207e-01 9.999444484710693359e-01 nan 9.999997019767761230e-01 1.326599794561638390e+01
1.279050593439023942e-05 8.646382411825470626e-06 2.708349706436794825e-09 9.999995231628417969e-01 9.999994039535522461e-01 9.998800158500671387e-01 9.998766779899597168e-01 nan 9.999995231628417969e-01 1.459754327346458247e+01
1.412324218108551577e-05 9.547311492497101426e-06 2.698970312856197758e-09 9.999991059303283691e-01 9.999991059303283691e-01 9.997996091842651367e-01 9.997940063476562500e-01 nan 9.999991059303283691e-01 1.606273386726887864e+01
1.559484553581569344e-05 1.054211588780162856e-05 2.689623392481895528e-09 9.999986290931701660e-01 9.999986290931701660e-01 9.997015595436096191e-01 9.996933341026306152e-01 nan 9.999986290931701660e-01 1.767498581476689168e+01
1.721978514979127795e-05 1.164057448477251455e-05 2.680308856040028027e-09 9.999980926513671875e-01 9.999980330467224121e-01 9.995820522308349609e-01 9.995705485343933105e-01 nan 9.999980926513671875e-01 1.944906216553655653e+01
1.901403993542771786e-05 1.285349117097212002e-05 2.671026563908324178e-09 9.999974370002746582e-01 9.999973177909851074e-01 9.994363188743591309e-01 9.994208216667175293e-01 nan 9.999974370002746582e-01 2.140119865416227540e+01
2.099525045196060091e-05 1.419278942194068804e-05 2.661776424936157355e-09 9.999966621398925781e-01 9.999965429306030273e-01 9.992587566375732422e-01 9.992383718490600586e-01 nan 9.999965429306030273e-01 2.354926984250774424e+01
2.318289807590190321e-05 1.567163963045459241e-05 2.652558315858844083e-09 9.999955296516418457e-01 9.999954700469970703e-01 9.990422725677490234e-01 9.990158677101135254e-01 nan 9.999955296516418457e-01 2.591293182200839951e+01
2.559849235694855452e-05 1.730458097881637514e-05 2.643372135990062650e-09 9.999943375587463379e-01 9.999941587448120117e-01 9.987784028053283691e-01 9.987446069717407227e-01 nan 9.999942779541015625e-01 2.851382946497161086e+01
2.826578383974265307e-05 1.910767059598583728e-05 2.634217767634683471e-09 9.999927878379821777e-01 9.999926090240478516e-01 9.984567165374755859e-01 9.984140396118164062e-01 nan 9.999927878379821777e-01 3.137575396903740810e+01
3.121100235148333013e-05 2.109863817167934030e-05 2.625095097817206075e-09 9.999908804893493652e-01 9.999907016754150391e-01 9.980646371841430664e-01 9.980112910270690918e-01 nan 9.999908804893493652e-01 3.452491202486864807e+01
3.446310074650682509e-05 2.329705603187903762e-05 2.616004033478672110e-09 9.999887347221374512e-01 9.999884366989135742e-01 9.975868463516235352e-01 9.975202083587646484e-01 nan 9.999886155128479004e-01 3.799012240400602991e+01
3.805406231549568474e-05 2.572454650362487882e-05 2.606944439452153756e-09 9.999859333038330078e-01 9.999855756759643555e-01 9.970045685768127441e-01 9.969218969345092773e-01 nan 9.999858736991882324e-01 4.180308631653749529e+01
4.201919000479392707e-05 2.840497290890198201e-05 2.597916226597658093e-09 9.999825954437255859e-01 9.999821186065673828e-01 9.962950348854064941e-01 9.961927533149719238e-01 nan 9.999825954437255859e-01 4.599868782862597527e+01
4.639747567125596106e-05 3.136469240416772664e-05 2.588919279439887767e-09 9.999785423278808594e-01 9.999779462814331055e-01 9.954306483268737793e-01 9.953045845031738281e-01 nan 9.999784231185913086e-01 5.061531657861971212e+01
5.123196388012729585e-05 3.463280881987884641e-05 2.579953483847589841e-09 9.999735951423645020e-01 9.999728798866271973e-01 9.943776130676269531e-01 9.942225813865661621e-01 nan 9.999734163284301758e-01 5.569518665577628269e+01
5.657019573845900595e-05 3.824145096587017179e-05 2.571018745591721348e-09 9.999674558639526367e-01 9.999666810035705566e-01 9.930952191352844238e-01 9.929048418998718262e-01 nan 9.999672770500183105e-01 6.128474695127976446e+01
6.246465636650100350e-05 4.222610732540488243e-05 2.562114941593048984e-09 9.999600648880004883e-01 9.999591708183288574e-01 9.915337562561035156e-01 9.913003444671630859e-01 nan 9.999599456787109375e-01 6.743509700125511586e+01
6.897329876665025949e-05 4.662595165427774191e-05 2.553241977543412439e-09 9.999510645866394043e-01 9.999498724937438965e-01 9.896330833435058594e-01 9.893475174903869629e-01 nan 9.999509453773498535e-01 7.420244078978109314e+01
7.616012590005993843e-05 5.148424679646268487e-05 2.544399743325443185e-09 9.999400377273559570e-01 9.999386668205261230e-01 9.873203039169311523e-01 9.869713187217712402e-01 nan 9.999398589134216309e-01 8.164858492107897803e+01
8.409580186707898974e-05 5.684876305167563260e-05 2.535588130685252624e-09 9.999266862869262695e-01 9.999249577522277832e-01 9.845075607299804688e-01 9.840814471244812012e-01 nan 9.999263882637023926e-01 8.984152353836533678e+01
9.285835403716191649e-05 6.277224747464060783e-05 2.526807033334104165e-09 9.999104142189025879e-01 9.999082088470458984e-01 9.810884594917297363e-01 9.805687665939331055e-01 nan 9.999099969863891602e-01 9.885598191882802155e+01
1.025339443003758788e-04 6.931294774403795600e-05 2.518056339675267213e-09 9.998905062675476074e-01 9.998879432678222656e-01 9.769349694252014160e-01 9.763019084930419922e-01 nan 9.998900890350341797e-01 1.087741633261391030e+02
1.132176985265687108e-04 7.653516513528302312e-05 2.509335958204897443e-09 9.998663067817687988e-01 9.998630881309509277e-01 9.718934893608093262e-01 9.711230993270874023e-01 nan 9.998657703399658203e-01 1.196863739999222105e+02
1.250146742677316070e-04 8.450992027064785361e-05 2.500645773867358897e-09 9.998366832733154297e-01 9.998329281806945801e-01 9.657803177833557129e-01 9.648439288139343262e-01 nan 9.998362064361572266e-01 1.316918945661043097e+02
1.380408502882346511e-04 9.331561159342527390e-05 2.491985695624705562e-09 9.998008012771606445e-01 9.997961521148681641e-01 9.583764076232910156e-01 9.572398662567138672e-01 nan 9.998000860214233398e-01 1.448998338342734087e+02
1.524243270978331566e-04 1.030388448270969093e-04 2.483355596498544299e-09 9.997569918632507324e-01 9.997513294219970703e-01 9.494225382804870605e-01 9.480450153350830078e-01 nan 9.997562170028686523e-01 1.594299234930547016e+02
1.683065347606316209e-04 1.137752187787555158e-04 2.474755379885282393e-09 9.997037649154663086e-01 9.996969699859619141e-01 9.386137127876281738e-01 9.369470477104187012e-01 nan 9.997026920318603516e-01 1.754137565242033361e+02
1.858436153270304203e-04 1.256302784895524383e-04 2.466184957973141175e-09 9.996389150619506836e-01 9.996305704116821289e-01 9.255942106246948242e-01 9.235818386077880859e-01 nan 9.996376037597656250e-01 1.929955694350672388e+02
2.052080089924857020e-04 1.387206139042973518e-04 2.457644209414643305e-09 9.995599985122680664e-01 9.995499849319458008e-01 9.099542498588562012e-01 9.075301289558410645e-01 nan 9.995585083961486816e-01 2.123336288343116109e+02
2.265901130158454180e-04 1.531749148853123188e-04 2.449133045395065615e-09 9.994641542434692383e-01 9.994518756866455078e-01 8.912279009819030762e-01 8.883165121078491211e-01 nan 9.994622468948364258e-01 2.336014340900383672e+02
2.502001880202442408e-04 1.691353245405480266e-04 2.440651351248999153e-09 9.993475079536437988e-01 9.993329048156738281e-01 8.688966035842895508e-01 8.654118776321411133e-01 nan 9.993453621864318848e-01 2.569887908901853280e+02
2.762703516054898500e-04 1.867587561719119549e-04 2.432199034655000626e-09 9.992061257362365723e-01 9.991881847381591797e-01 8.423975706100463867e-01 8.382443189620971680e-01 nan 9.992033243179321289e-01 2.827035648990863592e+02
3.050569503102451563e-04 2.062184939859434962e-04 2.423775992290330563e-09 9.990344047546386719e-01 9.990128278732299805e-01 8.111431598663330078e-01 8.062188625335693359e-01 nan 9.990311264991760254e-01 3.109725356368380176e+02
3.368430479895323515e-04 2.277058956678956747e-04 2.415382114947829304e-09 9.988263249397277832e-01 9.988003969192504883e-01 7.745543718338012695e-01 7.687520384788513184e-01 nan 9.988223314285278320e-01 3.420433139095617889e+02
3.719411906786262989e-04 2.514322404749691486e-04 2.407017301830847028e-09 9.985743761062622070e-01 9.985432624816894531e-01 7.321127057075500488e-01 7.253280282020568848e-01 nan 9.985696673393249512e-01 3.761855104039686353e+02
4.106964333914220333e-04 2.776307810563594103e-04 2.398681465071051552e-09 9.982699751853942871e-01 9.982327818870544434e-01 6.834380030632019043e-01 6.755781769752502441e-01 nan 9.982643127441406250e-01 4.136921214379902949e+02
4.534898616839200258e-04 3.065591445192694664e-04 2.390374494355455649e-09 9.979027509689331055e-01 9.978584051132202148e-01 6.283946037292480469e-01 6.193924546241760254e-01 nan 9.978958964347839355e-01 4.548808979484892348e+02
5.007422878406941891e-04 3.385017917025834322e-04 2.382096284987275655e-09 9.974606633186340332e-01 9.974080324172973633e-01 5.672284960746765137e-01 5.570607781410217285e-01 nan 9.974524974822998047e-01 5.000953712483914160e+02
5.529182380996644497e-04 3.737727238330990076e-04 2.373846756225058361e-09 9.969295263290405273e-01 9.968675374984741211e-01 5.007277727127075195e-01 4.894379377365112305e-01 nan 9.969201087951660156e-01 5.497057156076440378e+02
6.105307838879525661e-04 4.127188003621995449e-04 2.365625794166928840e-09 9.962936639785766602e-01 9.962210655212402344e-01 4.303856790065765381e-01 4.181090891361236572e-01 nan 9.962825775146484375e-01 6.041101130258001604e+02
6.741464603692293167e-04 4.557229985948652029e-04 2.357433293568910220e-09 9.955345988273620605e-01 9.954504370689392090e-01 3.585233092308044434e-01 3.455106019973754883e-01 nan 9.955218434333801270e-01 6.637340755716733156e+02
7.443906506523489952e-04 5.032080807723104954e-04 2.349269171114912410e-09 9.946320652961730957e-01 9.945352673530578613e-01 2.882995307445526123e-01 2.749308943748474121e-01 nan 9.946173429489135742e-01 7.290315840386681430e+02
8.219541050493717194e-04 5.556409596465528011e-04 2.341133324843220307e-09 9.935634136199951172e-01 9.934534430503845215e-01 2.235102504491806030e-01 2.102886736392974854e-01 nan 9.935466051101684570e-01 8.004839468872939960e+02
9.075994603335857391e-04 6.135372095741331577e-04 2.333025652639057309e-09 9.923038482666015625e-01 9.921805262565612793e-01 1.680717766284942627e-01 1.555834561586380005e-01 nan 9.922850131988525391e-01 8.785992851936292709e+02
1.002168864943087101e-03 6.774661596864461899e-04 2.324946049885245546e-09 9.908263683319091797e-01 9.906902313232421875e-01 1.251404136419296265e-01 1.139737516641616821e-01 nan 9.908055663108825684e-01 9.639102873023042548e+02
1.106592128053307533e-03 7.480562780983746052e-04 2.316894434325377400e-09 9.891021251678466797e-01 9.889544844627380371e-01 9.598223119974136353e-02 8.661134541034698486e-02 nan 9.890795946121215820e-01 1.056972926665235491e+03
1.221895916387438774e-03 8.260016329586505890e-04 2.308870708568745277e-09 9.870999455451965332e-01 9.869425892829895020e-01 7.899515330791473389e-02 7.166001945734024048e-02 nan 9.870759248733520508e-01 1.158360680569188844e+03
1.349214115180075169e-03 9.120687609538435936e-04 2.300874762407135126e-09 9.847859740257263184e-01 9.846212267875671387e-01 6.960491836071014404e-02 6.424765288829803467e-02 nan 9.847607612609863281e-01 1.268660117326399131e+03
1.489798538386821747e-03 1.007103826850652695e-03 2.292906509188567727e-09 9.821230769157409668e-01 9.819533824920654297e-01 6.178707256913185120e-02 5.810470506548881531e-02 nan 9.820971488952636719e-01 1.388460262197314705e+03
1.645031501539051533e-03 1.112041296437382698e-03 2.284965850418265676e-09 9.790704250335693359e-01 9.788978099822998047e-01 5.120421200990676880e-02 4.881602153182029724e-02 nan 9.790440797805786133e-01 1.518341734181032052e+03
1.816439209505915642e-03 1.227912958711385727e-03 2.277052691606405739e-09 9.755826592445373535e-01 9.754077792167663574e-01 3.819968923926353455e-02 3.680613636970520020e-02 nan 9.755559563636779785e-01 1.658860255480292381e+03
2.005707239732146263e-03 1.355858054012060165e-03 2.269166941709029953e-09 9.716103672981262207e-01 9.714322090148925781e-01 2.738228254020214081e-02 2.673814445734024048e-02 nan 9.715831875801086426e-01 1.810531192373010299e+03
2.214696491137146950e-03 1.497134799137711525e-03 2.261308494449764354e-09 9.671004414558410645e-01 9.669162034988403320e-01 2.233855240046977997e-02 2.206660993397235870e-02 nan 9.670722484588623047e-01 1.973808058903939127e+03
2.445461694151163101e-03 1.653132145293056965e-03 2.253477264686429142e-09 9.619963765144348145e-01 9.618020653724670410e-01 2.051220089197158813e-02 1.751350983977317810e-02 nan 9.619666934013366699e-01 2.149060647247267752e+03
2.700272016227245331e-03 1.825383864343166351e-03 2.245673160886940457e-09 9.562386870384216309e-01 9.560294747352600098e-01 1.679472252726554871e-02 1.427898276597261429e-02 nan 9.562066197395324707e-01 2.336546502550303103e+03
2.981632947921752930e-03 2.015583915635943413e-03 2.237896076485985185e-09 9.497642517089843750e-01 9.495367407798767090e-01 1.226849667727947235e-02 1.163255516439676285e-02 nan 9.497293829917907715e-01 2.536374793735193180e+03
3.292310982942581177e-03 2.225602278485894203e-03 2.230145925871712440e-09 9.425077438354492188e-01 9.422594904899597168e-01 1.070551946759223938e-02 9.468183852732181549e-03 nan 9.424698352813720703e-01 2.748474368379998850e+03
3.635360859334468842e-03 2.457503927871584892e-03 2.222422616889744185e-09 9.344015717506408691e-01 9.341302514076232910e-01 8.949954994022846222e-03 7.699007168412208557e-03 nan 9.343600273132324219e-01 2.972548872215336360e+03
4.014155361801385880e-03 2.713568974286317825e-03 2.214726058195065524e-09 9.253758788108825684e-01 9.250772595405578613e-01 6.465974263846874237e-03 6.253700703382492065e-03 nan 9.253302812576293945e-01 3.208028735105295254e+03
4.432419314980506897e-03 2.996315481141209602e-03 2.207056148657132701e-09 9.153596162796020508e-01 9.150267243385314941e-01 6.050379015505313873e-03 5.073689855635166168e-03 nan 9.153087139129638672e-01 3.454025002844051414e+03
4.894265439361333847e-03 3.308523446321487427e-03 2.199412800139309644e-09 9.042809009552001953e-01 9.039052724838256836e-01 4.386277403682470322e-03 4.110999405384063721e-03 nan 9.042235016822814941e-01 3.709272305338364276e+03
5.404234398156404495e-03 3.653262509033083916e-03 2.191795924301313793e-09 8.920673131942749023e-01 8.916411399841308594e-01 3.749603638425469398e-03 3.326218342408537865e-03 nan 8.920021653175354004e-01 3.972073716036106362e+03
5.967340432107448578e-03 4.033922217786312103e-03 2.184205430909534259e-09 8.786464333534240723e-01 8.781605958938598633e-01 2.758184680715203285e-03 2.687044208869338036e-03 nan 8.785720467567443848e-01 4.240238748895995741e+03
6.589121185243129730e-03 4.454245790839195251e-03 2.176641221197925960e-09 8.639456033706665039e-01 8.633874058723449707e-01 2.300421707332134247e-03 2.166964812204241753e-03 nan 8.638603687286376953e-01 4.511021503607792511e+03
7.275689393281936646e-03 4.918366204947233200e-03 2.169103203027300791e-09 8.478931784629821777e-01 8.472480177879333496e-01 1.945249037817120552e-03 1.744250999763607979e-03 nan 8.477945923805236816e-01 4.781062115507447743e+03
8.033796213567256927e-03 5.430846009403467178e-03 2.161591299930936394e-09 8.304173350334167480e-01 8.296694159507751465e-01 1.445971662178635597e-03 1.401085057295858860e-03 nan 8.303030729293823242e-01 5.046321611623930949e+03
8.870895951986312866e-03 5.996725521981716156e-03 2.154105401952956366e-09 8.114464879035949707e-01 8.105762004852294922e-01 1.154684112407267094e-03 1.122859073802828789e-03 nan 8.113135695457458496e-01 5.302027246855334852e+03
9.795218706130981445e-03 6.621567998081445694e-03 2.146645430474833453e-09 7.909115552902221680e-01 7.898969054222106934e-01 8.908881573006510735e-04 8.976095123216509819e-04 nan 7.907565236091613770e-01 5.542657234665230135e+03
1.081585418432950974e-02 7.311517372727394104e-03 2.139211293795359687e-09 7.687433958053588867e-01 7.675592303276062012e-01 7.536272169090807438e-04 7.155354833230376244e-04 nan 7.685624957084655762e-01 5.761890531668224867e+03
1.194283645600080490e-02 8.073357865214347839e-03 2.131802900090153706e-09 7.448763847351074219e-01 7.434948682785034180e-01 5.793240852653980255e-04 5.686173681169748306e-04 nan 7.446652650833129883e-01 5.952654275898362357e+03
1.318724639713764191e-02 8.914578706026077271e-03 2.124420174276236449e-09 7.192515730857849121e-01 7.176420092582702637e-01 4.987466381862759590e-04 4.502955707721412182e-04 nan 7.190056443214416504e-01 6.107224669157477365e+03
1.456132158637046814e-02 9.843453764915466309e-03 2.117063005254935590e-09 6.918205618858337402e-01 6.899508237838745117e-01 3.410422068554908037e-04 3.552102134563028812e-04 nan 6.915348768234252930e-01 6.217405984210829047e+03
1.607857085764408112e-02 1.086911372840404510e-02 2.109731324472420402e-09 6.625546813011169434e-01 6.603919863700866699e-01 2.949243062175810337e-04 2.789856225717812777e-04 nan 6.622242927551269531e-01 6.274884550108514304e+03
1.775391399860382080e-02 1.200164575129747391e-02 2.102425026951150955e-09 6.314571499824523926e-01 6.289705038070678711e-01 2.392898750258609653e-04 2.180540031986311078e-04 nan 6.310772299766540527e-01 6.271769936569739912e+03
1.960382424294948578e-02 1.325218472629785538e-02 2.095144031049849183e-09 5.985804796218872070e-01 5.957441926002502441e-01 1.719114952720701694e-04 1.695094397291541100e-04 nan 5.981472134590148926e-01 6.201368818476567867e+03
2.164648845791816711e-02 1.463302597403526306e-02 2.087888252770266929e-09 5.640507340431213379e-01 5.608485341072082520e-01 1.463456283090636134e-04 1.309877989115193486e-04 nan 5.635614991188049316e-01 6.059249027689555078e+03
2.390199340879917145e-02 1.615774817764759064e-02 2.080657597354892904e-09 5.280960202217102051e-01 5.245277285575866699e-01 1.055764150805771351e-04 1.005673693725839257e-04 nan 5.275508165359497070e-01 5.844511451200969532e+03
2.639251388609409332e-02 1.784133911132812500e-02 2.073451995948668221e-09 4.910794794559478760e-01 4.871680736541748047e-01 8.211559907067567110e-05 7.668643229408189654e-05 nan 4.904819726943969727e-01 5.561168939085687271e+03
2.914254181087017059e-02 1.970035769045352936e-02 2.066271340052806293e-09 4.535295963287353516e-01 4.493290483951568604e-01 6.042815221007913351e-05 5.807494017062708735e-05 nan 4.528878629207611084e-01 5.219318225244967834e+03
3.217911347746849060e-02 2.175308018922805786e-02 2.059115554147728899e-09 4.161561131477355957e-01 4.117591679096221924e-01 4.548422657535411417e-05 4.369739326648414135e-05 nan 4.154843389987945557e-01 4.835652276548363261e+03
3.553209081292152405e-02 2.401969395577907562e-02 2.051984539888671147e-09 3.798365294933319092e-01 3.753784298896789551e-01 3.522590850479900837e-05 3.270556771894916892e-05 nan 3.791554272174835205e-01 4.432778837739570918e+03
3.923443704843521118e-02 2.652247995138168335e-02 2.044878229365854235e-09 3.455493152141571045e-01 3.412048220634460449e-01 2.499285801604855806e-05 2.439970376144628972e-05 nan 3.448855876922607422e-01 4.036850688130848084e+03
4.332255572080612183e-02 2.928604744374752045e-02 2.037796533657790378e-09 3.142322301864624023e-01 3.102009892463684082e-01 1.931592123582959175e-05 1.819767021515872329e-05 nan 3.136163353919982910e-01 3.673365284755728680e+03
4.765481501817703247e-02 3.221465647220611572e-02 2.031010053452367756e-09 2.874723374843597412e-01 2.839255928993225098e-01 1.417388557456433773e-05 1.375980173179414123e-05 nan 2.869304716587066650e-01 3.370533838330064100e+03
5.198707059025764465e-02 3.514325991272926331e-02 2.024834231214258902e-09 2.662967145442962646e-01 2.633117735385894775e-01 1.103475460695335642e-05 1.071237420546822250e-05 nan 2.658406794071197510e-01 3.145604558865123636e+03
5.631932616233825684e-02 3.807186335325241089e-02 2.019169610001785353e-09 2.489898651838302612e-01 2.465627342462539673e-01 8.793431334197521210e-06 8.536527275282423943e-06 nan 2.486190795898437500e-01 2.970854263577442453e+03
6.065158173441886902e-02 4.100047051906585693e-02 2.013939112582009273e-09 2.343434244394302368e-01 2.324017882347106934e-01 7.137788543332135305e-06 6.929250503162620589e-06 nan 2.340467870235443115e-01 2.826713366262238651e+03
6.498383730649948120e-02 4.392907395958900452e-02 2.009081821590703985e-09 2.212270349264144897e-01 2.196523845195770264e-01 5.870901986781973392e-06 5.699374924006406218e-06 nan 2.209864705801010132e-01 2.692570648478720614e+03
6.931609660387039185e-02 4.685768112540245056e-02 2.004548729015451583e-09 2.088132351636886597e-01 2.074666768312454224e-01 4.870952125202165917e-06 4.728639396489597857e-06 nan 2.086075097322463989e-01 2.553021542131583374e+03
7.364834845066070557e-02 4.978628456592559814e-02 2.000299865353250301e-09 1.966175734996795654e-01 1.953648328781127930e-01 4.062795142090180889e-06 3.944094260077690706e-06 nan 1.964261829853057861e-01 2.399885517414150854e+03
7.798060774803161621e-02 5.271489173173904419e-02 1.996302173696350216e-09 1.845114231109619141e-01 1.832435578107833862e-01 3.400497689654002897e-06 3.301147899037459865e-06 nan 1.843177229166030884e-01 2.233300443054236439e+03
8.231285959482192993e-02 5.564349144697189331e-02 1.992528044667567094e-09 1.726310700178146362e-01 1.712777912616729736e-01 2.855005277524469420e-06 2.771593926809146069e-06 nan 1.724243313074111938e-01 2.059670521641968662e+03
8.664511889219284058e-02 5.857209861278533936e-02 1.988954134422163219e-09 1.612448543310165405e-01 1.597793251276016235e-01 2.406203293503494933e-06 2.335905037398333661e-06 nan 1.610209643840789795e-01 1.888114472285624288e+03
9.097737073898315430e-02 6.150070205330848694e-02 1.985560585482697045e-09 1.506341099739074707e-01 1.490694731473922729e-01 2.038446382357506081e-06 1.978893124032765627e-06 nan 1.503950506448745728e-01 1.727232782217289696e+03
9.636187553405761719e-02 6.514062732458114624e-02 1.981568674123380254e-09 1.389070898294448853e-01 1.372822225093841553e-01 1.675191583672130946e-06 1.626251446396054234e-06 nan 1.386588513851165771e-01 1.552569132017362335e+03
1.017463728785514832e-01 6.878054887056350708e-02 1.977801256732118934e-09 1.291238069534301758e-01 1.275342553853988647e-01 1.396613924953271635e-06 1.355812514702847693e-06 nan 1.288809627294540405e-01 1.413845512191128819e+03
1.071308776736259460e-01 7.242047041654586792e-02 1.974234781265857972e-09 1.213337704539299011e-01 1.198714226484298706e-01 1.183803419735340867e-06 1.149219087892561220e-06 nan 1.211103722453117371e-01 1.312092954435370530e+03
1.125153750181198120e-01 7.606039196252822876e-02 1.970849203820953451e-09 1.152010262012481689e-01 1.139281019568443298e-01 1.019134515445330180e-06 9.893605010802275501e-07 nan 1.150065511465072632e-01 1.240125615505452743e+03
1.178998723626136780e-01 7.970031350851058960e-02 1.967627323526894450e-09 1.101612448692321777e-01 1.090969219803810120e-01 8.877686354935576674e-07 8.618318929620727431e-07 nan 1.099986433982849121e-01 1.186319178280001324e+03
1.232843771576881409e-01 8.334024250507354736e-02 1.964554264128985100e-09 1.056544929742813110e-01 1.047754064202308655e-01 7.788689799781423062e-07 7.561135362266213633e-07 nan 1.055201888084411621e-01 1.139293831175652258e+03
1.286688745021820068e-01 8.698015660047531128e-02 1.961617102724775952e-09 1.012459993362426758e-01 1.004982069134712219e-01 6.853132958895002957e-07 6.652910542470635846e-07 nan 1.011317521333694458e-01 1.090262866649006583e+03
1.340533792972564697e-01 9.062008559703826904e-02 1.958804483640675406e-09 9.666828066110610962e-02 9.598523378372192383e-02 6.028495249665866140e-07 5.852364211023086682e-07 nan 9.656392782926559448e-02 1.034009708913921258e+03
1.394378840923309326e-01 9.426000714302062988e-02 1.956106446915437174e-09 9.185245633125305176e-02 9.117355942726135254e-02 5.294025982038874645e-07 5.139354470884427428e-07 nan 9.174872934818267822e-02 9.697114907954788805e+02
1.448223739862442017e-01 9.789992123842239380e-02 1.953514161287429418e-09 8.691079914569854736e-02 8.619529753923416138e-02 4.643005127036303747e-07 4.507355697569437325e-07 nan 8.680147677659988403e-02 9.005077533032226711e+02
1.502068787813186646e-01 1.015398502349853516e-01 1.951019758654691563e-09 8.205700665712356567e-02 8.129050582647323608e-02 4.074310311352746794e-07 3.955277634304366075e-07 nan 8.193989843130111694e-02 8.315158486819650534e+02
1.555913835763931274e-01 1.051797717809677124e-01 1.948616241255242070e-09 7.752675563097000122e-02 7.671994715929031372e-02 3.586932848520518746e-07 3.482140016330959043e-07 nan 7.740348577499389648e-02 7.678967799140199304e+02
1.609758734703063965e-01 1.088196933269500732e-01 1.946297314463125787e-09 7.352077960968017578e-02 7.270193099975585938e-02 3.177457301717367955e-07 3.084628303895442514e-07 nan 7.339567691087722778e-02 7.136379195089403993e+02
1.663603782653808594e-01 1.124596148729324341e-01 1.944057316713681798e-09 7.014489918947219849e-02 6.934908032417297363e-02 2.838398245330608916e-07 2.755475065896462183e-07 nan 7.002330571413040161e-02 6.705619345732789043e+02
1.717448830604553223e-01 1.160995438694953918e-01 1.941891129256332855e-09 6.737080216407775879e-02 6.662913411855697632e-02 2.558029166266351240e-07 2.483296555055858335e-07 nan 6.725749373435974121e-02 6.378812091948897205e+02
1.771293878555297852e-01 1.197394654154777527e-01 1.939794125595426991e-09 6.506270915269851685e-02 6.439451128244400024e-02 2.322763492657031748e-07 2.254903250786810531e-07 nan 6.496062129735946655e-02 6.129122752791868152e+02
1.825138777494430542e-01 1.233793795108795166e-01 1.937762091126241291e-09 6.304343789815902710e-02 6.245268508791923523e-02 2.120146973538794555e-07 2.058205552657454973e-07 nan 6.295318156480789185e-02 5.923301349139966305e+02
1.878983825445175171e-01 1.270193010568618774e-01 1.935791175107242678e-09 6.114096939563751221e-02 6.061740964651107788e-02 1.940265548228126136e-07 1.883579159311921103e-07 nan 6.106098368763923645e-02 5.729726979575276573e+02
1.932828873395919800e-01 1.306592375040054321e-01 1.933877861004656685e-09 5.921414494514465332e-02 5.873775482177734375e-02 1.776029137090517906e-07 1.724140616943259374e-07 nan 5.914136394858360291e-02 5.522823061206585180e+02
1.986673772335052490e-01 1.342991441488265991e-01 1.932018951816384183e-09 5.718205496668815613e-02 5.672937631607055664e-02 1.623404699557795539e-07 1.575975403511620243e-07 nan 5.711289495229721069e-02 5.288654415804392102e+02
2.040518820285797119e-01 1.379390656948089600e-01 1.930211465507478933e-09 5.504271388053894043e-02 5.459306761622428894e-02 1.481223677046727971e-07 1.437948213833806221e-07 nan 5.497401952743530273e-02 5.028436346315783680e+02
2.094363868236541748e-01 1.415790021419525146e-01 1.928452677645768952e-09 5.285622924566268921e-02 5.239618942141532898e-02 1.350068572492091334e-07 1.310625350470218109e-07 nan 5.278594791889190674e-02 4.754898133894727152e+02
2.148208767175674438e-01 1.452189087867736816e-01 1.926740094380007882e-09 5.070911720395088196e-02 5.023448914289474487e-02 1.230978341482114047e-07 1.195014647237258032e-07 nan 5.063660442829132080e-02 4.484969105480454914e+02
2.202053815126419067e-01 1.488588303327560425e-01 1.925071368159055733e-09 4.868783801794052124e-02 4.820294678211212158e-02 1.124707580402173335e-07 1.091848815804041806e-07 nan 4.861375689506530762e-02 4.234513075718475648e+02
2.255898863077163696e-01 1.524987667798995972e-01 1.923444343781293656e-09 4.686031118035316467e-02 4.637530818581581116e-02 1.031367631298962806e-07 1.001235929720678541e-07 nan 4.678621888160705566e-02 4.015109213785333395e+02
2.309743911027908325e-01 1.561386883258819580e-01 1.921857033120720865e-09 4.525798931717872620e-02 4.478516057133674622e-02 9.501857078930697753e-08 9.224258690210263012e-08 nan 4.518575593829154968e-02 3.831449752698968609e+02
2.363588809967041016e-01 1.597786098718643188e-01 1.920307567935778733e-09 4.386939108371734619e-02 4.341954365372657776e-02 8.795743156042590272e-08 8.538772533484006999e-08 nan 4.380065947771072388e-02 3.680896958590222994e+02
2.417433857917785645e-01 1.634185314178466797e-01 1.918794213956308179e-09 4.265174269676208496e-02 4.223154857754707336e-02 8.175437926638551289e-08 7.936589696555529372e-08 nan 4.258754476904869080e-02 3.555857032065251246e+02
2.471278905868530273e-01 1.670584529638290405e-01 1.917315352832477265e-09 4.154676198959350586e-02 4.115761071443557739e-02 7.620993613954851753e-08 7.398342205533481319e-08 nan 4.148731008172035217e-02 3.446493306639388265e+02
2.525123953819274902e-01 1.706983745098114014e-01 1.915869472055197894e-09 4.049151390790939331e-02 4.012984782457351685e-02 7.114547173614482745e-08 6.906690686037109117e-08 nan 4.043626040220260620e-02 3.342446078794908999e+02
2.578969001770019531e-01 1.743383109569549561e-01 1.914455150219987163e-09 3.943185135722160339e-02 3.909071534872055054e-02 6.642373762133502169e-08 6.448311751228175126e-08 nan 3.937973454594612122e-02 3.234992971716241072e+02
2.632813751697540283e-01 1.779782027006149292e-01 1.913071083197014340e-09 3.833935037255287170e-02 3.801055997610092163e-02 6.196949442482946324e-08 6.015900311240329756e-08 nan 3.828911855816841125e-02 3.119812580556717876e+02
2.686658799648284912e-01 1.816181391477584839e-01 1.911715991580206360e-09 3.721683844923973083e-02 3.689305484294891357e-02 5.776689349090702308e-08 5.607919106864756031e-08 nan 3.716737404465675354e-02 2.997799586493169386e+02
2.740503847599029541e-01 1.852580606937408447e-01 1.910388727493893778e-09 3.608672320842742920e-02 3.576302528381347656e-02 5.383094148214695451e-08 5.225823329624290636e-08 nan 3.603726997971534729e-02 2.872994668442085526e+02
2.794348895549774170e-01 1.888979822397232056e-01 1.909088184011114833e-09 3.497675806283950806e-02 3.465135768055915833e-02 5.018108240051333269e-08 4.871501602110583917e-08 nan 3.492704406380653381e-02 2.750131805703998111e+02
2.848193943500518799e-01 1.925379037857055664e-01 1.907813323590368924e-09 3.391479328274726868e-02 3.358884900808334351e-02 4.683278831407733378e-08 4.546454590581561206e-08 nan 3.386499360203742981e-02 2.633731528677874394e+02
2.902038991451263428e-01 1.961778402328491211e-01 1.906563162582237113e-09 3.292613476514816284e-02 3.260289505124092102e-02 4.379451823410818179e-08 4.251504392982496938e-08 nan 3.287674859166145325e-02 2.527689085321869698e+02
2.955884039402008057e-01 1.998177617788314819e-01 1.905336787226579552e-09 3.202583640813827515e-02 3.170941025018692017e-02 4.105885409444454126e-08 3.985930518979330373e-08 nan 3.197749331593513489e-02 2.434152561707160771e+02
3.009728789329528809e-01 2.034576684236526489e-01 1.904133323856378078e-09 3.121171705424785614e-02 3.090583160519599915e-02 3.859666719563392689e-08 3.746905008483736310e-08 nan 3.116498515009880066e-02 2.352598484848222995e+02
3.063573837280273438e-01 2.070975899696350098e-01 1.902951936232507350e-09 3.046725690364837646e-02 3.017432428896427155e-02 3.636442613696999615e-08 3.530202263846149435e-08 nan 3.042250312864780426e-02 2.280397813403651242e+02
3.117418885231018066e-01 2.107375115156173706e-01 1.901791846628511990e-09 2.977094426751136780e-02 2.949161455035209656e-02 3.431775397189085197e-08 3.331514264459656260e-08 nan 2.972826734185218811e-02 2.214272601405199907e+02
3.171263933181762695e-01 2.143774479627609253e-01 1.900652308391623192e-09 2.910263091325759888e-02 2.883584983646869659e-02 3.241897772454649385e-08 3.147183846863299550e-08 nan 2.906187251210212708e-02 2.151232288855994170e+02
3.225108981132507324e-01 2.180173695087432861e-01 1.899532626729035332e-09 2.844517119228839874e-02 2.818864211440086365e-02 3.063811959691520315e-08 2.974300628011405934e-08 nan 2.840598113834857941e-02 2.088795863103350428e+02
3.278954029083251953e-01 2.216572910547256470e-01 1.898432128189829179e-09 2.778653241693973541e-02 2.753742970526218414e-02 2.895407824610174430e-08 2.810816290832462983e-08 nan 2.774847485125064850e-02 2.025288200190398982e+02
3.332799077033996582e-01 2.252972126007080078e-01 1.897350177081271127e-09 2.712342701852321625e-02 2.687909640371799469e-02 2.735704640599578852e-08 2.655779418603287922e-08 nan 2.708609588444232941e-02 1.960349239586731187e+02
3.386643826961517334e-01 2.289371192455291748e-01 1.896286172945125672e-09 2.646192535758018494e-02 2.622045949101448059e-02 2.584740244060412806e-08 2.509225716096352699e-08 nan 2.642503567039966583e-02 1.894977198468396580e+02
3.440488874912261963e-01 2.325770407915115356e-01 1.895239531240720810e-09 2.581304125487804413e-02 2.557354979217052460e-02 2.442994784246366180e-08 2.371621299346315936e-08 nan 2.577645331621170044e-02 1.830839814022030225e+02
3.494333922863006592e-01 2.362169772386550903e-01 1.894209703480833635e-09 2.518724650144577026e-02 2.494986727833747864e-02 2.310815183648173843e-08 2.243303498516979744e-08 nan 2.515098080039024353e-02 1.769463391463934272e+02
3.548178970813751221e-01 2.398568987846374512e-01 1.893196174858241155e-09 2.459205314517021179e-02 2.435768768191337585e-02 2.188213343856659776e-08 2.124283504656432342e-08 nan 2.455624565482139587e-02 1.711900205685576850e+02
3.602024018764495850e-01 2.434968203306198120e-01 1.892198441798694543e-09 2.403188124299049377e-02 2.380181103944778442e-02 2.074901317428157199e-08 2.014281896833836072e-08 nan 2.399673126637935638e-02 1.658733306358159609e+02
3.655869066715240479e-01 2.471367418766021729e-01 1.891216027459402332e-09 2.350750751793384552e-02 2.328297682106494904e-02 1.970288288077881589e-08 1.912725622332800413e-08 nan 2.347320504486560822e-02 1.610025148850049561e+02
3.709714114665985107e-01 2.507766783237457275e-01 1.890248472221847833e-09 2.301518432796001434e-02 2.279705926775932312e-02 1.873455346412811195e-08 1.818721351298790978e-08 nan 2.298185788094997406e-02 1.565222102215396660e+02
3.763558864593505859e-01 2.544165849685668945e-01 1.889295352117686434e-09 2.254763804376125336e-02 2.233622781932353973e-02 1.783284098166859621e-08 1.731184617881353915e-08 nan 2.251533977687358856e-02 1.523310398994364903e+02
3.817403912544250488e-01 2.580564916133880615e-01 1.888356242191734645e-09 2.209700457751750946e-02 2.189203724265098572e-02 1.698717788656267658e-08 1.649088687827315880e-08 nan 2.206568978726863861e-02 1.483223442026153975e+02
3.871248960494995117e-01 2.616964280605316162e-01 1.887430735669950155e-09 2.165709808468818665e-02 2.145784161984920502e-02 1.618927392144087207e-08 1.571629582031164318e-08 nan 2.162665501236915588e-02 1.444143606928172119e+02
3.925094008445739746e-01 2.653363645076751709e-01 1.886518457772270655e-09 2.122377604246139526e-02 2.102926932275295258e-02 1.543314454011124326e-08 1.498225543627995648e-08 nan 2.119405940175056458e-02 1.405543187191856873e+02
3.978939056396484375e-01 2.689762711524963379e-01 1.885619049100158659e-09 2.079492434859275818e-02 2.060419879853725433e-02 1.471479205150671987e-08 1.428489060373294706e-08 nan 2.076578512787818909e-02 1.367173515877325372e+02
4.032784104347229004e-01 2.726162075996398926e-01 1.884732143174389957e-09 2.037105709314346313e-02 2.018334530293941498e-02 1.403239835440217576e-08 1.362243384761541165e-08 nan 2.034237794578075409e-02 1.329136124885682761e+02
4.086629152297973633e-01 2.762561440467834473e-01 1.883857409814700777e-09 1.995526999235153198e-02 1.977012678980827332e-02 1.338600430500491711e-08 1.299492424777781707e-08 nan 1.992698386311531067e-02 1.291862253987869735e+02
4.140473902225494385e-01 2.798960208892822266e-01 1.882994538868699288e-09 1.955139636993408203e-02 1.936872117221355438e-02 1.277605576888163341e-08 1.240279701164581638e-08 nan 1.952348649501800537e-02 1.255863375482922919e+02
4.194318950176239014e-01 2.835359573364257812e-01 1.882143190604211824e-09 1.916205324232578278e-02 1.898202486336231232e-02 1.220210243957353669e-08 1.184561071454481862e-08 nan 1.913454942405223846e-02 1.221478846616561356e+02
4.248163998126983643e-01 2.871758937835693359e-01 1.881303079826970542e-09 1.878845691680908203e-02 1.861142367124557495e-02 1.166278185138480694e-08 1.132204818787840850e-08 nan 1.876141130924224854e-02 1.188858097975839598e+02
4.302009046077728271e-01 2.908158004283905029e-01 1.880473925305205483e-09 1.843109726905822754e-02 1.825743727385997772e-02 1.115635228643441224e-08 1.083041389904337848e-08 nan 1.840456575155258179e-02 1.158053846399038349e+02
4.355854094028472900e-01 2.944557368755340576e-01 1.879655436356054805e-09 1.808949746191501617e-02 1.791949942708015442e-02 1.068059063413784315e-08 1.036855135083669666e-08 nan 1.806352473795413971e-02 1.128995798456125783e+02
4.409699141979217529e-01 2.980956733226776123e-01 1.878847353036435648e-09 1.776158623397350311e-02 1.759537868201732635e-02 1.023250817411280877e-08 9.933559752539622423e-09 nan 1.773619279265403748e-02 1.101416700783539824e+02
4.463544189929962158e-01 3.017355799674987793e-01 1.878049424887222573e-09 1.744430325925350189e-02 1.728182099759578705e-02 9.808785783604889730e-09 9.522216792845483724e-09 nan 1.741947978734970093e-02 1.074934036953589072e+02
4.517388939857482910e-01 3.053754866123199463e-01 1.877261397654174740e-09 1.713510602712631226e-02 1.697611995041370392e-02 9.406663892264077731e-09 9.131842837462045281e-09 nan 1.711081713438034058e-02 1.049236802456778292e+02
4.571233987808227539e-01 3.090154230594635010e-01 1.876483026309890802e-09 1.683258824050426483e-02 1.667677052319049835e-02 9.024213376562784106e-09 8.760565606280579232e-09 nan 1.680878363549709320e-02 1.024159614999704075e+02
4.625079035758972168e-01 3.126553297042846680e-01 1.875714093387305177e-09 1.653594896197319031e-02 1.638294197618961334e-02 8.659971406643762748e-09 8.406964902007985074e-09 nan 1.651257090270519257e-02 9.996127203173928422e+01
4.678924083709716797e-01 3.162952661514282227e-01 1.874954364165268396e-09 1.624467223882675171e-02 1.609416678547859192e-02 8.312730948034641187e-09 8.069870105487098044e-09 nan 1.622167788445949554e-02 9.755429015981341934e+01
4.732769131660461426e-01 3.199352025985717773e-01 1.874203630559428286e-09 1.595899648964405060e-02 1.581076905131340027e-02 7.981748595398130419e-09 7.748558239484282240e-09 nan 1.593635044991970062e-02 9.519868679417876933e+01
4.786614179611206055e-01 3.235751092433929443e-01 1.873461691551420399e-09 1.568004861474037170e-02 1.553399302065372467e-02 7.666760559743579506e-09 7.442770844079404924e-09 nan 1.565773598849773407e-02 9.290858295797661981e+01
4.840458929538726807e-01 3.272150158882141113e-01 1.872728340933758753e-09 1.540910173207521439e-02 1.526520401239395142e-02 7.367561227766827869e-09 7.152313408198551770e-09 nan 1.538711506873369217e-02 9.069924933008820744e+01
4.894303977489471436e-01 3.308549523353576660e-01 1.872003379495005729e-09 1.514669787138700485e-02 1.500502135604619980e-02 7.083608366542648582e-09 6.876657465682001202e-09 nan 1.512505207210779190e-02 8.857705781701442049e+01
4.948149025440216064e-01 3.344948589801788330e-01 1.871286632213937058e-09 1.489268615841865540e-02 1.475331932306289673e-02 6.814055542037067426e-09 6.614978786956271506e-09 nan 1.487139239907264709e-02 8.653999864849038204e+01
5.001994371414184570e-01 3.381348252296447754e-01 1.870577900826693527e-09 1.464673504233360291e-02 1.450975891202688217e-02 6.558025233971420676e-09 6.366429161630549061e-09 nan 1.462580915540456772e-02 8.458402690456721018e+01
5.055838823318481445e-01 3.417747020721435547e-01 1.869877039368293133e-09 1.440850086510181427e-02 1.427394617348909378e-02 6.314688327790918265e-09 6.130201235521326453e-09 nan 1.438794564455747604e-02 8.270497276323911251e+01
5.109683871269226074e-01 3.454146385192871094e-01 1.869183849789121820e-09 1.417731679975986481e-02 1.404516305774450302e-02 6.083124670652750865e-09 5.905403277495224756e-09 nan 1.415712665766477585e-02 8.089504353185964192e+01
5.163528919219970703e-01 3.490545451641082764e-01 1.868498185335105332e-09 1.395209692418575287e-02 1.382226496934890747e-02 5.862301311054807229e-09 5.691031201848772980e-09 nan 1.393226254731416702e-02 7.914181306003031580e+01
5.217373967170715332e-01 3.526944816112518311e-01 1.867819876059786520e-09 1.373185031116008759e-02 1.360422372817993164e-02 5.651293211172969677e-09 5.486187060199654297e-09 nan 1.371235027909278870e-02 7.743419658253766613e+01
5.271219015121459961e-01 3.563344180583953857e-01 1.867148773833358248e-09 1.351615227758884430e-02 1.339059695601463318e-02 5.449467099793992020e-09 5.290257565349065771e-09 nan 1.349696982651948929e-02 7.576765896852094784e+01
5.325064063072204590e-01 3.599743247032165527e-01 1.866484735032350672e-09 1.330500096082687378e-02 1.318138185888528824e-02 5.256397539454837897e-09 5.102828826153427144e-09 nan 1.328611560165882111e-02 7.414243536674797497e+01
5.378909111022949219e-01 3.636142611503601074e-01 1.865827604301946768e-09 1.309837028384208679e-02 1.297658123075962067e-02 5.071673747636396001e-09 4.923501606413083209e-09 nan 1.307976245880126953e-02 7.255844951994689040e+01
5.432754158973693848e-01 3.672541677951812744e-01 1.865177252290424566e-09 1.289618108421564102e-02 1.277614757418632507e-02 4.894888494533233825e-09 4.751881554909687111e-09 nan 1.287784334272146225e-02 7.101500854069753643e+01
5.486599206924438477e-01 3.708941042423248291e-01 1.864533532427482462e-09 1.269860751926898956e-02 1.258028857409954071e-02 4.725750013534479876e-09 4.587684010459724959e-09 nan 1.268053054809570312e-02 6.951417703170540108e+01
5.540444254875183105e-01 3.745340406894683838e-01 1.863896318172137942e-09 1.250602956861257553e-02 1.238941308110952377e-02 4.564054911782022828e-09 4.430713573810862727e-09 nan 1.248821336776018143e-02 6.806016405441046402e+01
5.594289302825927734e-01 3.781739473342895508e-01 1.863265486641235488e-09 1.231860648840665817e-02 1.220369245857000351e-02 4.409527853965755639e-09 4.280700682812721425e-09 nan 1.230105012655258179e-02 6.665466832607926051e+01
5.648134350776672363e-01 3.818138837814331055e-01 1.862640903204479876e-09 1.213608216494321823e-02 1.202287897467613220e-02 4.261758501655776854e-09 4.137249209890114798e-09 nan 1.211878750473260880e-02 6.529484474903605928e+01
5.701979398727416992e-01 3.854538202285766602e-01 1.862022452330667509e-09 1.195810083299875259e-02 1.184660289436578751e-02 4.120325858281148612e-09 3.999948372523931539e-09 nan 1.194106601178646088e-02 6.397683457747270808e+01
5.755824446678161621e-01 3.890937268733978271e-01 1.861410021730888845e-09 1.178448554128408432e-02 1.167467422783374786e-02 3.984892416042384866e-09 3.868471321055722001e-09 nan 1.176770776510238647e-02 6.269870869809397362e+01
5.809668898582458496e-01 3.927336037158966064e-01 1.860803497296447543e-09 1.161507517099380493e-02 1.150691695511341095e-02 3.855144647957331472e-09 3.742514742555158591e-09 nan 1.159855071455240250e-02 6.145874752893745807e+01
5.863513946533203125e-01 3.963735401630401611e-01 1.860202753428811389e-09 1.144950184971094131e-02 1.134294643998146057e-02 3.730718400873911378e-09 3.621723365654361260e-09 nan 1.143322139978408813e-02 6.025306951044838399e+01
5.917358994483947754e-01 4.000134766101837158e-01 1.859607692406273365e-09 1.128733530640602112e-02 1.118232682347297668e-02 3.611250853907677083e-09 3.505746137832943532e-09 nan 1.127129234373569489e-02 5.907718505737317827e+01
5.971204042434692383e-01 4.036533832550048828e-01 1.859018214291441706e-09 1.112840604037046432e-02 1.102488394826650620e-02 3.496481770781656451e-09 3.394330372330500722e-09 nan 1.111259032040834427e-02 5.792942536628172689e+01
6.025049090385437012e-01 4.072933197021484375e-01 1.858434207544148841e-09 1.097278296947479248e-02 1.087069232016801834e-02 3.386239066927032582e-09 3.287308203425709507e-09 nan 1.095718611031770706e-02 5.681055798682905333e+01
6.078894138336181641e-01 4.109332561492919922e-01 1.857855577876460681e-09 1.082047540694475174e-02 1.071977056562900543e-02 3.280341331901581725e-09 3.184504215880679112e-09 nan 1.080509182065725327e-02 5.572075069060890939e+01
6.132739186286926270e-01 4.145731627941131592e-01 1.857282233477322155e-09 1.067135483026504517e-02 1.057199947535991669e-02 3.178572516304711826e-09 3.085709021632965232e-09 nan 1.065617613494396210e-02 5.465869127295916030e+01
6.186584234237670898e-01 4.182130992412567139e-01 1.856714071034082293e-09 1.052535511553287506e-02 1.042732596397399902e-02 3.080748545158940033e-09 2.990742764552578592e-09 nan 1.051037851721048355e-02 5.362375240844034607e+01
6.240429282188415527e-01 4.218530058860778809e-01 1.856151008397507339e-09 1.038257963955402374e-02 1.028585992753505707e-02 2.986741076682619678e-09 2.899481543749971024e-09 nan 1.036780234426259995e-02 5.261699748250695308e+01
6.294274330139160156e-01 4.254929423332214355e-01 1.855592947277603754e-09 1.024308148771524429e-02 1.014765538275241852e-02 2.896413109354512017e-09 2.811792798596002285e-09 nan 1.022850163280963898e-02 5.163895162788491433e+01
6.556535363197326660e-01 4.432217776775360107e-01 1.852943630635520644e-09 9.605260565876960754e-03 9.515860117971897125e-03 2.503122598085383288e-09 2.429992429497929152e-09 nan 9.591602720320224762e-03 4.723268877257398657e+01
8.039034605026245117e-01 5.434387326240539551e-01 1.839770603253567837e-09 6.942414212971925735e-03 6.877813488245010376e-03 1.203440791464061022e-09 1.168281693608719252e-09 nan 6.932544521987438202e-03 3.003837044519580246e+01
9.932619333267211914e-01 6.714450716972351074e-01 1.826201010048688587e-09 4.930517170578241348e-03 4.884651862084865570e-03 5.598698726849704599e-10 5.435129568631680286e-10 nan 4.923509899526834488e-03 1.858168411586162350e+01
1.227223634719848633e+00 8.296031951904296875e-01 1.812731498599941669e-09 3.484508255496621132e-03 3.452102420851588249e-03 2.591889758374321673e-10 2.516166164312494402e-10 nan 3.479557111859321594e-03 1.138224396026429730e+01
1.516294717788696289e+00 1.025015234947204590e+00 1.799361337301671755e-09 2.451671985909342766e-03 2.428876934573054314e-03 1.194586929376129092e-10 1.159686444096585944e-10 nan 2.448189305141568184e-03 6.910580381334907152e+00
1.873456120491027832e+00 1.266456365585327148e+00 1.786089789356977996e-09 1.718020066618919373e-03 1.702049747109413147e-03 5.483578174869663258e-11 5.323372298526862778e-11 nan 1.715580234304070473e-03 4.161894048737203811e+00
2.314746379852294922e+00 1.564768552780151367e+00 1.772916133006574509e-09 1.199499471113085747e-03 1.188351074233651161e-03 2.507934832030045413e-11 2.434664102268779828e-11 nan 1.197796198539435863e-03 2.488166397160898935e+00
2.859982252120971680e+00 1.933347940444946289e+00 1.759839636962373426e-09 8.346776594407856464e-04 8.269215468317270279e-04 1.143182250251673082e-11 1.109783445696344018e-11 nan 8.334926678799092770e-04 1.477616583105359149e+00
3.533647537231445312e+00 2.388745784759521484e+00 1.746859588797865175e-09 5.790409632027149200e-04 5.736614111810922623e-04 5.195010654296394748e-12 5.043234493212755964e-12 nan 5.782190710306167603e-04 8.721426626050793329e-01
4.365993976593017578e+00 2.951411962509155273e+00 1.733975279535418463e-09 4.005741211585700512e-04 3.968535456806421280e-04 2.354186507194655498e-12 2.285406889776520067e-12 nan 4.000057233497500420e-04 5.118934333428012406e-01
5.394398689270019531e+00 3.646613597869873047e+00 1.721185999058096773e-09 2.764018136076629162e-04 2.738352632150053978e-04 1.064093257951981286e-12 1.033004844858131932e-12 nan 2.760096685960888863e-04 2.989099548251643035e-01
6.665042877197265625e+00 4.505568981170654297e+00 1.708491050912268841e-09 1.902696531033143401e-04 1.885036181192845106e-04 4.798324823411526108e-13 4.658136398306977899e-13 nan 1.899998460430651903e-04 1.737170576579112058e-01
8.234986305236816406e+00 5.566850662231445312e+00 1.695889732548296616e-09 1.306926278630271554e-04 1.294802641496062279e-04 2.159001737155399891e-13 2.095923532386551047e-13 nan 1.305074256379157305e-04 1.005195302982816313e-01
1.017472743988037109e+01 6.878115653991699219e+00 1.683381361073609185e-09 8.958914986578747630e-05 8.875875209923833609e-05 9.694823340389985278e-14 9.411571457070000424e-14 nan 8.946228626882657409e-05 5.793004714771905761e-02
1.257137203216552734e+01 8.498247146606445312e+00 1.670965250288532184e-09 6.129789835540577769e-05 6.073041004128754139e-05 4.345241411151702648e-14 4.218284724885439096e-14 nan 6.121120532043278217e-05 3.326051880147665868e-02
1.553254413604736328e+01 1.050000000000000000e+01 1.658640709094829109e-09 4.186764272162690759e-05 4.148072912357747555e-05 1.944162367174210454e-14 1.887356949599548056e-14 nan 4.180853284196928144e-05 1.903003728936035130e-02
