# k/h [h/Mpc]            k [1/Mpc]              Primoridal             T_cdm(k)                 T_bar(k)                 T_phot(k)                T_massless neutrions(k)  T_massive neutrinos(k)   T_total(k)               Linear Pk [(Mpc/h)^3]  
1.049045658874092624e-05 7.091548468451946974e-06 2.727206404909961128e-09 1.000000000000000000e+00 1.000000000000000000e+00 1.000000000000000000e+00 1.000000000000000000e+00 nan 1.000000000000000000e+00 3.427502043020731914e+00
1.158353370556142181e-05 7.830468348402064294e-06 2.717761705682844603e-09 9.999997019767761230e-01 9.999997019767761230e-01 9.999714493751525879e-01 9.999709129333496094e-01 nan 9.999997019767761230e-01 3.771529813364125960e+00
1.279050593439023942e-05 8.646382411825470626e-06 2.708349706436794825e-09 9.999994635581970215e-01 9.999994635581970215e-01 9.999367594718933105e-01 9.999354481697082520e-01 nan 9.999994635581970215e-01 4.150088119325827662e+00
1.412324218108551577e-05 9.547311492497101426e-06 2.698970312856197758e-09 9.999991655349731445e-01 9.999991655349731445e-01 9.998943805694580078e-01 9.998921155929565430e-01 nan 9.999991655349731445e-01 4.566643575397994148e+00
1.559484553581569344e-05 1.054211588780162856e-05 2.689623392481895528e-09 9.999988079071044922e-01 9.999988079071044922e-01 9.998427629470825195e-01 9.998393654823303223e-01 nan 9.999988079071044922e-01 5.025008963034873766e+00
1.721978514979127795e-05 1.164057448477251455e-05 2.680308856040028027e-09 9.999983310699462891e-01 9.999982118606567383e-01 9.997798800468444824e-01 9.997749924659729004e-01 nan 9.999983310699462891e-01 5.529380180971137371e+00
1.901403993542771786e-05 1.285349117097212002e-05 2.671026563908324178e-09 9.999976754188537598e-01 9.999976754188537598e-01 9.997031688690185547e-01 9.996965527534484863e-01 nan 9.999976754188537598e-01 6.084374354795979656e+00
2.099525045196060091e-05 1.419278942194068804e-05 2.661776424936157355e-09 9.999970197677612305e-01 9.999969601631164551e-01 9.996095895767211914e-01 9.996008872985839844e-01 nan 9.999970197677612305e-01 6.695074098905384297e+00
2.318289807590190321e-05 1.567163963045459241e-05 2.652558315858844083e-09 9.999961853027343750e-01 9.999961256980895996e-01 9.994955062866210938e-01 9.994843602180480957e-01 nan 9.999961256980895996e-01 7.367068365248961470e+00
2.559849235694855452e-05 1.730458097881637514e-05 2.643372135990062650e-09 9.999951124191284180e-01 9.999949932098388672e-01 9.993565678596496582e-01 9.993420839309692383e-01 nan 9.999951124191284180e-01 8.106506915623805654e+00
2.826578383974265307e-05 1.910767059598583728e-05 2.634217767634683471e-09 9.999938011169433594e-01 9.999936819076538086e-01 9.991869926452636719e-01 9.991688728332519531e-01 nan 9.999938011169433594e-01 8.920159956516028998e+00
3.121100235148333013e-05 2.109863817167934030e-05 2.625095097817206075e-09 9.999921917915344238e-01 9.999920129776000977e-01 9.989804029464721680e-01 9.989576339721679688e-01 nan 9.999921917915344238e-01 9.815475509307404423e+00
3.446310074650682509e-05 2.329705603187903762e-05 2.616004033478672110e-09 9.999902844429016113e-01 9.999901652336120605e-01 9.987285137176513672e-01 9.987000823020935059e-01 nan 9.999902844429016113e-01 1.080064402606115337e+01
3.805406231549568474e-05 2.572454650362487882e-05 2.606944439452153756e-09 9.999880194664001465e-01 9.999877810478210449e-01 9.984216094017028809e-01 9.983862638473510742e-01 nan 9.999879598617553711e-01 1.188468707979701655e+01
4.201919000479392707e-05 2.840497290890198201e-05 2.597916226597658093e-09 9.999851584434509277e-01 9.999848008155822754e-01 9.980474114418029785e-01 9.980037212371826172e-01 nan 9.999851584434509277e-01 1.307751608365562390e+01
4.639747567125596106e-05 3.136469240416772664e-05 2.588919279439887767e-09 9.999817013740539551e-01 9.999812841415405273e-01 9.975913166999816895e-01 9.975374937057495117e-01 nan 9.999816417694091797e-01 1.439005084170318760e+01
5.123196388012729585e-05 3.463280881987884641e-05 2.579953483847589841e-09 9.999774694442749023e-01 9.999769926071166992e-01 9.970356225967407227e-01 9.969692230224609375e-01 nan 9.999773502349853516e-01 1.583429197849444670e+01
5.657019573845900595e-05 3.824145096587017179e-05 2.571018745591721348e-09 9.999722838401794434e-01 9.999718070030212402e-01 9.963583946228027344e-01 9.962769150733947754e-01 nan 9.999722838401794434e-01 1.742345105714563758e+01
6.246465636650100350e-05 4.222610732540488243e-05 2.562114941593048984e-09 9.999659657478332520e-01 9.999653100967407227e-01 9.955332875251770020e-01 9.954333901405334473e-01 nan 9.999658465385437012e-01 1.917205805772298888e+01
6.897329876665025949e-05 4.662595165427774191e-05 2.553241977543412439e-09 9.999582767486572266e-01 9.999575018882751465e-01 9.945281147956848145e-01 9.944056868553161621e-01 nan 9.999582767486572266e-01 2.109609486832030001e+01
7.616012590005993843e-05 5.148424679646268487e-05 2.544399743325443185e-09 9.999489784240722656e-01 9.999479651451110840e-01 9.933038949966430664e-01 9.931542277336120605e-01 nan 9.999487996101379395e-01 2.321314788958710906e+01
8.409580186707898974e-05 5.684876305167563260e-05 2.535588130685252624e-09 9.999376535415649414e-01 9.999364018440246582e-01 9.918132424354553223e-01 9.916302561759948730e-01 nan 9.999374151229858398e-01 2.554254849790024906e+01
9.285835403716191649e-05 6.277224747464060783e-05 2.526807033334104165e-09 9.999236464500427246e-01 9.999222755432128906e-01 9.899985790252685547e-01 9.897750616073608398e-01 nan 9.999234676361083984e-01 2.810555061801627730e+01
1.025339443003758788e-04 6.931294774403795600e-05 2.518056339675267213e-09 9.999067783355712891e-01 9.999050498008728027e-01 9.877902865409851074e-01 9.875177741050720215e-01 nan 9.999065399169921875e-01 3.092555330604218966e+01
1.132176985265687108e-04 7.653516513528302312e-05 2.509335958204897443e-09 9.998860955238342285e-01 9.998839497566223145e-01 9.851041436195373535e-01 9.847719073295593262e-01 nan 9.998859167098999023e-01 3.402824441131512856e+01
1.250146742677316070e-04 8.450992027064785361e-05 2.500645773867358897e-09 9.998610615730285645e-01 9.998583793640136719e-01 9.818385243415832520e-01 9.814337491989135742e-01 nan 9.998607039451599121e-01 3.744189555954905302e+01
1.380408502882346511e-04 9.331561159342527390e-05 2.491985695624705562e-09 9.998304843902587891e-01 9.998272061347961426e-01 9.778707623481750488e-01 9.773781895637512207e-01 nan 9.998300075531005859e-01 4.119753629557458652e+01
1.524243270978331566e-04 1.030388448270969093e-04 2.483355596498544299e-09 9.997931122779846191e-01 9.997891783714294434e-01 9.730535745620727539e-01 9.724547863006591797e-01 nan 9.997925162315368652e-01 4.532927726169065608e+01
1.683065347606316209e-04 1.137752187787555158e-04 2.474755379885282393e-09 9.997477531433105469e-01 9.997429251670837402e-01 9.672107696533203125e-01 9.664835333824157715e-01 nan 9.997469782829284668e-01 4.987460199808996464e+01
1.858436153270304203e-04 1.256302784895524383e-04 2.466184957973141175e-09 9.996923804283142090e-01 9.996865391731262207e-01 9.601319432258605957e-01 9.592498540878295898e-01 nan 9.996914267539978027e-01 5.487460131049174095e+01
2.052080089924857020e-04 1.387206139042973518e-04 2.457644209414643305e-09 9.996249079704284668e-01 9.996178746223449707e-01 9.515677094459533691e-01 9.504991173744201660e-01 nan 9.996238946914672852e-01 6.037439995231302703e+01
2.265901130158454180e-04 1.531749148853123188e-04 2.449133045395065615e-09 9.995428323745727539e-01 9.995343089103698730e-01 9.412240982055664062e-01 9.399319291114807129e-01 nan 9.995415806770324707e-01 6.642346440099838389e+01
2.502001880202442408e-04 1.691353245405480266e-04 2.440651351248999153e-09 9.994430541992187500e-01 9.994327425956726074e-01 9.287573099136352539e-01 9.271977543830871582e-01 nan 9.994415044784545898e-01 7.307601036939556138e+01
2.762703516054898500e-04 1.867587561719119549e-04 2.432199034655000626e-09 9.993216395378112793e-01 9.993090629577636719e-01 9.137700796127319336e-01 9.118922948837280273e-01 nan 9.993197321891784668e-01 8.039135081305582275e+01
3.050569503102451563e-04 2.062184939859434962e-04 2.423775992290330563e-09 9.991739988327026367e-01 9.991588592529296875e-01 8.958088755607604980e-01 8.935545682907104492e-01 nan 9.991717934608459473e-01 8.843435347594653706e+01
3.368430479895323515e-04 2.277058956678956747e-04 2.415382114947829304e-09 9.989947080612182617e-01 9.989764690399169922e-01 8.743659853935241699e-01 8.716689944267272949e-01 nan 9.989918470382690430e-01 9.727587808101834810e+01
3.719411906786262989e-04 2.514322404749691486e-04 2.407017301830847028e-09 9.987770318984985352e-01 9.987548589706420898e-01 8.488863706588745117e-01 8.456733822822570801e-01 nan 9.987736344337463379e-01 1.069931447340302384e+02
4.106964333914220333e-04 2.776307810563594103e-04 2.398681465071051552e-09 9.985129833221435547e-01 9.984863996505737305e-01 8.187839984893798828e-01 8.149760365486145020e-01 nan 9.985089302062988281e-01 1.176701495880501653e+02
4.534898616839200258e-04 3.065591445192694664e-04 2.390374494355455649e-09 9.981931447982788086e-01 9.981611967086791992e-01 7.834712862968444824e-01 7.789864540100097656e-01 nan 9.981883168220520020e-01 1.293981322009940982e+02
5.007422878406941891e-04 3.385017917025834322e-04 2.382096284987275655e-09 9.978060722351074219e-01 9.977680444717407227e-01 7.424066662788391113e-01 7.371644377708435059e-01 nan 9.978003501892089844e-01 1.422758582323055236e+02
5.529182380996644497e-04 3.737727238330990076e-04 2.373846756225058361e-09 9.973385334014892578e-01 9.972932934761047363e-01 6.951647400856018066e-01 6.890941262245178223e-01 nan 9.973316788673400879e-01 1.564098691332785336e+02
6.105307838879525661e-04 4.127188003621995449e-04 2.365625794166928840e-09 9.967749118804931641e-01 9.967213273048400879e-01 6.415374875068664551e-01 6.345859169960021973e-01 nan 9.967668056488037109e-01 1.719147622228259706e+02
6.741464603692293167e-04 4.557229985948652029e-04 2.357433293568910220e-09 9.960969686508178711e-01 9.960339069366455078e-01 5.816637277603149414e-01 5.738113522529602051e-01 nan 9.960872530937194824e-01 1.889131801121301919e+02
7.443906506523489952e-04 5.032080807723104954e-04 2.349269171114912410e-09 9.952834248542785645e-01 9.952098727226257324e-01 5.161879062652587891e-01 5.074630379676818848e-01 nan 9.952721595764160156e-01 2.075355739055345623e+02
8.219541050493717194e-04 5.556409596465528011e-04 2.341133324843220307e-09 9.943104982376098633e-01 9.942253232002258301e-01 4.464280307292938232e-01 4.369238913059234619e-01 nan 9.942973852157592773e-01 2.279203470475719371e+02
9.075994603335857391e-04 6.135372095741331577e-04 2.333025652639057309e-09 9.931510686874389648e-01 9.930536150932312012e-01 3.745177984237670898e-01 3.644063770771026611e-01 nan 9.931361675262451172e-01 2.502129156981080200e+02
1.002168864943087101e-03 6.774661596864461899e-04 2.324946049885245546e-09 9.917749166488647461e-01 9.916647076606750488e-01 3.034573793411254883e-01 2.929936945438385010e-01 nan 9.917581081390380859e-01 2.745651200506700320e+02
1.106592128053307533e-03 7.480562780983746052e-04 2.316894434325377400e-09 9.901493191719055176e-01 9.900264739990234375e-01 2.369784861803054810e-01 2.264873683452606201e-01 nan 9.901306033134460449e-01 3.011345398669385531e+02
1.221895916387438774e-03 8.260016329586505890e-04 2.308870708568745277e-09 9.882388710975646973e-01 9.881036281585693359e-01 1.791138350963592529e-01 1.689504534006118774e-01 nan 9.882181882858276367e-01 3.300828975971064096e+02
1.349214115180075169e-03 9.120687609538435936e-04 2.300874762407135126e-09 9.860058426856994629e-01 9.858593940734863281e-01 1.333946287631988525e-01 1.238768100738525391e-01 nan 9.859834909439086914e-01 3.615747866575558191e+02
1.489798538386821747e-03 1.007103826850652695e-03 2.292906509188567727e-09 9.834107160568237305e-01 9.832543134689331055e-01 1.017304807901382446e-01 9.305544197559356689e-02 nan 9.833867549896240234e-01 3.957756671920299141e+02
1.645031501539051533e-03 1.112041296437382698e-03 2.284965850418265676e-09 9.804121851921081543e-01 9.802470207214355469e-01 8.328874409198760986e-02 7.547063380479812622e-02 nan 9.803869128227233887e-01 4.328492862455664749e+02
1.816439209505915642e-03 1.227912958711385727e-03 2.277052691606405739e-09 9.769666194915771484e-01 9.767930507659912109e-01 7.403383404016494751e-02 6.691877543926239014e-02 nan 9.769400954246520996e-01 4.729537912555807679e+02
2.005707239732146263e-03 1.355858054012060165e-03 2.269166941709029953e-09 9.730275869369506836e-01 9.728442430496215820e-01 6.776248663663864136e-02 6.116317957639694214e-02 nan 9.729995727539062500e-01 5.162376114553860589e+02
2.214696491137146950e-03 1.497134799137711525e-03 2.261308494449764354e-09 9.685445427894592285e-01 9.683477282524108887e-01 5.898029357194900513e-02 5.288717523217201233e-02 nan 9.685144424438476562e-01 5.628316998827235693e+02
2.445461694151163101e-03 1.653132145293056965e-03 2.253477264686429142e-09 9.634622931480407715e-01 9.632462263107299805e-01 4.641010612249374390e-02 4.109732434153556824e-02 nan 9.634292721748352051e-01 6.128424401860021362e+02
2.700272016227245331e-03 1.825383864343166351e-03 2.245673160886940457e-09 9.577215313911437988e-01 9.574790596961975098e-01 3.399138152599334717e-02 2.980201505124568939e-02 nan 9.576843976974487305e-01 6.663430624757022542e+02
2.981632947921752930e-03 2.015583915635943413e-03 2.237896076485985185e-09 9.512589573860168457e-01 9.509835243225097656e-01 2.667336165904998779e-02 2.357926964759826660e-02 nan 9.512169361114501953e-01 7.233641368240396332e+02
3.292310982942581177e-03 2.225602278485894203e-03 2.230145925871712440e-09 9.440098404884338379e-01 9.436957836151123047e-01 2.392417937517166138e-02 2.061477862298488617e-02 nan 9.439618587493896484e-01 7.838852945614571581e+02
3.635360859334468842e-03 2.457503927871584892e-03 2.222422616889744185e-09 9.359070658683776855e-01 9.355489611625671387e-01 2.018849924206733704e-02 1.676413789391517639e-02 nan 9.358524680137634277e-01 8.478225958675297989e+02
4.014155361801385880e-03 2.713568974286317825e-03 2.214726058195065524e-09 9.268817901611328125e-01 9.264713525772094727e-01 1.436069514602422714e-02 1.361808087676763535e-02 nan 9.268191456794738770e-01 9.150150110490527595e+02
4.432419314980506897e-03 2.996315481141209602e-03 2.207056148657132701e-09 9.168630838394165039e-01 9.163879156112670898e-01 1.143345981836318970e-02 1.104915235191583633e-02 nan 9.167905449867248535e-01 9.852093355268352752e+02
4.894265439361333847e-03 3.308523446321487427e-03 2.199412800139309644e-09 9.057793617248535156e-01 9.052247405052185059e-01 1.029597688466310501e-02 8.953038603067398071e-03 nan 9.056945443153381348e-01 1.058045666906846691e+03
5.404234398156404495e-03 3.653262509033083916e-03 2.191795924301313793e-09 8.935585618019104004e-01 8.929093480110168457e-01 7.445515599101781845e-03 7.244230248034000397e-03 nan 8.934594392776489258e-01 1.133041156783613815e+03
5.967340432107448578e-03 4.033922217786312103e-03 2.184205430909534259e-09 8.801286220550537109e-01 8.793669939041137695e-01 6.790246348828077316e-03 5.852326285094022751e-03 nan 8.800122737884521484e-01 1.209572664707676267e+03
6.589121185243129730e-03 4.454245790839195251e-03 2.176641221197925960e-09 8.654174804687500000e-01 8.645204305648803711e-01 5.440176464617252350e-03 4.719726741313934326e-03 nan 8.652803897857666016e-01 1.286859036991799940e+03
7.275689393281936646e-03 4.918366204947233200e-03 2.169103203027300791e-09 8.493532538414001465e-01 8.482941985130310059e-01 4.196276422590017319e-03 3.799126017838716507e-03 nan 8.491914272308349609e-01 1.363943645357112018e+03
8.033796213567256927e-03 5.430846009403467178e-03 2.161591299930936394e-09 8.318648934364318848e-01 8.306137323379516602e-01 3.176426049321889877e-03 3.051735460758209229e-03 nan 8.316737413406372070e-01 1.439677848037083550e+03
8.870895951986312866e-03 5.996725521981716156e-03 2.154105401952956366e-09 8.128810524940490723e-01 8.114016652107238770e-01 2.849634503945708275e-03 2.445755759254097939e-03 nan 8.126551508903503418e-01 1.512703336485939190e+03
9.795218706130981445e-03 6.621567998081445694e-03 2.146645430474833453e-09 7.923328876495361328e-01 7.905846238136291504e-01 1.980821834877133369e-03 1.955151557922363281e-03 nan 7.920657992362976074e-01 1.581448907899637106e+03
1.081585418432950974e-02 7.311517372727394104e-03 2.139211293795359687e-09 7.701516747474670410e-01 7.680877447128295898e-01 1.626390847377479076e-03 1.558574149385094643e-03 nan 7.698363661766052246e-01 1.644115742381439759e+03
1.194283645600080490e-02 8.073357865214347839e-03 2.131802900090153706e-09 7.462721467018127441e-01 7.438409924507141113e-01 1.346405479125678539e-03 1.238564611412584782e-03 nan 7.459006905555725098e-01 1.698690867391432221e+03
1.318724639713764191e-02 8.914578706026077271e-03 2.124420174276236449e-09 7.206355929374694824e-01 7.177803516387939453e-01 1.038925955072045326e-03 9.808391332626342773e-04 nan 7.201994061470031738e-01 1.742975682439661341e+03
1.456132158637046814e-02 9.843453764915466309e-03 2.117063005254935590e-09 6.931937932968139648e-01 6.898546814918518066e-01 8.689328678883612156e-04 7.737237610854208469e-04 nan 6.926836371421813965e-01 1.774635908582401953e+03
1.607857085764408112e-02 1.086911372840404510e-02 2.109731324472420402e-09 6.639182567596435547e-01 6.600344777107238770e-01 6.721412646584212780e-04 6.076899589970707893e-04 nan 6.633249521255493164e-01 1.791303547848946664e+03
1.775391399860382080e-02 1.200164575129747391e-02 2.102425026951150955e-09 6.328119039535522461e-01 6.283260583877563477e-01 4.957856726832687855e-04 4.749668296426534653e-04 nan 6.321265697479248047e-01 1.790726576045158254e+03
1.960382424294948578e-02 1.325218472629785538e-02 2.095144031049849183e-09 5.999268293380737305e-01 5.947906970977783203e-01 4.221134586259722710e-04 3.692249883897602558e-04 nan 5.991421341896057129e-01 1.770991790512453235e+03
2.164648845791816711e-02 1.463302597403526306e-02 2.087888252770266929e-09 5.653877854347229004e-01 5.595713257789611816e-01 3.012323577422648668e-04 2.853155310731381178e-04 nan 5.644991993904113770e-01 1.730823979723809771e+03
2.390199340879917145e-02 1.615774817764759064e-02 2.080657597354892904e-09 5.294215679168701172e-01 5.229236483573913574e-01 2.425920829409733415e-04 2.190524828620254993e-04 nan 5.284288525581359863e-01 1.669949468158087257e+03
2.639251388609409332e-02 1.784133911132812500e-02 2.073451995948668221e-09 4.923888742923736572e-01 4.852511584758758545e-01 1.873415749287232757e-04 1.670342899160459638e-04 nan 4.912983775138854980e-01 1.589485524499231587e+03
2.914254181087017059e-02 1.970035769045352936e-02 2.066271340052806293e-09 4.548149406909942627e-01 4.471365511417388916e-01 1.538310461910441518e-04 1.264944730792194605e-04 nan 4.536418318748474121e-01 1.492277385462703023e+03
3.217911347746849060e-02 2.175308018922805786e-02 2.059115554147728899e-09 4.174058437347412109e-01 4.093571603298187256e-01 1.009051848086528480e-04 9.517747821519151330e-05 nan 4.161761701107025146e-01 1.383047850850404757e+03
3.553209081292152405e-02 2.401969395577907562e-02 2.051984539888671147e-09 3.810350298881530762e-01 3.728650212287902832e-01 7.970809383550658822e-05 7.123557588784024119e-05 nan 3.797868490219116211e-01 1.268206592907838058e+03
3.923443704843521118e-02 2.652247995138168335e-02 2.044878229365854235e-09 3.466774821281433105e-01 3.387083113193511963e-01 5.590462387772276998e-05 5.314449663273990154e-05 nan 3.454599678516387939e-01 1.155184808463758145e+03
4.332255572080612183e-02 2.928604744374752045e-02 2.037796533657790378e-09 3.152692615985870361e-01 3.078692853450775146e-01 4.023670044261962175e-05 3.963608469348400831e-05 nan 3.141387104988098145e-01 1.051243761346156361e+03
4.765481501817703247e-02 3.221465647220611572e-02 2.031010053452367756e-09 2.884036004543304443e-01 2.818896770477294922e-01 3.199829370714724064e-05 2.997033698193263263e-05 nan 2.874084115028381348e-01 9.644629412611228645e+02
5.198707059025764465e-02 3.514325991272926331e-02 2.024834231214258902e-09 2.671212553977966309e-01 2.616377472877502441e-01 2.491199848009273410e-05 2.333307929802685976e-05 nan 2.662834823131561279e-01 8.998436415093960932e+02
5.631932616233825684e-02 3.807186335325241089e-02 2.019169610001785353e-09 2.497144043445587158e-01 2.452555745840072632e-01 1.985241578950081021e-05 1.859410804172512144e-05 nan 2.490332126617431641e-01 8.495380035347398007e+02
6.065158173441886902e-02 4.100047051906585693e-02 2.013939112582009273e-09 2.349814474582672119e-01 2.314155846834182739e-01 1.611487277841661125e-05 1.509341382188722491e-05 nan 2.344366759061813354e-01 8.080178046093390094e+02
6.498383730649948120e-02 4.392907395958900452e-02 2.009081821590703985e-09 2.217961251735687256e-01 2.189060896635055542e-01 1.325482844549696892e-05 1.241462632606271654e-05 nan 2.213546037673950195e-01 7.694426041881320089e+02
6.931609660387039185e-02 4.685768112540245056e-02 2.004548729015451583e-09 2.093323022127151489e-01 2.068627923727035522e-01 1.099729706766083837e-05 1.030018484016181901e-05 nan 2.089550048112869263e-01 7.294382654252094653e+02
7.364834845066070557e-02 4.978628456592559814e-02 2.000299865353250301e-09 1.971042007207870483e-01 1.948082000017166138e-01 9.172683348879218102e-06 8.591235200583469123e-06 nan 1.967533975839614868e-01 6.856700806441307350e+02
7.798060774803161621e-02 5.271489173173904419e-02 1.996302173696350216e-09 1.849797219038009644e-01 1.826565414667129517e-01 7.677330359001643956e-06 7.190682481450494379e-06 nan 1.846247911453247070e-01 6.381554165386869499e+02
8.231285959482192993e-02 5.564349144697189331e-02 1.992528044667567094e-09 1.730904728174209595e-01 1.706103533506393433e-01 6.445676262956112623e-06 6.037115326762432232e-06 nan 1.727115809917449951e-01 5.886861089818449955e+02
8.664511889219284058e-02 5.857209861278533936e-02 1.988954134422163219e-09 1.616997122764587402e-01 1.590127795934677124e-01 5.432334546640049666e-06 5.088019406684907153e-06 nan 1.612892150878906250e-01 5.398246919350704047e+02
9.097737073898315430e-02 6.150070205330848694e-02 1.985560585482697045e-09 1.510840952396392822e-01 1.482141315937042236e-01 4.601996806741226465e-06 4.310322765377350152e-06 nan 1.506456285715103149e-01 4.939913479008709487e+02
9.636187553405761719e-02 6.514062732458114624e-02 1.981568674123380254e-09 1.393454670906066895e-01 1.363633722066879272e-01 3.781854047701926902e-06 3.542170361470198259e-06 nan 1.388898640871047974e-01 4.441865205174260609e+02
1.017463728785514832e-01 6.878054887056350708e-02 1.977801256732118934e-09 1.295415610074996948e-01 1.266230195760726929e-01 3.152930275973631069e-06 2.953108605652232654e-06 nan 1.290956884622573853e-01 4.045621287142241158e+02
1.071308776736259460e-01 7.242047041654586792e-02 1.974234781265857972e-09 1.217224672436714172e-01 1.190366670489311218e-01 2.672515620361082256e-06 2.503138375686830841e-06 nan 1.213121488690376282e-01 3.754225020134381907e+02
1.125153750181198120e-01 7.606039196252822876e-02 1.970849203820953451e-09 1.155553907155990601e-01 1.132171750068664551e-01 2.300799678778275847e-06 2.154975163648487069e-06 nan 1.151981651782989502e-01 3.547407027871780656e+02
1.178998723626136780e-01 7.970031350851058960e-02 1.967627323526894450e-09 1.104805618524551392e-01 1.085256636142730713e-01 2.004265979849151336e-06 1.877229578894912265e-06 nan 1.101818978786468506e-01 3.392292637891205231e+02
1.232843771576881409e-01 8.334024250507354736e-02 1.964554264128985100e-09 1.059425920248031616e-01 1.043284386396408081e-01 1.758439907462161500e-06 1.646979740144161042e-06 nan 1.056959927082061768e-01 3.256706504276458531e+02
1.286688745021820068e-01 8.698015660047531128e-02 1.961617102724775952e-09 1.015099212527275085e-01 1.001374870538711548e-01 1.547237843624316156e-06 1.449162141398119275e-06 nan 1.013002470135688782e-01 3.115803299160444340e+02
1.340533792972564697e-01 9.062008559703826904e-02 1.958804483640675406e-09 9.691624343395233154e-02 9.566324949264526367e-02 1.361061777060967870e-06 1.274786995963950176e-06 nan 9.672480076551437378e-02 2.954794727931807188e+02
1.394378840923309326e-01 9.426000714302062988e-02 1.956106446915437174e-09 9.209181368350982666e-02 9.084672480821609497e-02 1.195232698592008092e-06 1.119470539379108232e-06 nan 9.190158545970916748e-02 2.771281725750499731e+02
1.448223739862442017e-01 9.789992123842239380e-02 1.953514161287429418e-09 8.714660257101058960e-02 8.583424985408782959e-02 1.048238914336252492e-06 9.817962336455821060e-07 nan 8.694609999656677246e-02 2.574058869086106256e+02
1.502068787813186646e-01 1.015398502349853516e-01 1.951019758654691563e-09 8.229126036167144775e-02 8.088499307632446289e-02 9.198323596137925051e-07 8.615310207460424863e-07 nan 8.207641541957855225e-02 2.377520567990379448e+02
1.555913835763931274e-01 1.051797717809677124e-01 1.948616241255242070e-09 7.775866985321044922e-02 7.627796381711959839e-02 8.097891281977354083e-07 7.584643526570289396e-07 nan 7.753244787454605103e-02 2.196214831524803515e+02
1.609758734703063965e-01 1.088196933269500732e-01 1.946297314463125787e-09 7.374762743711471558e-02 7.224436849355697632e-02 7.173395601967058610e-07 6.718753411405486986e-07 nan 7.351796329021453857e-02 2.041415457983359261e+02
1.663603782653808594e-01 1.124596148729324341e-01 1.944057316713681798e-09 7.036323845386505127e-02 6.890191137790679932e-02 6.407930754903645720e-07 6.001803853905585129e-07 nan 7.013998180627822876e-02 1.918297497932493627e+02
1.717448830604553223e-01 1.160995438694953918e-01 1.941891129256332855e-09 6.757764518260955811e-02 6.621558219194412231e-02 5.775006570729601663e-07 5.408988386079727206e-07 nan 6.736955046653747559e-02 1.824652370396810852e+02
1.771293878555297852e-01 1.197394654154777527e-01 1.939794125595426991e-09 6.525633484125137329e-02 6.402917206287384033e-02 5.243925897957524285e-07 4.911558448839059565e-07 nan 6.506885588169097900e-02 1.752899446588741910e+02
1.825138777494430542e-01 1.233793795108795166e-01 1.937762091126241291e-09 6.322379410266876221e-02 6.213900446891784668e-02 4.786551812685502227e-07 4.483163991153560346e-07 nan 6.305807083845138550e-02 1.693646664003219371e+02
1.878983825445175171e-01 1.270193010568618774e-01 1.935791175107242678e-09 6.130956485867500305e-02 6.034836173057556152e-02 4.380488007882377133e-07 4.102830359897779999e-07 nan 6.116271764039993286e-02 1.637960195479051322e+02
1.932828873395919800e-01 1.306592375040054321e-01 1.933877861004656685e-09 5.937348306179046631e-02 5.849912017583847046e-02 4.009718850284116343e-07 3.755558850571105722e-07 nan 5.923989415168762207e-02 1.578602653702808425e+02
1.986673772335052490e-01 1.342991441488265991e-01 1.932018951816384183e-09 5.733495205640792847e-02 5.650430917739868164e-02 3.665143424314010190e-07 3.432824655646982137e-07 nan 5.720805376768112183e-02 1.511618539606621994e+02
2.040518820285797119e-01 1.379390656948089600e-01 1.930211465507478933e-09 5.519165471196174622e-02 5.436663702130317688e-02 3.344129027027520351e-07 3.132159633878472960e-07 nan 5.506561324000358582e-02 1.437333929421044729e+02
2.094363868236541748e-01 1.415790021419525146e-01 1.928452677645768952e-09 5.300286039710044861e-02 5.215873196721076965e-02 3.047999825867009349e-07 2.854804961316403933e-07 nan 5.287389457225799561e-02 1.359330416736152074e+02
2.148208767175674438e-01 1.452189087867736816e-01 1.926740094380007882e-09 5.085404217243194580e-02 4.998301714658737183e-02 2.779109706807503244e-07 2.602962183573254151e-07 nan 5.072096735239028931e-02 1.282377530925517704e+02
2.202053815126419067e-01 1.488588303327560425e-01 1.925071368159055733e-09 4.883072897791862488e-02 4.794069007039070129e-02 2.539169088322523749e-07 2.378232579758332577e-07 nan 4.869475215673446655e-02 1.210950777025353062e+02
2.255898863077163696e-01 1.524987667798995972e-01 1.923444343781293656e-09 4.700020328164100647e-02 4.610980302095413208e-02 2.328431776277284371e-07 2.180853897471024538e-07 nan 4.686417058110237122e-02 1.148323020964585481e+02
2.309743911027908325e-01 1.561386883258819580e-01 1.921857033120720865e-09 4.539367184042930603e-02 4.452551901340484619e-02 2.145153246146946913e-07 2.009191888419081806e-07 nan 4.526103660464286804e-02 1.095824142086133719e+02
2.363588809967041016e-01 1.597786098718643188e-01 1.920307567935778733e-09 4.399983584880828857e-02 4.317382350564002991e-02 1.985746251875752932e-07 1.859886964439283474e-07 nan 4.387364163994789124e-02 1.052713454249069542e+02
2.417433857917785645e-01 1.634185314178466797e-01 1.918794213956308179e-09 4.277637600898742676e-02 4.200481995940208435e-02 1.845715331683095428e-07 1.728730012473533861e-07 nan 4.265850037336349487e-02 1.016848705907634098e+02
2.471278905868530273e-01 1.670584529638290405e-01 1.917315352832477265e-09 4.166559502482414246e-02 4.095108062028884888e-02 1.720553086670406628e-07 1.611498845477399300e-07 nan 4.155643284320831299e-02 9.854527992476498355e+01
2.525123953819274902e-01 1.706983745098114014e-01 1.915869472055197894e-09 4.060507565736770630e-02 3.994110599160194397e-02 1.606224202532757772e-07 1.504414939290654729e-07 nan 4.050363227725028992e-02 9.555965536936102467e+01
2.578969001770019531e-01 1.743383109569549561e-01 1.914455150219987163e-09 3.954100981354713440e-02 3.891483694314956665e-02 1.499628297096933238e-07 1.404574874186437228e-07 nan 3.944534435868263245e-02 9.248093151199012141e+01
2.632813751697540283e-01 1.779782027006149292e-01 1.913071083197014340e-09 3.844510391354560852e-02 3.784165531396865845e-02 1.399066889007372083e-07 1.310387460762285627e-07 nan 3.835291415452957153e-02 8.918641295311012129e+01
2.686658799648284912e-01 1.816181391477584839e-01 1.911715991580206360e-09 3.732008486986160278e-02 3.672584518790245056e-02 1.304183427919269889e-07 1.221518459715298377e-07 nan 3.722929581999778748e-02 8.570110776544707676e+01
2.740503847599029541e-01 1.852580606937408447e-01 1.910388727493893778e-09 3.618807345628738403e-02 3.559398278594017029e-02 1.215317979585961439e-07 1.138286620516737457e-07 nan 3.609731048345565796e-02 8.213881753215430592e+01
2.794348895549774170e-01 1.888979822397232056e-01 1.909088184011114833e-09 3.507648780941963196e-02 3.447922319173812866e-02 1.132911791046353756e-07 1.061104342170438031e-07 nan 3.498523682355880737e-02 7.863286537199206805e+01
2.848193943500518799e-01 1.925379037857055664e-01 1.907813323590368924e-09 3.401282429695129395e-02 3.341451287269592285e-02 1.057314946706355840e-07 9.902997533117741114e-08 nan 3.392141684889793396e-02 7.531061366729676365e+01
2.902038991451263428e-01 1.961778402328491211e-01 1.906563162582237113e-09 3.302218392491340637e-02 3.242878615856170654e-02 9.887193641588964965e-08 9.260524080900722765e-08 nan 3.293152898550033569e-02 7.228219818968990751e+01
2.955884039402008057e-01 1.998177617788314819e-01 1.905336787226579552e-09 3.211952373385429382e-02 3.153859078884124756e-02 9.269577105897042202e-08 8.682053476150031202e-08 nan 3.203077241778373718e-02 6.960856143348357250e+01
3.009728789329528809e-01 2.034576684236526489e-01 1.904133323856378078e-09 3.130271285772323608e-02 3.074110485613346100e-02 8.713718813169180066e-08 8.161423892261154833e-08 nan 3.121691010892391205e-02 6.727503947494442116e+01
3.063573837280273438e-01 2.070975899696350098e-01 1.902951936232507350e-09 3.055535815656185150e-02 3.001753799617290497e-02 8.209782009771515732e-08 7.689424563750435482e-08 nan 3.047319129109382629e-02 6.520730787274665374e+01
3.117418885231018066e-01 2.107375115156173706e-01 1.901791846628511990e-09 2.985614724457263947e-02 2.934332378208637238e-02 7.747740937702474184e-08 7.256664957822067663e-08 nan 2.977780066430568695e-02 6.331272784794233388e+01
3.171263933181762695e-01 2.143774479627609253e-01 1.900652308391623192e-09 2.918511815369129181e-02 2.869535610079765320e-02 7.319084005530385184e-08 6.855174916609030333e-08 nan 2.911029197275638580e-02 6.150682539453053010e+01
3.225108981132507324e-01 2.180173695087432861e-01 1.899532626729035332e-09 2.852525375783443451e-02 2.805434726178646088e-02 6.917039740983454976e-08 6.478611425109193078e-08 nan 2.845330908894538879e-02 5.971941171434342266e+01
3.278954029083251953e-01 2.216572910547256470e-01 1.898432128189829179e-09 2.786456234753131866e-02 2.740731276571750641e-02 6.536843955018412089e-08 6.122512985484718229e-08 nan 2.779470756649971008e-02 5.790288244251875227e+01
3.332799077033996582e-01 2.252972126007080078e-01 1.897350177081271127e-09 2.719974331557750702e-02 2.675126679241657257e-02 6.176284017556099570e-08 5.784807299846761452e-08 nan 2.713122777640819550e-02 5.604689720470211256e+01
3.386643826961517334e-01 2.289371192455291748e-01 1.896286172945125672e-09 2.653677761554718018e-02 2.609355188906192780e-02 5.835448391167119553e-08 5.465577146424038801e-08 nan 2.646906115114688873e-02 5.417951414588723935e+01
3.440488874912261963e-01 2.325770407915115356e-01 1.895239531240720810e-09 2.588656358420848846e-02 2.544695325195789337e-02 5.515424916779920750e-08 5.165839311871422979e-08 nan 2.581940032541751862e-02 5.234779337662228471e+01
3.494333922863006592e-01 2.362169772386550903e-01 1.894209703480833635e-09 2.525946125388145447e-02 2.482370473444461823e-02 5.217000165202989592e-08 4.886331339548632968e-08 nan 2.519288659095764160e-02 5.059480820845533344e+01
3.548178970813751221e-01 2.398568987846374512e-01 1.893196174858241155e-09 2.466289140284061432e-02 2.423265203833580017e-02 4.940202558145756484e-08 4.627078808994156134e-08 nan 2.459716051816940308e-02 4.895019951982911266e+01
3.602024018764495850e-01 2.434968203306198120e-01 1.892198441798694543e-09 2.410124242305755615e-02 2.367887273430824280e-02 4.684382304276368814e-08 4.387473850897549710e-08 nan 2.403671294450759888e-02 4.743047447510321746e+01
3.655869066715240479e-01 2.471367418766021729e-01 1.891216027459402332e-09 2.357529103755950928e-02 2.316308021545410156e-02 4.448206780693908513e-08 4.166267331129347440e-08 nan 2.351231314241886139e-02 4.603744439176634273e+01
3.709714114665985107e-01 2.507766783237457275e-01 1.890248472221847833e-09 2.308132871985435486e-02 2.268088050186634064e-02 4.229596584082173649e-08 3.961512362593566650e-08 nan 2.302014827728271484e-02 4.475548929065594450e+01
3.763558864593505859e-01 2.544165849685668945e-01 1.889295352117686434e-09 2.261214889585971832e-02 2.222403138875961304e-02 4.026027156101008586e-08 3.770845324879701366e-08 nan 2.255285345017910004e-02 4.355595674839766929e+01
3.817403912544250488e-01 2.580564916133880615e-01 1.888356242191734645e-09 2.215994149446487427e-02 2.178366109728813171e-02 3.835111073158259387e-08 3.592029074184210913e-08 nan 2.210245281457901001e-02 4.240866366623011885e+01
3.871248960494995117e-01 2.616964280605316162e-01 1.887430735669950155e-09 2.171857096254825592e-02 2.135278843343257904e-02 3.654976055145198188e-08 3.423311412120710884e-08 nan 2.166268788278102875e-02 4.129047989850973011e+01
3.925094008445739746e-01 2.653363645076751709e-01 1.886518457772270655e-09 2.128392271697521210e-02 2.092686481773853302e-02 3.484269228692937759e-08 3.263424019905869500e-08 nan 2.122937142848968506e-02 4.018646572281043206e+01
3.978939056396484375e-01 2.689762711524963379e-01 1.885619049100158659e-09 2.085387147963047028e-02 2.050376124680042267e-02 3.322089625612534292e-08 3.111523838583707402e-08 nan 2.080038376152515411e-02 3.908948982735137179e+01
4.032784104347229004e-01 2.726162075996398926e-01 1.884732143174389957e-09 2.042891457676887512e-02 2.008433826267719269e-02 3.168026552202718449e-08 2.967226642169862316e-08 nan 2.037627063691616058e-02 3.800235578974474748e+01
4.086629152297973633e-01 2.762561440467834473e-01 1.883857409814700777e-09 2.001210674643516541e-02 1.967224292457103729e-02 3.022091021875894512e-08 2.830540957177163364e-08 nan 1.996018365025520325e-02 3.693721733215459579e+01
4.140473902225494385e-01 2.798960208892822266e-01 1.882994538868699288e-09 1.960724964737892151e-02 1.927190646529197693e-02 2.884383398793488595e-08 2.701562351603570278e-08 nan 1.955601759254932404e-02 3.590854276461405448e+01
4.194318950176239014e-01 2.835359573364257812e-01 1.882143190604211824e-09 1.921692118048667908e-02 1.888643205165863037e-02 2.754803141158390645e-08 2.580195435086807265e-08 nan 1.916643045842647552e-02 3.492585706548976532e+01
4.248163998126983643e-01 2.871758937835693359e-01 1.881303079826970542e-09 1.884232088923454285e-02 1.851732470095157623e-02 2.633043294508752297e-08 2.466153148361627245e-08 nan 1.879267022013664246e-02 3.399336872218025007e+01
4.302009046077728271e-01 2.908158004283905029e-01 1.880473925305205483e-09 1.848393492400646210e-02 1.816513016819953918e-02 2.518709152354858816e-08 2.359066009205434966e-08 nan 1.843523047864437103e-02 3.311256851374064780e+01
4.355854094028472900e-01 2.944557368755340576e-01 1.879655436356054805e-09 1.814129948616027832e-02 1.782921887934207916e-02 2.411299959703683271e-08 2.258464526505576941e-08 nan 1.809362322092056274e-02 3.228149985957607271e+01
4.409699141979217529e-01 2.980956733226776123e-01 1.878847353036435648e-09 1.781236007809638977e-02 1.750723458826541901e-02 2.310139990413517808e-08 2.163716139591542742e-08 nan 1.776574365794658661e-02 3.149261403465622067e+01
4.463544189929962158e-01 3.017355799674987793e-01 1.878049424887222573e-09 1.749407500028610229e-02 1.719578914344310760e-02 2.214479799533819460e-08 2.074119009876085329e-08 nan 1.744850166141986847e-02 3.073506330956049837e+01
4.517388939857482910e-01 3.053754866123199463e-01 1.877261397654174740e-09 1.718391478061676025e-02 1.689205504953861237e-02 2.123695885813958739e-08 1.989089071230409900e-08 nan 1.713932491838932037e-02 3.000004010806419075e+01
4.571233987808227539e-01 3.090154230594635010e-01 1.876483026309890802e-09 1.688048802316188812e-02 1.659444719552993774e-02 2.037352331285546825e-08 1.908218116852822277e-08 nan 1.683678664267063141e-02 2.928285422096922019e+01
4.625079035758972168e-01 3.126553297042846680e-01 1.875714093387305177e-09 1.658299565315246582e-02 1.630211807787418365e-02 1.955119088847823150e-08 1.831197060653266817e-08 nan 1.654008403420448303e-02 2.858098130466245479e+01
4.678924083709716797e-01 3.162952661514282227e-01 1.874954364165268396e-09 1.629091612994670868e-02 1.601462997496128082e-02 1.876724198268675536e-08 1.757771173060973524e-08 nan 1.624870672821998596e-02 2.789285787470375766e+01
4.732769131660461426e-01 3.199352025985717773e-01 1.874203630559428286e-09 1.600447297096252441e-02 1.573236845433712006e-02 1.801999438555412780e-08 1.687782891224287596e-08 nan 1.596290245652198792e-02 2.721950414932312157e+01
4.786614179611206055e-01 3.235751092433929443e-01 1.873461691551420399e-09 1.572478748857975006e-02 1.545666251331567764e-02 1.730885124118231033e-08 1.621176082267083984e-08 nan 1.568382233381271362e-02 2.656489840743775588e+01
4.840458929538726807e-01 3.272150158882141113e-01 1.872728340933758753e-09 1.545311138033866882e-02 1.518895011395215988e-02 1.663336135493409529e-08 1.557908646532268904e-08 nan 1.541275344789028168e-02 2.593334343646657558e+01
4.894303977489471436e-01 3.308549523353576660e-01 1.872003379495005729e-09 1.518998853862285614e-02 1.492990273982286453e-02 1.599229371151977830e-08 1.497865298460965278e-08 nan 1.515025272965431213e-02 2.532665487825793349e+01
4.948149025440216064e-01 3.344948589801788330e-01 1.871286632213937058e-09 1.493525877594947815e-02 1.467941422015428543e-02 1.538373695098016469e-08 1.440866803648077621e-08 nan 1.489617116749286652e-02 2.474422968937041034e+01
5.001994371414184570e-01 3.381348252296447754e-01 1.870577900826693527e-09 1.468859333544969559e-02 1.443713158369064331e-02 1.480571221179616259e-08 1.386728154528782397e-08 nan 1.465017627924680710e-02 2.418492674571346512e+01
5.055838823318481445e-01 3.417747020721435547e-01 1.869877039368293133e-09 1.444965507835149765e-02 1.420264132320880890e-02 1.425634721385904413e-08 1.335273580593820952e-08 nan 1.441191602498292923e-02 2.364757218105088299e+01
5.109683871269226074e-01 3.454146385192871094e-01 1.869183849789121820e-09 1.421777810901403427e-02 1.397517323493957520e-02 1.373356184330987162e-08 1.286308393133595018e-08 nan 1.418071333318948746e-02 2.312995894649513318e+01
5.163528919219970703e-01 3.490545451641082764e-01 1.868498185335105332e-09 1.399188768118619919e-02 1.375354453921318054e-02 1.323502196726167313e-08 1.239614366710384274e-08 nan 1.395547483116388321e-02 2.262857731136788431e+01
5.217373967170715332e-01 3.526944816112518311e-01 1.867819876059786520e-09 1.377099286764860153e-02 1.353669911623001099e-02 1.275864125460657306e-08 1.194995657982644843e-08 nan 1.373519841581583023e-02 2.214026423089399742e+01
5.271219015121459961e-01 3.563344180583953857e-01 1.867148773833358248e-09 1.355467271059751511e-02 1.332417782396078110e-02 1.230298796173201481e-08 1.152318418462527916e-08 nan 1.351945847272872925e-02 2.166373728759391426e+01
5.325064063072204590e-01 3.599743247032165527e-01 1.866484735032350672e-09 1.334292162209749222e-02 1.311598625034093857e-02 1.186710374412314195e-08 1.111492764493959839e-08 nan 1.330825220793485641e-02 2.119905379417642877e+01
5.378909111022949219e-01 3.636142611503601074e-01 1.865827604301946768e-09 1.313571259379386902e-02 1.291213743388652802e-02 1.145006223168820725e-08 1.072432098681019852e-08 nan 1.310155540704727173e-02 2.074618919748637680e+01
5.432754158973693848e-01 3.672541677951812744e-01 1.865177252290424566e-09 1.293296553194522858e-02 1.271261088550090790e-02 1.105094149522756197e-08 1.035049734809945221e-08 nan 1.289930008351802826e-02 2.030494046096378824e+01
5.486599206924438477e-01 3.708941042423248291e-01 1.864533532427482462e-09 1.273484248667955399e-02 1.251763664186000824e-02 1.066908428271062803e-08 9.992844773876186082e-09 nan 1.270165946334600449e-02 1.987585822824174642e+01
5.540444254875183105e-01 3.745340406894683838e-01 1.863896318172137942e-09 1.254172716289758682e-02 1.232764218002557755e-02 1.030403318225125986e-08 9.650930721250006172e-09 nan 1.250902004539966583e-02 1.946016004664896926e+01
5.594289302825927734e-01 3.781739473342895508e-01 1.863265486641235488e-09 1.235377416014671326e-02 1.214281842112541199e-02 9.955164692598827969e-09 9.324175209712848300e-09 nan 1.232154481112957001e-02 1.905830781285172293e+01
5.648134350776672363e-01 3.818138837814331055e-01 1.862640903204479876e-09 1.217073015868663788e-02 1.196290925145149231e-02 9.621554220018424530e-09 9.011710488948665443e-09 nan 1.213897950947284698e-02 1.866950331774165051e+01
5.701979398727416992e-01 3.854538202285766602e-01 1.862022452330667509e-09 1.199223380535840988e-02 1.178754400461912155e-02 9.302249637244131009e-09 8.712643939645658975e-09 nan 1.196096185594797134e-02 1.829262567552443741e+01
5.755824446678161621e-01 3.890937268733978271e-01 1.861410021730888845e-09 1.181811373680830002e-02 1.161652244627475739e-02 8.996487999013424997e-09 8.426262354532809695e-09 nan 1.178731396794319153e-02 1.792714970934231644e+01
5.809668898582458496e-01 3.927336037158966064e-01 1.860803497296447543e-09 1.164820976555347443e-02 1.144965365529060364e-02 8.703564979839484295e-09 8.151904928865860711e-09 nan 1.161787565797567368e-02 1.757258433056051317e+01
5.863513946533203125e-01 3.963735401630401611e-01 1.860202753428811389e-09 1.148215681314468384e-02 1.128654461354017258e-02 8.422654573791987787e-09 7.888798947419672913e-09 nan 1.145227067172527313e-02 1.722782813968691684e+01
5.917358994483947754e-01 4.000134766101837158e-01 1.859607692406273365e-09 1.131952274590730667e-02 1.112674921751022339e-02 8.152938768546391657e-09 7.636179688574884494e-09 nan 1.129007060080766678e-02 1.689160245243066782e+01
5.971204042434692383e-01 4.036533832550048828e-01 1.859018214291441706e-09 1.116013992577791214e-02 1.097009424120187759e-02 7.893830478167274123e-09 7.393494261265232126e-09 nan 1.113110408186912537e-02 1.656342694769737989e+01
6.025049090385437012e-01 4.072933197021484375e-01 1.858434207544148841e-09 1.100407447665929794e-02 1.081665698438882828e-02 7.644941568685226230e-09 7.160379844606268307e-09 nan 1.097544189542531967e-02 1.624351945358347393e+01
6.078894138336181641e-01 4.109332561492919922e-01 1.857855577876460681e-09 1.085133757442235947e-02 1.066646352410316467e-02 7.405860813491926820e-09 6.936453189609892434e-09 nan 1.082309335470199585e-02 1.593193010834066925e+01
6.132739186286926270e-01 4.145731627941131592e-01 1.857282233477322155e-09 1.070179603993892670e-02 1.051940210163593292e-02 7.176103267170219624e-09 6.721258216657588491e-09 nan 1.067392993718385696e-02 1.562827492497775239e+01
6.186584234237670898e-01 4.182130992412567139e-01 1.856714071034082293e-09 1.055538374930620193e-02 1.037542428821325302e-02 6.955250153595216034e-09 6.514403683155478575e-09 nan 1.052788924425840378e-02 1.533237133077611780e+01
6.240429282188415527e-01 4.218530058860778809e-01 1.856151008397507339e-09 1.041220407932996750e-02 1.023464556783437729e-02 6.743013258869723359e-09 6.315619138774763996e-09 nan 1.038507651537656784e-02 1.504452405632948775e+01
6.294274330139160156e-01 4.254929423332214355e-01 1.855592947277603754e-09 1.027230918407440186e-02 1.009712554514408112e-02 6.539084829171315505e-09 6.124616369618252065e-09 nan 1.024554390460252762e-02 1.476487825851031666e+01
6.556535363197326660e-01 4.432217776775360107e-01 1.852943630635520644e-09 9.632657282054424286e-03 9.468535892665386200e-03 5.651173307086310160e-09 5.292983829008335306e-09 nan 9.607583284378051758e-03 1.350498698721053614e+01
8.039034605026245117e-01 5.434387326240539551e-01 1.839770603253567837e-09 6.962214130908250809e-03 6.843617651611566544e-03 2.716947777869904712e-09 2.544738642029642506e-09 nan 6.944095250219106674e-03 8.588704097217263467e+00
9.932619333267211914e-01 6.714450716972351074e-01 1.826201010048688587e-09 4.944577347487211227e-03 4.860374610871076584e-03 1.263990245803370271e-09 1.183874331900369725e-09 nan 4.931712988764047623e-03 5.312953646752277770e+00
1.227223634719848633e+00 8.296031951904296875e-01 1.812731498599941669e-09 3.494444070383906364e-03 3.434950252994894981e-03 5.851579221172187317e-10 5.480687015335661272e-10 nan 3.485354594886302948e-03 3.254458202868822703e+00
1.516294717788696289e+00 1.025015234947204590e+00 1.799361337301671755e-09 2.458662027493119240e-03 2.416810952126979828e-03 2.696959044978797237e-10 2.526016895654237260e-10 nan 2.452268032357096672e-03 1.975900270484353571e+00
1.873456120491027832e+00 1.266456365585327148e+00 1.786089789356977996e-09 1.722918124869465828e-03 1.693595317192375660e-03 1.237999980308046588e-10 1.159531221039955540e-10 nan 1.718438230454921722e-03 1.189984926971538348e+00
2.314746379852294922e+00 1.564768552780151367e+00 1.772916133006574509e-09 1.202919054776430130e-03 1.182448351755738258e-03 5.662038199405472483e-11 5.303158259750695436e-11 nan 1.199791557155549526e-03 7.114260002400917271e-01
2.859982252120971680e+00 1.933347940444946289e+00 1.759839636962373426e-09 8.370571886189281940e-04 8.228136575780808926e-04 2.580904760740576620e-11 2.417317561398402148e-11 nan 8.348810952156782150e-04 4.224856805285670536e-01
3.533647537231445312e+00 2.388745784759521484e+00 1.746859588797865175e-09 5.806915578432381153e-04 5.708107491955161095e-04 1.172851139125130615e-11 1.098511212549446725e-11 nan 5.791820003651082516e-04 2.493662383094638613e-01
4.365993976593017578e+00 2.951411962509155273e+00 1.733975279535418463e-09 4.017161263618618250e-04 3.948803641833364964e-04 5.314925582977636509e-12 4.978041850262071577e-12 nan 4.006717936135828495e-04 1.463625406237109017e-01
5.394398689270019531e+00 3.646613597869873047e+00 1.721185999058096773e-09 2.771898289211094379e-04 2.724725054576992989e-04 2.402347418217765096e-12 2.250074692539127952e-12 nan 2.764691016636788845e-04 8.546547862665830608e-02
6.665042877197265625e+00 4.505568981170654297e+00 1.708491050912268841e-09 1.908121921587735415e-04 1.875640737125650048e-04 1.083291767921268356e-12 1.014626316991895649e-12 nan 1.903159718494862318e-04 4.966989220175564712e-02
8.234986305236816406e+00 5.566850662231445312e+00 1.695889732548296616e-09 1.310653751716017723e-04 1.288333878619596362e-04 4.874256922561548411e-13 4.565290745266181727e-13 nan 1.307243801420554519e-04 2.874099716680095923e-02
1.017472743988037109e+01 6.878115653991699219e+00 1.683381361073609185e-09 8.984475425677374005e-05 8.831367449602112174e-05 2.188742080373035082e-13 2.049998896764410050e-13 nan 8.961083949543535709e-05 1.656365238385403352e-02
1.257137203216552734e+01 8.498247146606445312e+00 1.670965250288532184e-09 6.147288513602688909e-05 6.042416498530656099e-05 9.809966966360661456e-14 9.188086218508279002e-14 nan 6.131266127340495586e-05 9.510046976219890813e-03
1.553254413604736328e+01 1.050000000000000000e+01 1.658640709094829109e-09 4.198726310278289020e-05 4.126975181861780584e-05 4.389191579092475981e-14 4.110927025765924447e-14 nan 4.187764716334640980e-05 5.441208486819943194e-03
