# k/h [h/Mpc]            k [1/Mpc]              Primoridal             T_cdm(k)                 T_bar(k)                 T_phot(k)                T_massless neutrions(k)  T_massive neutrinos(k)   T_total(k)               Linear Pk [(Mpc/h)^3]  
1.049045658874092624e-05 7.091548468451946974e-06 2.727206404909961128e-09 1.000000000000000000e+00 1.000000000000000000e+00 1.000000000000000000e+00 1.000000000000000000e+00 nan 1.000000000000000000e+00 2.318296373736753235e+00
1.158353370556142181e-05 7.830468348402064294e-06 2.717761705682844603e-09 1.219251155853271484e+00 1.219251394271850586e+00 1.219223141670227051e+00 1.219222426414489746e+00 nan 1.219251394271850586e+00 2.550989787823553012e+00
1.279050593439023942e-05 8.646382411825470626e-06 2.708349706436794825e-09 1.486573934555053711e+00 1.486573934555053711e+00 1.486497521400451660e+00 1.486495971679687500e+00 nan 1.486574172973632812e+00 2.807040322461636705e+00
1.412324218108551577e-05 9.547311492497101426e-06 2.698970312856197758e-09 1.812506914138793945e+00 1.812507152557373047e+00 1.812351226806640625e+00 1.812348246574401855e+00 nan 1.812507152557373047e+00 3.088790281186937658e+00
1.559484553581569344e-05 1.054211588780162856e-05 2.689623392481895528e-09 2.209901332855224609e+00 2.209901571273803711e+00 2.209618806838989258e+00 2.209613084793090820e+00 nan 2.209901571273803711e+00 3.398819042668713486e+00
1.721978514979127795e-05 1.164057448477251455e-05 2.680308856040028027e-09 2.694424152374267578e+00 2.694424390792846680e+00 2.693940877914428711e+00 2.693932056427001953e+00 nan 2.694424629211425781e+00 3.739967110727926425e+00
1.901403993542771786e-05 1.285349117097212002e-05 2.671026563908324178e-09 3.285179376602172852e+00 3.285179615020751953e+00 3.284385204315185547e+00 3.284369945526123047e+00 nan 3.285179853439331055e+00 4.115355082053113733e+00
2.099525045196060091e-05 1.419278942194068804e-05 2.661776424936157355e-09 4.005457401275634766e+00 4.005457401275634766e+00 4.004183769226074219e+00 4.004159450531005859e+00 nan 4.005457878112792969e+00 4.528420857258123711e+00
2.318289807590190321e-05 1.567163963045459241e-05 2.652558315858844083e-09 4.883656501770019531e+00 4.883656978607177734e+00 4.881649494171142578e+00 4.881611824035644531e+00 nan 4.883656978607177734e+00 4.982944238202867027e+00
2.559849235694855452e-05 1.730458097881637514e-05 2.643372135990062650e-09 5.954399108886718750e+00 5.954399585723876953e+00 5.951277732849121094e+00 5.951219081878662109e+00 nan 5.954399585723876953e+00 5.483087492131044627e+00
2.826578383974265307e-05 1.910767059598583728e-05 2.634217767634683471e-09 7.259902000427246094e+00 7.259902954101562500e+00 7.255093574523925781e+00 7.255003452301025391e+00 nan 7.259902954101562500e+00 6.033427198574615957e+00
3.121100235148333013e-05 2.109863817167934030e-05 2.625095097817206075e-09 8.851634025573730469e+00 8.851634025573730469e+00 8.844279289245605469e+00 8.844141960144042969e+00 nan 8.851635932922363281e+00 6.639004569219890683e+00
3.446310074650682509e-05 2.329705603187903762e-05 2.616004033478672110e-09 1.079234695434570312e+01 1.079234790802001953e+01 1.078116607666015625e+01 1.078095626831054688e+01 nan 1.079234886169433594e+01 7.305354588738804722e+00
3.805406231549568474e-05 2.572454650362487882e-05 2.606944439452153756e-09 1.315855979919433594e+01 1.315855979919433594e+01 1.314163208007812500e+01 1.314131641387939453e+01 nan 1.315855979919433594e+01 8.038582793171759278e+00
4.201919000479392707e-05 2.840497290890198201e-05 2.597916226597658093e-09 1.604355049133300781e+01 1.604354858398437500e+01 1.601801681518554688e+01 1.601754188537597656e+01 nan 1.604355239868164062e+01 8.845393231373408938e+00
4.639747567125596106e-05 3.136469240416772664e-05 2.588919279439887767e-09 1.956105613708496094e+01 1.956105613708496094e+01 1.952265548706054688e+01 1.952194023132324219e+01 nan 1.956105995178222656e+01 9.733169094160246004e+00
5.123196388012729585e-05 3.463280881987884641e-05 2.579953483847589841e-09 2.384975814819335938e+01 2.384975242614746094e+01 2.379212951660156250e+01 2.379105377197265625e+01 nan 2.384976005554199219e+01 1.071003421656984322e+01
5.657019573845900595e-05 3.824145096587017179e-05 2.571018745591721348e-09 2.907870864868164062e+01 2.907870483398437500e+01 2.899238777160644531e+01 2.899077987670898438e+01 nan 2.907871246337890625e+01 1.178492127348952678e+01
6.246465636650100350e-05 4.222610732540488243e-05 2.562114941593048984e-09 3.545405578613281250e+01 3.545404434204101562e+01 3.532494735717773438e+01 3.532254409790039062e+01 nan 3.545406341552734375e+01 1.296765764705495627e+01
6.897329876665025949e-05 4.662595165427774191e-05 2.553241977543412439e-09 4.322710418701171875e+01 4.322708511352539062e+01 4.303425216674804688e+01 4.303065872192382812e+01 nan 4.322710037231445312e+01 1.426905607346601279e+01
7.616012590005993843e-05 5.148424679646268487e-05 2.544399743325443185e-09 5.270424652099609375e+01 5.270421600341796875e+01 5.241647338867187500e+01 5.241110992431640625e+01 nan 5.270424270629882812e+01 1.570101283465145059e+01
8.409580186707898974e-05 5.684876305167563260e-05 2.535588130685252624e-09 6.425904083251953125e+01 6.425898742675781250e+01 6.382999801635742188e+01 6.382201766967773438e+01 nan 6.425904083251953125e+01 1.727660053979123234e+01
9.285835403716191649e-05 6.277224747464060783e-05 2.526807033334104165e-09 7.834690093994140625e+01 7.834682464599609375e+01 7.770774841308593750e+01 7.769586181640625000e+01 nan 7.834689331054687500e+01 1.901020640148604457e+01
1.025339443003758788e-04 6.931294774403795600e-05 2.518056339675267213e-09 9.552306365966796875e+01 9.552294921875000000e+01 9.457153320312500000e+01 9.455384063720703125e+01 nan 9.552305603027343750e+01 2.091765868496313985e+01
1.132176985265687108e-04 7.653516513528302312e-05 2.509335958204897443e-09 1.164643859863281250e+02 1.164641952514648438e+02 1.150486602783203125e+02 1.150223770141601562e+02 nan 1.164643630981445312e+02 2.301633569601016305e+01
1.250146742677316070e-04 8.450992027064785361e-05 2.500645773867358897e-09 1.419960021972656250e+02 1.419957427978515625e+02 1.398908691406250000e+02 1.398518371582031250e+02 nan 1.419959869384765625e+02 2.532535290614216095e+01
1.380408502882346511e-04 9.331561159342527390e-05 2.491985695624705562e-09 1.731237945556640625e+02 1.731233825683593750e+02 1.699953002929687500e+02 1.699373626708984375e+02 nan 1.731237487792968750e+02 2.786572460378263827e+01
1.524243270978331566e-04 1.030388448270969093e-04 2.483355596498544299e-09 2.110740051269531250e+02 2.110734100341796875e+02 2.064273376464843750e+02 2.063414306640625000e+02 nan 2.110739440917968750e+02 3.066053526195375412e+01
1.683065347606316209e-04 1.137752187787555158e-04 2.474755379885282393e-09 2.573412780761718750e+02 2.573404235839843750e+02 2.504439239501953125e+02 2.503166656494140625e+02 nan 2.573411865234375000e+02 3.373512612803337873e+01
1.858436153270304203e-04 1.256302784895524383e-04 2.466184957973141175e-09 3.137472839355468750e+02 3.137459411621093750e+02 3.035158996582031250e+02 3.033275451660156250e+02 nan 3.137471313476562500e+02 3.711734441859294975e+01
2.052080089924857020e-04 1.387206139042973518e-04 2.457644209414643305e-09 3.825124816894531250e+02 3.825105285644531250e+02 3.673468627929687500e+02 3.670685424804687500e+02 nan 3.825122070312500000e+02 4.083771903853693175e+01
2.265901130158454180e-04 1.531749148853123188e-04 2.449133045395065615e-09 4.663426818847656250e+02 4.663397521972656250e+02 4.438826293945312500e+02 4.434718933105468750e+02 nan 4.663422851562500000e+02 4.492974792209938784e+01
2.502001880202442408e-04 1.691353245405480266e-04 2.440651351248999153e-09 5.685353393554687500e+02 5.685309448242187500e+02 5.353059082031250000e+02 5.347008056640625000e+02 nan 5.685346679687500000e+02 4.943014592274865748e+01
2.762703516054898500e-04 1.867587561719119549e-04 2.432199034655000626e-09 6.931077270507812500e+02 6.931012573242187500e+02 6.440039062500000000e+02 6.431145629882812500e+02 nan 6.931068115234375000e+02 5.437907989992895352e+01
3.050569503102451563e-04 2.062184939859434962e-04 2.423775992290330563e-09 8.449541625976562500e+02 8.449447021484375000e+02 7.724960327148437500e+02 7.711922607421875000e+02 nan 8.449527587890625000e+02 5.982051115442190792e+01
3.368430479895323515e-04 2.277058956678956747e-04 2.415382114947829304e-09 1.030036254882812500e+03 1.030022216796875000e+03 9.232992553710937500e+02 9.213939208984375000e+02 nan 1.030034301757812500e+03 6.580249021124895137e+01
3.719411906786262989e-04 2.514322404749691486e-04 2.407017301830847028e-09 1.255613769531250000e+03 1.255593017578125000e+03 1.098705444335937500e+03 1.095931762695312500e+03 nan 1.255610717773437500e+03 7.237733860746490677e+01
4.106964333914220333e-04 2.776307810563594103e-04 2.398681465071051552e-09 1.530524536132812500e+03 1.530493896484375000e+03 1.300436401367187500e+03 1.296417358398437500e+03 nan 1.530520141601562500e+03 7.960210378632676509e+01
4.534898616839200258e-04 3.065591445192694664e-04 2.390374494355455649e-09 1.865525878906250000e+03 1.865481079101562500e+03 1.529142944335937500e+03 1.523352050781250000e+03 nan 1.865519165039062500e+03 8.753867607807578111e+01
5.007422878406941891e-04 3.385017917025834322e-04 2.382096284987275655e-09 2.273706298828125000e+03 2.273640625000000000e+03 1.783710083007812500e+03 1.775424438476562500e+03 nan 2.273696289062500000e+03 9.625411605976117357e+01
5.529182380996644497e-04 3.737727238330990076e-04 2.373846756225058361e-09 2.770980957031250000e+03 2.770885986328125000e+03 2.060354492187500000e+03 2.048598876953125000e+03 nan 2.770966552734375000e+03 1.058208452255053231e+02
6.105307838879525661e-04 4.127188003621995449e-04 2.365625794166928840e-09 3.376699707031250000e+03 3.376561035156250000e+03 2.351550048828125000e+03 2.335042480468750000e+03 nan 3.376678710937500000e+03 1.163167859419711050e+02
6.741464603692293167e-04 4.557229985948652029e-04 2.357433293568910220e-09 4.114367675781250000e+03 4.114167968750000000e+03 2.644894775390625000e+03 2.622003417968750000e+03 nan 4.114337890625000000e+03 1.278253512710264204e+02
7.443906506523489952e-04 5.032080807723104954e-04 2.349269171114912410e-09 5.012521484375000000e+03 5.012234863281250000e+03 2.922203613281250000e+03 2.890940185546875000e+03 nan 5.012477539062500000e+03 1.404354391430731539e+02
8.219541050493717194e-04 5.556409596465528011e-04 2.341133324843220307e-09 6.105780761718750000e+03 6.105373046875000000e+03 3.159353515625000000e+03 3.117439697265625000e+03 nan 6.105719238281250000e+03 1.542410723006798037e+02
9.075994603335857391e-04 6.135372095741331577e-04 2.333025652639057309e-09 7.436113281250000000e+03 7.435539062500000000e+03 3.327691162109375000e+03 3.272739013671875000e+03 nan 7.436026855468750000e+03 1.693413565628095512e+02
1.002168864943087101e-03 6.774661596864461899e-04 2.324946049885245546e-09 9.054341796875000000e+03 9.053539062500000000e+03 3.398094970703125000e+03 3.327941162109375000e+03 nan 9.054220703125000000e+03 1.858395508191335921e+02
1.106592128053307533e-03 7.480562780983746052e-04 2.316894434325377400e-09 1.102195312500000000e+04 1.102084472656250000e+04 3.348741699218750000e+03 3.261931396484375000e+03 nan 1.102178417968750000e+04 2.038425078951244700e+02
1.221895916387438774e-03 8.260016329586505890e-04 2.308870708568745277e-09 1.341325390625000000e+04 1.341174023437500000e+04 3.176823730468750000e+03 3.073113525390625000e+03 nan 1.341302539062500000e+04 2.234598049024819773e+02
1.349214115180075169e-03 9.120687609538435936e-04 2.300874762407135126e-09 1.631795410156250000e+04 1.631591406250000000e+04 2.912137207031250000e+03 2.792704345703125000e+03 nan 1.631764550781250000e+04 2.448025183335394388e+02
1.489798538386821747e-03 1.007103826850652695e-03 2.292906509188567727e-09 1.984421289062500000e+04 1.984148828125000000e+04 2.626207031250000000e+03 2.493014892578125000e+03 nan 1.984379687500000000e+04 2.679819081789474922e+02
1.645031501539051533e-03 1.112041296437382698e-03 2.284965850418265676e-09 2.412226757812500000e+04 2.411866406250000000e+04 2.425289550781250000e+03 2.279043457031250000e+03 nan 2.412171875000000000e+04 2.931078586591183921e+02
1.816439209505915642e-03 1.227912958711385727e-03 2.277052691606405739e-09 2.930872656250000000e+04 2.930397070312500000e+04 2.413656250000000000e+03 2.250468261718750000e+03 nan 2.930800195312500000e+04 3.202863271691613249e+02
2.005707239732146263e-03 1.355858054012060165e-03 2.269166941709029953e-09 3.559158203125000000e+04 3.558527734375000000e+04 2.624627685546875000e+03 2.433385498046875000e+03 nan 3.559062109375000000e+04 3.496170444577293779e+02
2.214696491137146950e-03 1.497134799137711525e-03 2.261308494449764354e-09 4.319608203125000000e+04 4.318761328125000000e+04 2.951135742187500000e+03 2.716061523437500000e+03 nan 4.319479296875000000e+04 3.811887363506210136e+02
2.445461694151163101e-03 1.653132145293056965e-03 2.253477264686429142e-09 5.239147656250000000e+04 5.237985937500000000e+04 3.156208740234375000e+03 2.868652587890625000e+03 nan 5.238970703125000000e+04 4.150744491681687123e+02
2.700272016227245331e-03 1.825383864343166351e-03 2.245673160886940457e-09 6.349877343750000000e+04 6.348253515625000000e+04 3.045134033203125000e+03 2.719128417968750000e+03 nan 6.349630078125000000e+04 4.513244062888345525e+02
2.981632947921752930e-03 2.015583915635943413e-03 2.237896076485985185e-09 7.689969531250000000e+04 7.687675000000000000e+04 2.729051025390625000e+03 2.397901855468750000e+03 nan 7.689619531250000000e+04 4.899600365295469260e+02
3.292310982942581177e-03 2.225602278485894203e-03 2.230145925871712440e-09 9.304676562500000000e+04 9.301419531250000000e+04 2.629112792968750000e+03 2.304277343750000000e+03 nan 9.304178906250000000e+04 5.309667554437598938e+02
3.635360859334468842e-03 2.457503927871584892e-03 2.222422616889744185e-09 1.124748671875000000e+05 1.124286796875000000e+05 2.921885986328125000e+03 2.473971191406250000e+03 nan 1.124678125000000000e+05 5.742872379144694150e+02
4.014155361801385880e-03 2.713568974286317825e-03 2.214726058195065524e-09 1.358139687500000000e+05 1.357482812500000000e+05 3.068406494140625000e+03 2.450395019531250000e+03 nan 1.358039531250000000e+05 6.198128207768875200e+02
4.432419314980506897e-03 2.996315481141209602e-03 2.207056148657132701e-09 1.638029687500000000e+05 1.637088593750000000e+05 2.700766601562500000e+03 2.424165527343750000e+03 nan 1.637886250000000000e+05 6.673727932986923861e+02
4.894265439361333847e-03 3.308523446321487427e-03 2.199412800139309644e-09 1.973043437500000000e+05 1.971687031250000000e+05 2.616860351562500000e+03 2.395045654296875000e+03 nan 1.972836406250000000e+05 7.167234308713520932e+02
5.404234398156404495e-03 3.653262509033083916e-03 2.191795924301313793e-09 2.373198593750000000e+05 2.371240000000000000e+05 2.877744873046875000e+03 2.362851562500000000e+03 nan 2.372899687500000000e+05 7.675379301161569856e+02
5.967340432107448578e-03 4.033922217786312103e-03 2.184205430909534259e-09 2.850060000000000000e+05 2.847230000000000000e+05 2.503076904296875000e+03 2.327441894531250000e+03 nan 2.849627812500000000e+05 8.193946327618672285e+02
6.589121185243129730e-03 4.454245790839195251e-03 2.176641221197925960e-09 3.416885312500000000e+05 3.412787500000000000e+05 2.698290283203125000e+03 2.288585693359375000e+03 nan 3.416260000000000000e+05 8.717648835687530209e+02
7.275689393281936646e-03 4.918366204947233200e-03 2.169103203027300791e-09 4.088749687500000000e+05 4.082808437500000000e+05 2.633118652343750000e+03 2.246120361328125000e+03 nan 4.087842187500000000e+05 9.240019052499862937e+02
8.033796213567256927e-03 5.430846009403467178e-03 2.161591299930936394e-09 4.882616562500000000e+05 4.874007812500000000e+05 2.395081054687500000e+03 2.199859863281250000e+03 nan 4.881301875000000000e+05 9.753278374240936728e+02
8.870895951986312866e-03 5.996725521981716156e-03 2.154105401952956366e-09 5.817351875000000000e+05 5.804878750000000000e+05 2.485813232421875000e+03 2.149606445312500000e+03 nan 5.815446875000000000e+05 1.024823941412172189e+03
9.795218706130981445e-03 6.621567998081445694e-03 2.146645430474833453e-09 6.913616250000000000e+05 6.895567500000000000e+05 2.548367919921875000e+03 2.095182128906250000e+03 nan 6.910859375000000000e+05 1.071426831389923791e+03
1.081585418432950974e-02 7.311517372727394104e-03 2.139211293795359687e-09 8.193589375000000000e+05 8.167520625000000000e+05 2.091368164062500000e+03 2.036412719726562500e+03 nan 8.189607500000000000e+05 1.113919266161521364e+03
1.194283645600080490e-02 8.073357865214347839e-03 2.131802900090153706e-09 9.680478750000000000e+05 9.642930000000000000e+05 2.095802001953125000e+03 1.973112915039062500e+03 nan 9.674743125000000000e+05 1.150939069203674990e+03
1.318724639713764191e-02 8.914578706026077271e-03 2.124420174276236449e-09 1.139773625000000000e+06 1.134384000000000000e+06 2.107734130859375000e+03 1.905132812500000000e+03 nan 1.138950250000000000e+06 1.180998588348138583e+03
1.456132158637046814e-02 9.843453764915466309e-03 2.117063005254935590e-09 1.336789375000000000e+06 1.329089375000000000e+06 1.959581909179687500e+03 1.832346069335937500e+03 nan 1.335613125000000000e+06 1.202517464435586362e+03
1.607857085764408112e-02 1.086911372840404510e-02 2.109731324472420402e-09 1.561099625000000000e+06 1.550162125000000000e+06 1.963372558593750000e+03 1.754675170898437500e+03 nan 1.559428750000000000e+06 1.213892403700254135e+03
1.775391399860382080e-02 1.200164575129747391e-02 2.102425026951150955e-09 1.814267000000000000e+06 1.798843625000000000e+06 1.929568237304687500e+03 1.672132446289062500e+03 nan 1.811911000000000000e+06 1.213597743045353809e+03
1.960382424294948578e-02 1.325218472629785538e-02 2.095144031049849183e-09 2.097194000000000000e+06 2.075639375000000000e+06 1.719480224609375000e+03 1.584860351562500000e+03 nan 2.093901125000000000e+06 1.200336104854586210e+03
2.164648845791816711e-02 1.463302597403526306e-02 2.087888252770266929e-09 2.409927250000000000e+06 2.380139000000000000e+06 1.700234741210937500e+03 1.493196777343750000e+03 nan 2.405376500000000000e+06 1.173240174048231665e+03
2.390199340879917145e-02 1.615774817764759064e-02 2.080657597354892904e-09 2.751566250000000000e+06 2.710961500000000000e+06 1.503326049804687500e+03 1.397755737304687500e+03 nan 2.745363250000000000e+06 1.132119506903408364e+03
2.639251388609409332e-02 1.784133911132812500e-02 2.073451995948668221e-09 3.120401500000000000e+06 3.065985750000000000e+06 1.510304565429687500e+03 1.299509887695312500e+03 nan 3.112088250000000000e+06 1.077722200982331060e+03
2.914254181087017059e-02 1.970035769045352936e-02 2.066271340052806293e-09 3.514498000000000000e+06 3.443089500000000000e+06 1.355307495117187500e+03 1.199875976562500000e+03 nan 3.503588500000000000e+06 1.011965772346056269e+03
3.217911347746849060e-02 2.175308018922805786e-02 2.059115554147728899e-09 3.932906250000000000e+06 3.841604000000000000e+06 1.374597045898437500e+03 1.100752563476562500e+03 nan 3.918958000000000000e+06 9.380368454492898991e+02
3.553209081292152405e-02 2.401969395577907562e-02 2.051984539888671147e-09 4.377674000000000000e+06 4.264634000000000000e+06 1.090874511718750000e+03 1.004486450195312500e+03 nan 4.360404500000000000e+06 8.602659411042886859e+02
3.923443704843521118e-02 2.652247995138168335e-02 2.044878229365854235e-09 4.856452500000000000e+06 4.721973500000000000e+06 1.016853210449218750e+03 9.136877441406250000e+02 nan 4.835907500000000000e+06 7.836777392882164577e+02
4.332255572080612183e-02 2.928604744374752045e-02 2.037796533657790378e-09 5.384873500000000000e+06 5.232581000000000000e+06 8.930505981445312500e+02 8.308531494140625000e+02 nan 5.361607000000000000e+06 7.131875208309998015e+02
4.765481501817703247e-02 3.221465647220611572e-02 2.031010053452367756e-09 5.960303500000000000e+06 5.798056000000000000e+06 8.267923583984375000e+02 7.601746215820312500e+02 nan 5.935516000000000000e+06 6.542783323638753927e+02
5.198707059025764465e-02 3.514325991272926331e-02 2.024834231214258902e-09 6.569396000000000000e+06 6.406823500000000000e+06 7.660557861328125000e+02 7.043281250000000000e+02 nan 6.544558500000000000e+06 6.103632466528064242e+02
5.631932616233825684e-02 3.807186335325241089e-02 2.019169610001785353e-09 7.206898000000000000e+06 7.051736500000000000e+06 7.164652099609375000e+02 6.587294921875000000e+02 nan 7.183193500000000000e+06 5.761444849949153877e+02
6.065158173441886902e-02 4.100047051906585693e-02 2.013939112582009273e-09 7.864500500000000000e+06 7.720580500000000000e+06 6.745021972656250000e+02 6.201445922851562500e+02 nan 7.842513500000000000e+06 5.478937426958551669e+02
6.498383730649948120e-02 4.392907395958900452e-02 2.009081821590703985e-09 8.520960000000000000e+06 8.387066000000000000e+06 6.368847656250000000e+02 5.855564575195312500e+02 nan 8.500504000000000000e+06 5.216662513222656798e+02
6.931609660387039185e-02 4.685768112540245056e-02 2.004548729015451583e-09 9.149793000000000000e+06 9.019643000000000000e+06 6.012180175781250000e+02 5.527631225585937500e+02 nan 9.129910000000000000e+06 4.945053510679500732e+02
7.364834845066070557e-02 4.978628456592559814e-02 2.000299865353250301e-09 9.725825000000000000e+06 9.589253000000000000e+06 5.661087646484375000e+02 5.204837646484375000e+02 nan 9.704960000000000000e+06 4.648288802576311127e+02
7.798060774803161621e-02 5.271489173173904419e-02 1.996302173696350216e-09 1.023326300000000000e+07 1.007836900000000000e+07 5.312005615234375000e+02 4.883902587890625000e+02 nan 1.020960000000000000e+07 4.326421040509678733e+02
8.231285959482192993e-02 5.564349144697189331e-02 1.992528044667567094e-09 1.066963000000000000e+07 1.048540600000000000e+07 4.969068908691406250e+02 4.568623046875000000e+02 nan 1.064148800000000000e+07 3.991483401593314966e+02
8.664511889219284058e-02 5.857209861278533936e-02 1.988954134422163219e-09 1.104509600000000000e+07 1.082394700000000000e+07 4.640247802734375000e+02 4.266322021484375000e+02 nan 1.101131100000000000e+07 3.660712895779892051e+02
9.097737073898315430e-02 6.150070205330848694e-02 1.985560585482697045e-09 1.137863300000000000e+07 1.111819200000000000e+07 4.333859863281250000e+02 3.984644470214843750e+02 nan 1.133884500000000000e+07 3.350404912639672830e+02
9.636187553405761719e-02 6.514062732458114624e-02 1.981568674123380254e-09 1.177445600000000000e+07 1.147082500000000000e+07 3.995515136718750000e+02 3.673579711914062500e+02 nan 1.172807100000000000e+07 3.013070532767543455e+02
1.017463728785514832e-01 6.878054887056350708e-02 1.977801256732118934e-09 1.220394600000000000e+07 1.187260300000000000e+07 3.713712768554687500e+02 3.414489135742187500e+02 nan 1.215332500000000000e+07 2.744482632930769910e+02
1.071308776736259460e-01 7.242047041654586792e-02 1.974234781265857972e-09 1.271297500000000000e+07 1.237488300000000000e+07 3.489854431152343750e+02 3.208661499023437500e+02 nan 1.266132300000000000e+07 2.546733132238549331e+02
1.125153750181198120e-01 7.606039196252822876e-02 1.970849203820953451e-09 1.331178200000000000e+07 1.298707600000000000e+07 3.314091491699218750e+02 3.047047119140625000e+02 nan 1.326217600000000000e+07 2.406159369686068885e+02
1.178998723626136780e-01 7.970031350851058960e-02 1.967627323526894450e-09 1.397334100000000000e+07 1.367523200000000000e+07 3.169927673339843750e+02 2.914482727050781250e+02 nan 1.392779900000000000e+07 2.300580809847116370e+02
1.232843771576881409e-01 8.334024250507354736e-02 1.964554264128985100e-09 1.465010700000000000e+07 1.438095400000000000e+07 3.040995178222656250e+02 2.795926208496093750e+02 nan 1.460898700000000000e+07 2.208287069894888646e+02
1.286688745021820068e-01 8.698015660047531128e-02 1.961617102724775952e-09 1.528924400000000000e+07 1.503998300000000000e+07 2.914601745605468750e+02 2.679709777832031250e+02 nan 1.525116400000000000e+07 2.112515401176450212e+02
1.340533792972564697e-01 9.062008559703826904e-02 1.958804483640675406e-09 1.584435000000000000e+07 1.559736900000000000e+07 2.782974853515625000e+02 2.558688964843750000e+02 nan 1.580661700000000000e+07 2.003275556652065461e+02
1.394378840923309326e-01 9.426000714302062988e-02 1.956106446915437174e-09 1.628968900000000000e+07 1.602419400000000000e+07 2.644162597656250000e+02 2.431068267822265625e+02 nan 1.624912900000000000e+07 1.878926985238699388e+02
1.448223739862442017e-01 9.789992123842239380e-02 1.953514161287429418e-09 1.662925800000000000e+07 1.632741900000000000e+07 2.501510772705078125e+02 2.299920959472656250e+02 nan 1.658314700000000000e+07 1.745378169048009909e+02
1.502068787813186646e-01 1.015398502349853516e-01 1.951019758654691563e-09 1.689321400000000000e+07 1.654528300000000000e+07 2.361320800781250000e+02 2.171038970947265625e+02 nan 1.684005800000000000e+07 1.612318382616204815e+02
1.555913835763931274e-01 1.051797717809677124e-01 1.948616241255242070e-09 1.712874200000000000e+07 1.673564600000000000e+07 2.230519104003906250e+02 2.050785217285156250e+02 nan 1.706868600000000000e+07 1.489548971285970254e+02
1.609758734703063965e-01 1.088196933269500732e-01 1.946297314463125787e-09 1.738976200000000000e+07 1.696255400000000000e+07 2.114983520507812500e+02 1.944564514160156250e+02 nan 1.732449400000000000e+07 1.384676225796141296e+02
1.663603782653808594e-01 1.124596148729324341e-01 1.944057316713681798e-09 1.772046000000000000e+07 1.727689000000000000e+07 2.017798614501953125e+02 1.855211334228515625e+02 nan 1.765269400000000000e+07 1.301198380786622124e+02
1.717448830604553223e-01 1.160995438694953918e-01 1.941891129256332855e-09 1.813810000000000000e+07 1.769743000000000000e+07 1.938125610351562500e+02 1.781954803466796875e+02 nan 1.807077600000000000e+07 1.237630805434315135e+02
1.771293878555297852e-01 1.197394654154777527e-01 1.939794125595426991e-09 1.862973800000000000e+07 1.820739800000000000e+07 1.871985778808593750e+02 1.721139221191406250e+02 nan 1.856521400000000000e+07 1.188861788068521577e+02
1.825138777494430542e-01 1.233793795108795166e-01 1.937762091126241291e-09 1.916252000000000000e+07 1.876612200000000000e+07 1.814189605712890625e+02 1.667994079589843750e+02 nan 1.910196200000000000e+07 1.148555910814892087e+02
1.878983825445175171e-01 1.270193010568618774e-01 1.935791175107242678e-09 1.969401600000000000e+07 1.932174800000000000e+07 1.759703521728515625e+02 1.617893829345703125e+02 nan 1.963714600000000000e+07 1.110688157727394412e+02
1.932828873395919800e-01 1.306592375040054321e-01 1.933877861004656685e-09 2.018023600000000000e+07 1.982193000000000000e+07 1.704407348632812500e+02 1.567051239013671875e+02 nan 2.012549800000000000e+07 1.070373802733346622e+02
1.986673772335052490e-01 1.342991441488265991e-01 1.932018951816384183e-09 2.058809600000000000e+07 2.022849800000000000e+07 1.645950927734375000e+02 1.513305358886718750e+02 nan 2.053316000000000000e+07 1.024939665153608672e+02
2.040518820285797119e-01 1.379390656948089600e-01 1.930211465507478933e-09 2.090761200000000000e+07 2.053085400000000000e+07 1.584294281005859375e+02 1.456619415283203125e+02 nan 2.085005600000000000e+07 9.745994537761150411e+01
2.094363868236541748e-01 1.415790021419525146e-01 1.928452677645768952e-09 2.115274600000000000e+07 2.074666600000000000e+07 1.521208801269531250e+02 1.398620910644531250e+02 nan 2.109070800000000000e+07 9.217648161478942370e+01
2.148208767175674438e-01 1.452189087867736816e-01 1.926740094380007882e-09 2.135295400000000000e+07 2.091212000000000000e+07 1.459236907958984375e+02 1.341646423339843750e+02 nan 2.128560600000000000e+07 8.696486101248544287e+01
2.202053815126419067e-01 1.488588303327560425e-01 1.925071368159055733e-09 2.154485600000000000e+07 2.107152600000000000e+07 1.400917053222656250e+02 1.288029327392578125e+02 nan 2.147254600000000000e+07 8.212671948571575342e+01
2.255898863077163696e-01 1.524987667798995972e-01 1.923444343781293656e-09 2.176423800000000000e+07 2.126725600000000000e+07 1.348238220214843750e+02 1.239596862792968750e+02 nan 2.168831200000000000e+07 7.788282773581846641e+01
2.309743911027908325e-01 1.561386883258819580e-01 1.921857033120720865e-09 2.203585800000000000e+07 2.152786800000000000e+07 1.302115936279296875e+02 1.197191467285156250e+02 nan 2.195825200000000000e+07 7.432306435958808777e+01
2.363588809967041016e-01 1.597786098718643188e-01 1.920307567935778733e-09 2.236645400000000000e+07 2.186030800000000000e+07 1.262211532592773438e+02 1.160501403808593750e+02 nan 2.228912800000000000e+07 7.139755742801156657e+01
2.417433857917785645e-01 1.634185314178466797e-01 1.918794213956308179e-09 2.274601800000000000e+07 2.225143800000000000e+07 1.227269821166992188e+02 1.128373489379882812e+02 nan 2.267046200000000000e+07 6.896194472190484248e+01
2.471278905868530273e-01 1.670584529638290405e-01 1.917315352832477265e-09 2.315267400000000000e+07 2.267401600000000000e+07 1.195582427978515625e+02 1.099237442016601562e+02 nan 2.307955000000000000e+07 6.682896463617896643e+01
2.525123953819274902e-01 1.706983745098114014e-01 1.915869472055197894e-09 2.355672000000000000e+07 2.309233200000000000e+07 1.165308761596679688e+02 1.071401672363281250e+02 nan 2.348577400000000000e+07 6.480099156723083809e+01
2.578969001770019531e-01 1.743383109569549561e-01 1.914455150219987163e-09 2.392776400000000000e+07 2.347094200000000000e+07 1.134870376586914062e+02 1.043415069580078125e+02 nan 2.385797400000000000e+07 6.271120043070516914e+01
2.632813751697540283e-01 1.779782027006149292e-01 1.913071083197014340e-09 2.424607400000000000e+07 2.378726800000000000e+07 1.103441390991210938e+02 1.014518585205078125e+02 nan 2.417598200000000000e+07 6.047664776422693222e+01
2.686658799648284912e-01 1.816181391477584839e-01 1.911715991580206360e-09 2.450929600000000000e+07 2.403884000000000000e+07 1.071108856201171875e+02 9.847923278808593750e+01 nan 2.443742400000000000e+07 5.811411077300601846e+01
2.740503847599029541e-01 1.852580606937408447e-01 1.910388727493893778e-09 2.472841200000000000e+07 2.423904200000000000e+07 1.038531341552734375e+02 9.548412322998046875e+01 nan 2.465365000000000000e+07 5.570024478678085700e+01
2.794348895549774170e-01 1.888979822397232056e-01 1.909088184011114833e-09 2.492043200000000000e+07 2.440893600000000000e+07 1.006525802612304688e+02 9.254161071777343750e+01 nan 2.484229000000000000e+07 5.332482605596956660e+01
2.848193943500518799e-01 1.925379037857055664e-01 1.907813323590368924e-09 2.510543400000000000e+07 2.457309800000000000e+07 9.759105682373046875e+01 8.972689056396484375e+01 nan 2.502411000000000000e+07 5.107364912642024990e+01
2.902038991451263428e-01 1.961778402328491211e-01 1.906563162582237113e-09 2.530483600000000000e+07 2.475670600000000000e+07 9.474263763427734375e+01 8.710807037353515625e+01 nan 2.522109600000000000e+07 4.902103678468031234e+01
2.955884039402008057e-01 1.998177617788314819e-01 1.905336787226579552e-09 2.553504800000000000e+07 2.497832200000000000e+07 9.215109252929687500e+01 8.472536468505859375e+01 nan 2.544999400000000000e+07 4.720816087751785517e+01
3.009728789329528809e-01 2.034576684236526489e-01 1.904133323856378078e-09 2.580046600000000000e+07 2.524246600000000000e+07 8.980994415283203125e+01 8.257283782958984375e+01 nan 2.571521800000000000e+07 4.562516406187334184e+01
3.063573837280273438e-01 2.070975899696350098e-01 1.902951936232507350e-09 2.609337800000000000e+07 2.553971200000000000e+07 8.767084503173828125e+01 8.060604858398437500e+01 nan 2.600879200000000000e+07 4.422191055469638599e+01
3.117418885231018066e-01 2.107375115156173706e-01 1.901791846628511990e-09 2.640003400000000000e+07 2.585337400000000000e+07 8.567086029052734375e+01 7.876715850830078125e+01 nan 2.631652000000000000e+07 4.293590615994265391e+01
3.171263933181762695e-01 2.143774479627609253e-01 1.900652308391623192e-09 2.670553400000000000e+07 2.616526800000000000e+07 8.375101470947265625e+01 7.700196838378906250e+01 nan 2.662299600000000000e+07 4.171018037911314025e+01
3.225108981132507324e-01 2.180173695087432861e-01 1.899532626729035332e-09 2.699538600000000000e+07 2.645813600000000000e+07 8.186120605468750000e+01 7.526439666748046875e+01 nan 2.691331000000000000e+07 4.049736467172306220e+01
3.278954029083251953e-01 2.216572910547256470e-01 1.898432128189829179e-09 2.725792600000000000e+07 2.671869600000000000e+07 7.996646118164062500e+01 7.352233886718750000e+01 nan 2.717554600000000000e+07 3.926529203120216494e+01
3.332799077033996582e-01 2.252972126007080078e-01 1.897350177081271127e-09 2.748869000000000000e+07 2.694230400000000000e+07 7.805745697021484375e+01 7.176718902587890625e+01 nan 2.740521800000000000e+07 3.800688923130019958e+01
3.386643826961517334e-01 2.289371192455291748e-01 1.896286172945125672e-09 2.769243000000000000e+07 2.713486000000000000e+07 7.615207672119140625e+01 7.001538085937500000e+01 nan 2.760725000000000000e+07 3.674105288120409796e+01
3.440488874912261963e-01 2.325770407915115356e-01 1.895239531240720810e-09 2.787997200000000000e+07 2.730922600000000000e+07 7.428260803222656250e+01 6.829660797119140625e+01 nan 2.779278000000000000e+07 3.549951977354114518e+01
3.494333922863006592e-01 2.362169772386550903e-01 1.894209703480833635e-09 2.806300800000000000e+07 2.747942200000000000e+07 7.247980499267578125e+01 6.663912200927734375e+01 nan 2.797385200000000000e+07 3.431131834899066035e+01
3.548178970813751221e-01 2.398568987846374512e-01 1.893196174858241155e-09 2.825134000000000000e+07 2.765724000000000000e+07 7.076568603515625000e+01 6.506316375732421875e+01 nan 2.816057800000000000e+07 3.319642509436069133e+01
3.602024018764495850e-01 2.434968203306198120e-01 1.892198441798694543e-09 2.845232000000000000e+07 2.785125200000000000e+07 6.915322113037109375e+01 6.358063507080078125e+01 nan 2.836049400000000000e+07 3.216595641152024143e+01
3.655869066715240479e-01 2.471367418766021729e-01 1.891216027459402332e-09 2.866968200000000000e+07 2.806539200000000000e+07 6.764460754394531250e+01 6.219358825683593750e+01 nan 2.857736600000000000e+07 3.122117065614321518e+01
3.709714114665985107e-01 2.507766783237457275e-01 1.890248472221847833e-09 2.890177000000000000e+07 2.829730000000000000e+07 6.622883605957031250e+01 6.089188003540039062e+01 nan 2.880942200000000000e+07 3.035152563292447780e+01
3.763558864593505859e-01 2.544165849685668945e-01 1.889295352117686434e-09 2.914200600000000000e+07 2.853901800000000000e+07 6.488462829589843750e+01 5.965597534179687500e+01 nan 2.904988600000000000e+07 2.953770474397989076e+01
3.817403912544250488e-01 2.580564916133880615e-01 1.888356242191734645e-09 2.938208000000000000e+07 2.878062600000000000e+07 6.358903121948242188e+01 5.846475219726562500e+01 nan 2.929019400000000000e+07 2.875933365300360478e+01
3.871248960494995117e-01 2.616964280605316162e-01 1.887430735669950155e-09 2.961483200000000000e+07 2.901355400000000000e+07 6.232395172119140625e+01 5.730161285400390625e+01 nan 2.952297200000000000e+07 2.800079459612888400e+01
3.925094008445739746e-01 2.653363645076751709e-01 1.886518457772270655e-09 2.983505000000000000e+07 2.923167600000000000e+07 6.107736587524414062e+01 5.615547180175781250e+01 nan 2.974286800000000000e+07 2.725200220650372529e+01
3.978939056396484375e-01 2.689762711524963379e-01 1.885619049100158659e-09 3.003975400000000000e+07 2.943177800000000000e+07 5.984312057495117188e+01 5.502069091796875000e+01 nan 2.994687000000000000e+07 2.650812491224436229e+01
4.032784104347229004e-01 2.726162075996398926e-01 1.884732143174389957e-09 3.022952800000000000e+07 2.961486600000000000e+07 5.862285232543945312e+01 5.389876937866210938e+01 nan 3.013562400000000000e+07 2.577102022423942884e+01
4.086629152297973633e-01 2.762561440467834473e-01 1.883857409814700777e-09 3.040892400000000000e+07 2.978636800000000000e+07 5.742565917968750000e+01 5.279806518554687500e+01 nan 3.031381600000000000e+07 2.504888689930994516e+01
4.140473902225494385e-01 2.798960208892822266e-01 1.882994538868699288e-09 3.058412600000000000e+07 2.995356000000000000e+07 5.626272964477539062e+01 5.172885513305664062e+01 nan 3.048779400000000000e+07 2.435147512573138684e+01
4.194318950176239014e-01 2.835359573364257812e-01 1.882143190604211824e-09 3.076007400000000000e+07 3.012236200000000000e+07 5.514180374145507812e+01 5.069826889038085938e+01 nan 3.066264800000000000e+07 2.368520890144109714e+01
4.248163998126983643e-01 2.871758937835693359e-01 1.881303079826970542e-09 3.093986000000000000e+07 3.029654200000000000e+07 5.406646728515625000e+01 4.970959091186523438e+01 nan 3.084157800000000000e+07 2.305290852461529028e+01
4.302009046077728271e-01 2.908158004283905029e-01 1.880473925305205483e-09 3.112564800000000000e+07 3.047848200000000000e+07 5.303811264038085938e+01 4.876411056518554688e+01 nan 3.102678000000000000e+07 2.245558550293044675e+01
4.355854094028472900e-01 2.944557368755340576e-01 1.879655436356054805e-09 3.131812800000000000e+07 3.066865200000000000e+07 5.205536270141601562e+01 4.786054611206054688e+01 nan 3.121890600000000000e+07 2.189192868430989591e+01
4.409699141979217529e-01 2.980956733226776123e-01 1.878847353036435648e-09 3.151513600000000000e+07 3.086434400000000000e+07 5.111213684082031250e+01 4.699331665039062500e+01 nan 3.141571200000000000e+07 2.135684035352089793e+01
4.463544189929962158e-01 3.017355799674987793e-01 1.878049424887222573e-09 3.171241000000000000e+07 3.106057400000000000e+07 5.019948959350585938e+01 4.615420913696289062e+01 nan 3.161283000000000000e+07 2.084299763815375783e+01
4.517388939857482910e-01 3.053754866123199463e-01 1.877261397654174740e-09 3.190618000000000000e+07 3.125289800000000000e+07 4.931003189086914062e+01 4.533641815185546875e+01 nan 3.180637400000000000e+07 2.034445722932699496e+01
4.571233987808227539e-01 3.090154230594635010e-01 1.876483026309890802e-09 3.209439400000000000e+07 3.143878600000000000e+07 4.843966293334960938e+01 4.453619003295898438e+01 nan 3.199423400000000000e+07 1.985805741633117449e+01
4.625079035758972168e-01 3.126553297042846680e-01 1.875714093387305177e-09 3.227590000000000000e+07 3.161687600000000000e+07 4.758603668212890625e+01 4.375135421752929688e+01 nan 3.217522200000000000e+07 1.938206802237322890e+01
4.678924083709716797e-01 3.162952661514282227e-01 1.874954364165268396e-09 3.245001600000000000e+07 3.178657800000000000e+07 4.674772262573242188e+01 4.298059082031250000e+01 nan 3.234865800000000000e+07 1.891545079694279607e+01
4.732769131660461426e-01 3.199352025985717773e-01 1.874203630559428286e-09 3.261745200000000000e+07 3.194893400000000000e+07 4.592543411254882812e+01 4.222456741333007812e+01 nan 3.251532200000000000e+07 1.845886380880689970e+01
4.786614179611206055e-01 3.235751092433929443e-01 1.873461691551420399e-09 3.278085000000000000e+07 3.210703800000000000e+07 4.512247467041015625e+01 4.148632431030273438e+01 nan 3.267791400000000000e+07 1.801499604364762774e+01
4.840458929538726807e-01 3.272150158882141113e-01 1.872728340933758753e-09 3.294338600000000000e+07 3.226451600000000000e+07 4.434256744384765625e+01 4.076926803588867188e+01 nan 3.283967200000000000e+07 1.758676012994268945e+01
4.894303977489471436e-01 3.308549523353576660e-01 1.872003379495005729e-09 3.310693000000000000e+07 3.242358200000000000e+07 4.358734130859375000e+01 4.007490158081054688e+01 nan 3.300254000000000000e+07 1.717535514908880856e+01
4.948149025440216064e-01 3.344948589801788330e-01 1.871286632213937058e-09 3.327193000000000000e+07 3.258484800000000000e+07 4.285634231567382812e+01 3.940280914306640625e+01 nan 3.316696200000000000e+07 1.678039514126674803e+01
5.001994371414184570e-01 3.381348252296447754e-01 1.870577900826693527e-09 3.343845600000000000e+07 3.274836400000000000e+07 4.214863586425781250e+01 3.875212860107421875e+01 nan 3.333303000000000000e+07 1.640109170100237890e+01
5.055838823318481445e-01 3.417747020721435547e-01 1.869877039368293133e-09 3.360649200000000000e+07 3.291393600000000000e+07 4.146316909790039062e+01 3.812189865112304688e+01 nan 3.350068800000000000e+07 1.603665931361909358e+01
5.109683871269226074e-01 3.454146385192871094e-01 1.869183849789121820e-09 3.377526000000000000e+07 3.308049200000000000e+07 4.079802703857421875e+01 3.751034927368164062e+01 nan 3.366912000000000000e+07 1.568560899912447582e+01
5.163528919219970703e-01 3.490545451641082764e-01 1.868498185335105332e-09 3.394282400000000000e+07 3.324580800000000000e+07 4.015002441406250000e+01 3.691456985473632812e+01 nan 3.383634000000000000e+07 1.534556733638886961e+01
5.217373967170715332e-01 3.526944816112518311e-01 1.867819876059786520e-09 3.410730000000000000e+07 3.340776000000000000e+07 3.951630020141601562e+01 3.633191299438476562e+01 nan 3.400042800000000000e+07 1.501439739035285470e+01
5.271219015121459961e-01 3.563344180583953857e-01 1.867148773833358248e-09 3.426803600000000000e+07 3.356556000000000000e+07 3.889561843872070312e+01 3.576124954223632812e+01 nan 3.416071600000000000e+07 1.469123378490008136e+01
5.325064063072204590e-01 3.599743247032165527e-01 1.866484735032350672e-09 3.442537600000000000e+07 3.371954400000000000e+07 3.828797149658203125e+01 3.520256805419921875e+01 nan 3.431754400000000000e+07 1.437611362225047706e+01
5.378909111022949219e-01 3.636142611503601074e-01 1.865827604301946768e-09 3.457963200000000000e+07 3.387011600000000000e+07 3.769330596923828125e+01 3.465581893920898438e+01 nan 3.447123600000000000e+07 1.406901512684706823e+01
5.432754158973693848e-01 3.672541677951812744e-01 1.865177252290424566e-09 3.473094800000000000e+07 3.401758800000000000e+07 3.711139678955078125e+01 3.412080383300781250e+01 nan 3.462196800000000000e+07 1.376979482879790062e+01
5.486599206924438477e-01 3.708941042423248291e-01 1.864533532427482462e-09 3.488018400000000000e+07 3.416300400000000000e+07 3.654277420043945312e+01 3.359800720214843750e+01 nan 3.477062000000000000e+07 1.347882941549301705e+01
5.540444254875183105e-01 3.745340406894683838e-01 1.863896318172137942e-09 3.502881600000000000e+07 3.430800400000000000e+07 3.598854446411132812e+01 3.308843994140625000e+01 nan 3.491869600000000000e+07 1.319693368612205475e+01
5.594289302825927734e-01 3.781739473342895508e-01 1.863265486641235488e-09 3.517778800000000000e+07 3.445363200000000000e+07 3.544917297363281250e+01 3.259253692626953125e+01 nan 3.506715600000000000e+07 1.292442434182288657e+01
5.648134350776672363e-01 3.818138837814331055e-01 1.862640903204479876e-09 3.532691200000000000e+07 3.459972000000000000e+07 3.492393112182617188e+01 3.210961914062500000e+01 nan 3.521581600000000000e+07 1.266075101981867235e+01
5.701979398727416992e-01 3.854538202285766602e-01 1.862022452330667509e-09 3.547564800000000000e+07 3.474569200000000000e+07 3.441178131103515625e+01 3.163874435424804688e+01 nan 3.536413200000000000e+07 1.240516818037386138e+01
5.755824446678161621e-01 3.890937268733978271e-01 1.861410021730888845e-09 3.562394400000000000e+07 3.489140000000000000e+07 3.391220855712890625e+01 3.117941856384277344e+01 nan 3.551203200000000000e+07 1.215730912366639416e+01
5.809668898582458496e-01 3.927336037158966064e-01 1.860803497296447543e-09 3.577178000000000000e+07 3.503670000000000000e+07 3.342472457885742188e+01 3.073122215270996094e+01 nan 3.565948000000000000e+07 1.191685485071343820e+01
5.863513946533203125e-01 3.963735401630401611e-01 1.860202753428811389e-09 3.591846800000000000e+07 3.518080400000000000e+07 3.294828414916992188e+01 3.029318046569824219e+01 nan 3.580577600000000000e+07 1.168304853516165309e+01
5.917358994483947754e-01 4.000134766101837158e-01 1.859607692406273365e-09 3.606304000000000000e+07 3.532266800000000000e+07 3.248164367675781250e+01 2.986413574218750000e+01 nan 3.594993600000000000e+07 1.145503341458656266e+01
5.971204042434692383e-01 4.036533832550048828e-01 1.859018214291441706e-09 3.620527200000000000e+07 3.546202400000000000e+07 3.202429199218750000e+01 2.944364166259765625e+01 nan 3.609172400000000000e+07 1.123248189820676224e+01
6.025049090385437012e-01 4.072933197021484375e-01 1.858434207544148841e-09 3.634570800000000000e+07 3.559946400000000000e+07 3.157644844055175781e+01 2.903188514709472656e+01 nan 3.623170400000000000e+07 1.101554004039388168e+01
6.078894138336181641e-01 4.109332561492919922e-01 1.857855577876460681e-09 3.648471200000000000e+07 3.573538400000000000e+07 3.113814163208007812e+01 2.862889671325683594e+01 nan 3.637024000000000000e+07 1.080423877093069862e+01
6.132739186286926270e-01 4.145731627941131592e-01 1.857282233477322155e-09 3.662217600000000000e+07 3.586974800000000000e+07 3.070899009704589844e+01 2.823433113098144531e+01 nan 3.650722800000000000e+07 1.059831733774520757e+01
6.186584234237670898e-01 4.182130992412567139e-01 1.856714071034082293e-09 3.675822800000000000e+07 3.600274000000000000e+07 3.028883171081542969e+01 2.784803009033203125e+01 nan 3.664281200000000000e+07 1.039765620839540894e+01
6.240429282188415527e-01 4.218530058860778809e-01 1.856151008397507339e-09 3.689353600000000000e+07 3.613510000000000000e+07 2.987795066833496094e+01 2.747026252746582031e+01 nan 3.677766400000000000e+07 1.020245309690355207e+01
6.294274330139160156e-01 4.254929423332214355e-01 1.855592947277603754e-09 3.702867200000000000e+07 3.626741200000000000e+07 2.947652053833007812e+01 2.710118103027343750e+01 nan 3.691237200000000000e+07 1.001281214574085965e+01
6.556535363197326660e-01 4.432217776775360107e-01 1.852943630635520644e-09 3.767674800000000000e+07 3.690288800000000000e+07 2.764110183715820312e+01 2.541366577148437500e+01 nan 3.755851600000000000e+07 9.158406807175042630e+00
8.039034605026245117e-01 5.434387326240539551e-01 1.839770603253567837e-09 4.093866400000000000e+07 4.009798400000000000e+07 1.997822952270507812e+01 1.836830139160156250e+01 nan 4.081022400000000000e+07 5.824429488867504112e+00
9.932619333267211914e-01 6.714450716972351074e-01 1.826201010048688587e-09 4.438488800000000000e+07 4.347370400000000000e+07 1.418858814239501953e+01 1.304521274566650391e+01 nan 4.424568400000000000e+07 3.602978121372793829e+00
1.227223634719848633e+00 8.296031951904296875e-01 1.812731498599941669e-09 4.788548000000000000e+07 4.690265600000000000e+07 1.002740383148193359e+01 9.219352722167968750e+00 nan 4.773533200000000000e+07 2.207009154173319221e+00
1.516294717788696289e+00 1.025015234947204590e+00 1.799361337301671755e-09 5.143329600000000000e+07 5.037784800000000000e+07 7.055203437805175781e+00 6.486664295196533203e+00 nan 5.127205600000000000e+07 1.339955625844535092e+00
1.873456120491027832e+00 1.266456365585327148e+00 1.786089789356977996e-09 5.502119200000000000e+07 5.389227200000000000e+07 4.943967342376708984e+00 4.545560836791992188e+00 nan 5.484872800000000000e+07 8.069874373127992051e-01
2.314746379852294922e+00 1.564768552780151367e+00 1.772916133006574509e-09 5.864371200000000000e+07 5.744057600000000000e+07 3.451814889907836914e+00 3.173651933670043945e+00 nan 5.845990400000000000e+07 4.824529557469117158e-01
2.859982252120971680e+00 1.933347940444946289e+00 1.759839636962373426e-09 6.229597200000000000e+07 6.101795600000000000e+07 2.401963710784912109e+00 2.208401918411254883e+00 nan 6.210072800000000000e+07 2.865083167089574334e-01
3.533647537231445312e+00 2.388745784759521484e+00 1.746859588797865175e-09 6.597361600000000000e+07 6.462010800000000000e+07 1.666314959526062012e+00 1.532034754753112793e+00 nan 6.576683600000000000e+07 1.691075470120308455e-01
4.365993976593017578e+00 2.951411962509155273e+00 1.733975279535418463e-09 6.967288800000000000e+07 6.824332800000000000e+07 1.152739167213439941e+00 1.059844732284545898e+00 nan 6.945449600000000000e+07 9.925565645366170309e-02
5.394398689270019531e+00 3.646613597869873047e+00 1.721185999058096773e-09 7.339081600000000000e+07 7.188460800000000000e+07 7.954068183898925781e-01 7.313076257705688477e-01 nan 7.316070400000000000e+07 5.795838157750056452e-02
6.665042877197265625e+00 4.505568981170654297e+00 1.708491050912268841e-09 7.712416800000000000e+07 7.554065600000000000e+07 5.475431680679321289e-01 5.034178495407104492e-01 nan 7.688224800000000000e+07 3.368363268895017276e-02
8.234986305236816406e+00 5.566850662231445312e+00 1.695889732548296616e-09 8.087092800000000000e+07 7.920932000000000000e+07 3.760976791381835938e-01 3.457880616188049316e-01 nan 8.061708000000000000e+07 1.949072237394341295e-02
1.017472743988037109e+01 6.878115653991699219e+00 1.683381361073609185e-09 8.462860800000000000e+07 8.288785600000000000e+07 2.578136026859283447e-01 2.370357066392898560e-01 nan 8.436267200000000000e+07 1.123266235543241703e-02
1.257137203216552734e+01 8.498247146606445312e+00 1.670965250288532184e-09 8.839512800000000000e+07 8.657374400000000000e+07 1.763995140790939331e-01 1.621821969747543335e-01 nan 8.811686400000000000e+07 6.449264772217380877e-03
1.553254413604736328e+01 1.050000000000000000e+01 1.658640709094829109e-09 9.216857600000000000e+07 9.026433600000000000e+07 1.204848363995552063e-01 1.107732728123664856e-01 nan 9.187765600000000000e+07 3.689982970679431869e-03
