# k/h [h/Mpc]            k [1/Mpc]              Primoridal             T_cdm(k)                 T_bar(k)                 T_phot(k)                T_massless neutrions(k)  T_massive neutrinos(k)   T_total(k)               Linear Pk [(Mpc/h)^3]  
1.049045658874092624e-05 7.091548468451946974e-06 2.727206404909961128e-09 1.000000000000000000e+00 1.000000000000000000e+00 1.000000000000000000e+00 1.000000000000000000e+00 nan 1.000000000000000000e+00 4.302797621032897979e+00
1.158353370556142181e-05 7.830468348402064294e-06 2.717761705682844603e-09 9.999997615814208984e-01 9.999997615814208984e-01 9.999680519104003906e-01 9.999672770500183105e-01 nan 9.999997615814208984e-01 4.734680876635759539e+00
1.279050593439023942e-05 8.646382411825470626e-06 2.708349706436794825e-09 9.999994039535522461e-01 9.999994039535522461e-01 9.999291300773620605e-01 9.999273419380187988e-01 nan 9.999994039535522461e-01 5.209913185322421647e+00
1.412324218108551577e-05 9.547311492497101426e-06 2.698970312856197758e-09 9.999991655349731445e-01 9.999989867210388184e-01 9.998816251754760742e-01 9.998787641525268555e-01 nan 9.999991655349731445e-01 5.732846135034080248e+00
1.559484553581569344e-05 1.054211588780162856e-05 2.689623392481895528e-09 9.999986886978149414e-01 9.999986886978149414e-01 9.998238086700439453e-01 9.998195171356201172e-01 nan 9.999986886978149414e-01 6.308264928101373847e+00
1.721978514979127795e-05 1.164057448477251455e-05 2.680308856040028027e-09 9.999981522560119629e-01 9.999981522560119629e-01 9.997531771659851074e-01 9.997471570968627930e-01 nan 9.999981522560119629e-01 6.941438703455810710e+00
1.901403993542771786e-05 1.285349117097212002e-05 2.671026563908324178e-09 9.999976754188537598e-01 9.999974966049194336e-01 9.996672272682189941e-01 9.996590614318847656e-01 nan 9.999976754188537598e-01 7.638165835840670326e+00
2.099525045196060091e-05 1.419278942194068804e-05 2.661776424936157355e-09 9.999968409538269043e-01 9.999967813491821289e-01 9.995623230934143066e-01 9.995516538619995117e-01 nan 9.999968409538269043e-01 8.404819852700995853e+00
2.318289807590190321e-05 1.567163963045459241e-05 2.652558315858844083e-09 9.999960064888000488e-01 9.999959468841552734e-01 9.994344115257263184e-01 9.994207024574279785e-01 nan 9.999960064888000488e-01 9.248424236520968122e+00
2.559849235694855452e-05 1.730458097881637514e-05 2.643372135990062650e-09 9.999948740005493164e-01 9.999948143959045410e-01 9.992786049842834473e-01 9.992610216140747070e-01 nan 9.999948740005493164e-01 1.017669417838696333e+01
2.826578383974265307e-05 1.910767059598583728e-05 2.634217767634683471e-09 9.999935626983642578e-01 9.999933838844299316e-01 9.990886449813842773e-01 9.990664124488830566e-01 nan 9.999935626983642578e-01 1.119813214694412018e+01
3.121100235148333013e-05 2.109863817167934030e-05 2.625095097817206075e-09 9.999919533729553223e-01 9.999918341636657715e-01 9.988569617271423340e-01 9.988291859626770020e-01 nan 9.999919533729553223e-01 1.232208752471538560e+01
3.446310074650682509e-05 2.329705603187903762e-05 2.616004033478672110e-09 9.999899864196777344e-01 9.999897480010986328e-01 9.985746145248413086e-01 9.985400438308715820e-01 nan 9.999899864196777344e-01 1.355884021934809880e+01
3.805406231549568474e-05 2.572454650362487882e-05 2.606944439452153756e-09 9.999876022338867188e-01 9.999872446060180664e-01 9.982305169105529785e-01 9.981874823570251465e-01 nan 9.999876022338867188e-01 1.491971536026377443e+01
4.201919000479392707e-05 2.840497290890198201e-05 2.597916226597658093e-09 9.999846220016479492e-01 9.999842643737792969e-01 9.978110194206237793e-01 9.977579116821289062e-01 nan 9.999846220016479492e-01 1.641715732499501357e+01
4.639747567125596106e-05 3.136469240416772664e-05 2.588919279439887767e-09 9.999810457229614258e-01 9.999806284904479980e-01 9.972999095916748047e-01 9.972342848777770996e-01 nan 9.999809861183166504e-01 1.806487277173499351e+01
5.123196388012729585e-05 3.463280881987884641e-05 2.579953483847589841e-09 9.999766349792480469e-01 9.999762177467346191e-01 9.966769218444824219e-01 9.965963363647460938e-01 nan 9.999765753746032715e-01 1.987792882748667722e+01
5.657019573845900595e-05 3.824145096587017179e-05 2.571018745591721348e-09 9.999714493751525879e-01 9.999707937240600586e-01 9.959179759025573730e-01 9.958190321922302246e-01 nan 9.999712705612182617e-01 2.187291330092340402e+01
6.246465636650100350e-05 4.222610732540488243e-05 2.562114941593048984e-09 9.999648928642272949e-01 9.999641776084899902e-01 9.949932694435119629e-01 9.948719143867492676e-01 nan 9.999647140502929688e-01 2.406805414200202975e+01
6.897329876665025949e-05 4.662595165427774191e-05 2.553241977543412439e-09 9.999570250511169434e-01 9.999560713768005371e-01 9.938669800758361816e-01 9.937185049057006836e-01 nan 9.999568462371826172e-01 2.648342494799012314e+01
7.616012590005993843e-05 5.148424679646268487e-05 2.544399743325443185e-09 9.999472498893737793e-01 9.999462962150573730e-01 9.924954175949096680e-01 9.923136234283447266e-01 nan 9.999471902847290039e-01 2.914108274261322862e+01
8.409580186707898974e-05 5.684876305167563260e-05 2.535588130685252624e-09 9.999356269836425781e-01 9.999341964721679688e-01 9.908254742622375488e-01 9.906034469604492188e-01 nan 9.999353289604187012e-01 3.206531993282113291e+01
9.285835403716191649e-05 6.277224747464060783e-05 2.526807033334104165e-09 9.999212622642517090e-01 9.999196529388427734e-01 9.887930750846862793e-01 9.885219931602478027e-01 nan 9.999209642410278320e-01 3.528281083377472527e+01
1.025339443003758788e-04 6.931294774403795600e-05 2.518056339675267213e-09 9.999037981033325195e-01 9.999018311500549316e-01 9.863203763961791992e-01 9.859899282455444336e-01 nan 9.999035596847534180e-01 3.882290643835030153e+01
1.132176985265687108e-04 7.653516513528302312e-05 2.509335958204897443e-09 9.998826384544372559e-01 9.998800754547119141e-01 9.833135604858398438e-01 9.829107522964477539e-01 nan 9.998821020126342773e-01 4.271788024225056546e+01
1.250146742677316070e-04 8.450992027064785361e-05 2.500645773867358897e-09 9.998566508293151855e-01 9.998536705970764160e-01 9.796592593193054199e-01 9.791688919067382812e-01 nan 9.998562335968017578e-01 4.700317116280254481e+01
1.380408502882346511e-04 9.331561159342527390e-05 2.491985695624705562e-09 9.998250007629394531e-01 9.998214244842529297e-01 9.752212762832641602e-01 9.746246933937072754e-01 nan 9.998245239257812500e-01 5.171775229499422721e+01
1.524243270978331566e-04 1.030388448270969093e-04 2.483355596498544299e-09 9.997866153717041016e-01 9.997822046279907227e-01 9.698360562324523926e-01 9.691109657287597656e-01 nan 9.997859597206115723e-01 5.690445996246857163e+01
1.683065347606316209e-04 1.137752187787555158e-04 2.474755379885282393e-09 9.997397661209106445e-01 9.997343420982360840e-01 9.633085131645202637e-01 9.624282121658325195e-01 nan 9.997388124465942383e-01 6.261028135335868683e+01
1.858436153270304203e-04 1.256302784895524383e-04 2.466184957973141175e-09 9.996826052665710449e-01 9.996761679649353027e-01 9.554063081741333008e-01 9.543392062187194824e-01 nan 9.996816515922546387e-01 6.888681165409280993e+01
2.052080089924857020e-04 1.387206139042973518e-04 2.457644209414643305e-09 9.996131658554077148e-01 9.996052384376525879e-01 9.458551406860351562e-01 9.445633292198181152e-01 nan 9.996119141578674316e-01 7.579067239389789279e+01
2.265901130158454180e-04 1.531749148853123188e-04 2.449133045395065615e-09 9.995286464691162109e-01 9.995189905166625977e-01 9.343330860137939453e-01 9.327720999717712402e-01 nan 9.995271563529968262e-01 8.338392289154433001e+01
2.502001880202442408e-04 1.691353245405480266e-04 2.440651351248999153e-09 9.994257092475891113e-01 9.994140863418579102e-01 9.204661250114440918e-01 9.185838699340820312e-01 nan 9.994239807128906250e-01 9.173454370030997040e+01
2.762703516054898500e-04 1.867587561719119549e-04 2.432199034655000626e-09 9.993007183074951172e-01 9.992865324020385742e-01 9.038249850273132324e-01 9.015612006187438965e-01 nan 9.992984533309936523e-01 1.009169914237595407e+02
3.050569503102451563e-04 2.062184939859434962e-04 2.423775992290330563e-09 9.991486668586730957e-01 9.991315603256225586e-01 8.839246630668640137e-01 8.812105655670166016e-01 nan 9.991459846496582031e-01 1.110125549646440248e+02
3.368430479895323515e-04 2.277058956678956747e-04 2.415382114947829304e-09 9.989639520645141602e-01 9.989433288574218750e-01 8.602296113967895508e-01 8.569880127906799316e-01 nan 9.989607930183410645e-01 1.221100939537779198e+02
3.719411906786262989e-04 2.514322404749691486e-04 2.407017301830847028e-09 9.987398982048034668e-01 9.987151622772216797e-01 8.321651220321655273e-01 8.283112049102783203e-01 nan 9.987361431121826172e-01 1.343064168773478855e+02
4.106964333914220333e-04 2.776307810563594103e-04 2.398681465071051552e-09 9.984683990478515625e-01 9.984385967254638672e-01 7.991411089897155762e-01 7.945846319198608398e-01 nan 9.984638094902038574e-01 1.477068467538399261e+02
4.534898616839200258e-04 3.065591445192694664e-04 2.390374494355455649e-09 9.981395602226257324e-01 9.981038570404052734e-01 7.605909705162048340e-01 7.552403807640075684e-01 nan 9.981341361999511719e-01 1.624256454296965160e+02
5.007422878406941891e-04 3.385017917025834322e-04 2.382096284987275655e-09 9.977419376373291016e-01 9.976994395256042480e-01 7.160321474075317383e-01 7.098007798194885254e-01 nan 9.977355003356933594e-01 1.785864665673450986e+02
5.529182380996644497e-04 3.737727238330990076e-04 2.373846756225058361e-09 9.972621798515319824e-01 9.972116351127624512e-01 6.651535034179687500e-01 6.579688787460327148e-01 nan 9.972544312477111816e-01 1.963228247331073248e+02
6.105307838879525661e-04 4.127188003621995449e-04 2.365625794166928840e-09 9.966843128204345703e-01 9.966245889663696289e-01 6.079326272010803223e-01 5.997492074966430664e-01 nan 9.966750741004943848e-01 2.157781008791166926e+02
6.741464603692293167e-04 4.557229985948652029e-04 2.357433293568910220e-09 9.959899783134460449e-01 9.959200024604797363e-01 5.447832942008972168e-01 5.355986952781677246e-01 nan 9.959791898727416992e-01 2.371057547248525736e+02
7.443906506523489952e-04 5.032080807723104954e-04 2.349269171114912410e-09 9.951581358909606934e-01 9.950767755508422852e-01 4.767217636108398438e-01 4.665956199169158936e-01 nan 9.951457381248474121e-01 2.604692004791102136e+02
8.219541050493717194e-04 5.556409596465528011e-04 2.341133324843220307e-09 9.941648840904235840e-01 9.940711855888366699e-01 4.055247902870178223e-01 3.945965766906738281e-01 nan 9.941505789756774902e-01 2.860415004970182054e+02
9.075994603335857391e-04 6.135372095741331577e-04 2.333025652639057309e-09 9.929834008216857910e-01 9.928766489028930664e-01 3.338268101215362549e-01 3.223286867141723633e-01 nan 9.929671883583068848e-01 3.140047480720217550e+02
1.002168864943087101e-03 6.774661596864461899e-04 2.324946049885245546e-09 9.915842413902282715e-01 9.914640784263610840e-01 2.650740742683410645e-01 2.533295750617980957e-01 nan 9.915659427642822266e-01 3.445494260394808066e+02
1.106592128053307533e-03 7.480562780983746052e-04 2.316894434325377400e-09 9.899351000785827637e-01 9.898018240928649902e-01 2.032284140586853027e-01 1.916286200284957886e-01 nan 9.899146556854248047e-01 3.778728936437678385e+02
1.221895916387438774e-03 8.260016329586505890e-04 2.308870708568745277e-09 9.880013465881347656e-01 9.878559708595275879e-01 1.521238535642623901e-01 1.410732567310333252e-01 nan 9.879791140556335449e-01 4.141783638343903249e+02
1.349214115180075169e-03 9.120687609538435936e-04 2.300874762407135126e-09 9.857465624809265137e-01 9.855905175209045410e-01 1.144623383879661560e-01 1.042973250150680542e-01 nan 9.857227206230163574e-01 4.536729817027980403e+02
1.489798538386821747e-03 1.007103826850652695e-03 2.292906509188567727e-09 9.831322431564331055e-01 9.829673171043395996e-01 9.064209461212158203e-02 8.154565095901489258e-02 nan 9.831070899963378906e-01 4.965651735754951801e+02
1.645031501539051533e-03 1.112041296437382698e-03 2.284965850418265676e-09 9.801177382469177246e-01 9.799454808235168457e-01 7.793752849102020264e-02 6.989779323339462280e-02 nan 9.800913929939270020e-01 5.430613974816988048e+02
1.816439209505915642e-03 1.227912958711385727e-03 2.277052691606405739e-09 9.766596555709838867e-01 9.764806628227233887e-01 7.083597034215927124e-02 6.370530277490615845e-02 nan 9.766322374343872070e-01 5.933609318798021377e+02
2.005707239732146263e-03 1.355858054012060165e-03 2.269166941709029953e-09 9.727110266685485840e-01 9.725241065025329590e-01 6.318451464176177979e-02 5.685021728277206421e-02 nan 9.726824760437011719e-01 6.476497073528875035e+02
2.214696491137146950e-03 1.497134799137711525e-03 2.261308494449764354e-09 9.682205319404602051e-01 9.680220484733581543e-01 5.169146507978439331e-02 4.625175520777702332e-02 nan 9.681902527809143066e-01 7.060917527389248107e+02
2.445461694151163101e-03 1.653132145293056965e-03 2.253477264686429142e-09 9.631323218345642090e-01 9.629166126251220703e-01 3.835995122790336609e-02 3.408912569284439087e-02 nan 9.630994200706481934e-01 7.688196595057307832e+02
2.700272016227245331e-03 1.825383864343166351e-03 2.245673160886940457e-09 9.573863744735717773e-01 9.571468234062194824e-01 2.848880179226398468e-02 2.549489215016365051e-02 nan 9.573497772216796875e-01 8.359245371629156125e+02
2.981632947921752930e-03 2.015583915635943413e-03 2.237896076485985185e-09 9.509199261665344238e-01 9.506506919860839844e-01 2.430110611021518707e-02 2.237993478775024414e-02 nan 9.508788585662841797e-01 9.074453724805991897e+02
3.292310982942581177e-03 2.225602278485894203e-03 2.230145925871712440e-09 9.436682462692260742e-01 9.433645009994506836e-01 2.153371647000312805e-02 1.821707561612129211e-02 nan 9.436218142509460449e-01 9.833573081204957589e+02
3.635360859334468842e-03 2.457503927871584892e-03 2.222422616889744185e-09 9.355641007423400879e-01 9.352210760116577148e-01 1.621038094162940979e-02 1.481406576931476593e-02 nan 9.355117082595825195e-01 1.063554548743453779e+03
4.014155361801385880e-03 2.713568974286317825e-03 2.214726058195065524e-09 9.265381097793579102e-01 9.261484742164611816e-01 1.184857916086912155e-02 1.203370280563831329e-02 nan 9.264785647392272949e-01 1.147834458568632954e+03
4.432419314980506897e-03 2.996315481141209602e-03 2.207056148657132701e-09 9.165194630622863770e-01 9.160721302032470703e-01 1.085191965103149414e-02 9.763435460627079010e-03 nan 9.164510965347290039e-01 1.235879383111563811e+03
4.894265439361333847e-03 3.308523446321487427e-03 2.199412800139309644e-09 9.054364562034606934e-01 9.049180746078491211e-01 8.610765449702739716e-03 7.911162450909614563e-03 nan 9.053572416305541992e-01 1.327237737519083112e+03
5.404234398156404495e-03 3.653262509033083916e-03 2.191795924301313793e-09 8.932170271873474121e-01 8.926140666007995605e-01 6.867799907922744751e-03 6.401121616363525391e-03 nan 8.931248784065246582e-01 1.421303336495125450e+03
5.967340432107448578e-03 4.033922217786312103e-03 2.184205430909534259e-09 8.797888755798339844e-01 8.790856599807739258e-01 6.318533793091773987e-03 5.171163007616996765e-03 nan 8.796814680099487305e-01 1.517293950593835007e+03
6.589121185243129730e-03 4.454245790839195251e-03 2.176641221197925960e-09 8.650798797607421875e-01 8.642556667327880859e-01 4.393027629703283310e-03 4.170370288193225861e-03 nan 8.649539947509765625e-01 1.614229541999307912e+03
7.275689393281936646e-03 4.918366204947233200e-03 2.169103203027300791e-09 8.490182757377624512e-01 8.480491638183593750e-01 3.650179831311106682e-03 3.356898436322808266e-03 nan 8.488702178001403809e-01 1.710909260912686705e+03
8.033796213567256927e-03 5.430846009403467178e-03 2.161591299930936394e-09 8.315325975418090820e-01 8.303920030593872070e-01 2.932953182607889175e-03 2.696490846574306488e-03 nan 8.313583731651306152e-01 1.805890598553025939e+03
8.870895951986312866e-03 5.996725521981716156e-03 2.154105401952956366e-09 8.125517964363098145e-01 8.112069964408874512e-01 2.135305665433406830e-03 2.161047188565135002e-03 nan 8.123463392257690430e-01 1.897470414315933567e+03
9.795218706130981445e-03 6.621567998081445694e-03 2.146645430474833453e-09 7.920064926147460938e-01 7.904213666915893555e-01 2.009614603593945503e-03 1.727543887682259083e-03 nan 7.917643189430236816e-01 1.983674522009215480e+03
1.081585418432950974e-02 7.311517372727394104e-03 2.139211293795359687e-09 7.698282003402709961e-01 7.679608464241027832e-01 1.507237320765852928e-03 1.377131906338036060e-03 nan 7.695429921150207520e-01 2.062246934008804601e+03
1.194283645600080490e-02 8.073357865214347839e-03 2.131802900090153706e-09 7.459515929222106934e-01 7.437558174133300781e-01 1.224390114657580853e-03 1.094374922104179859e-03 nan 7.456160783767700195e-01 2.130660844312589234e+03
1.318724639713764191e-02 8.914578706026077271e-03 2.124420174276236449e-09 7.203177213668823242e-01 7.177426815032958984e-01 9.710558806546032429e-04 8.666518260724842548e-04 nan 7.199243903160095215e-01 2.186156452127327157e+03
1.456132158637046814e-02 9.843453764915466309e-03 2.117063005254935590e-09 6.928784251213073730e-01 6.898707151412963867e-01 7.379980525001883507e-04 6.836483953520655632e-04 nan 6.924188733100891113e-01 2.225805308400762897e+03
1.607857085764408112e-02 1.086911372840404510e-02 2.109731324472420402e-09 6.636052131652832031e-01 6.601102352142333984e-01 5.759556079283356667e-04 5.369439022615551949e-04 nan 6.630712151527404785e-01 2.246635827922853878e+03
1.775391399860382080e-02 1.200164575129747391e-02 2.102425026951150955e-09 6.325009465217590332e-01 6.284675002098083496e-01 4.139542579650878906e-04 4.196724621579051018e-04 nan 6.318846940994262695e-01 2.245822775223148255e+03
1.960382424294948578e-02 1.325218472629785538e-02 2.095144031049849183e-09 5.996178984642028809e-01 5.950028896331787109e-01 3.471787204034626484e-04 3.262411919422447681e-04 nan 5.989128351211547852e-01 2.220968083495601604e+03
2.164648845791816711e-02 1.463302597403526306e-02 2.087888252770266929e-09 5.650810599327087402e-01 5.598576664924621582e-01 2.514428924769163132e-04 2.521005808375775814e-04 nan 5.642830133438110352e-01 2.170474435463298050e+03
2.390199340879917145e-02 1.615774817764759064e-02 2.080657597354892904e-09 5.291175246238708496e-01 5.232848525047302246e-01 2.096022071782499552e-04 1.935519103426486254e-04 nan 5.282264351844787598e-01 2.094004410146511418e+03
2.639251388609409332e-02 1.784133911132812500e-02 2.073451995948668221e-09 4.920886456966400146e-01 4.856840372085571289e-01 1.675959792919456959e-04 1.475896860938519239e-04 nan 4.911101758480072021e-01 1.992966072093794310e+03
2.914254181087017059e-02 1.970035769045352936e-02 2.066271340052806293e-09 4.545202851295471191e-01 4.476327002048492432e-01 1.071560036507435143e-04 1.117694555432535708e-04 nan 4.534680247306823730e-01 1.870939732833882317e+03
3.217911347746849060e-02 2.175308018922805786e-02 2.059115554147728899e-09 4.171194136142730713e-01 4.099014997482299805e-01 8.971775241661816835e-05 8.409822476096451283e-05 nan 4.160166680812835693e-01 1.733860206246706184e+03
3.553209081292152405e-02 2.401969395577907562e-02 2.051984539888671147e-09 3.807603716850280762e-01 3.734352290630340576e-01 6.134757131803780794e-05 6.294345075730234385e-05 nan 3.796412646770477295e-01 1.589779221827828906e+03
3.923443704843521118e-02 2.652247995138168335e-02 2.044878229365854235e-09 3.464189469814300537e-01 3.392751812934875488e-01 4.741494194604456425e-05 4.695828829426318407e-05 nan 3.453275263309478760e-01 1.448026889108270780e+03
4.332255572080612183e-02 2.928604744374752045e-02 2.037796533657790378e-09 3.150315582752227783e-01 3.083990216255187988e-01 3.937716974178329110e-05 3.502227627905085683e-05 nan 3.140182793140411377e-01 1.317715079911819430e+03
4.765481501817703247e-02 3.221465647220611572e-02 2.031010053452367756e-09 2.881900966167449951e-01 2.823523581027984619e-01 2.805778967740479857e-05 2.648158988449722528e-05 nan 2.872982025146484375e-01 1.208969786747544958e+03
5.198707059025764465e-02 3.514325991272926331e-02 2.024834231214258902e-09 2.669321000576019287e-01 2.620182037353515625e-01 2.184404002036899328e-05 2.061686063825618476e-05 nan 2.661813795566558838e-01 1.128041175705852766e+03
5.631932616233825684e-02 3.807186335325241089e-02 2.019169610001785353e-09 2.495481222867965698e-01 2.455526292324066162e-01 1.740745392453391105e-05 1.642947609070688486e-05 nan 2.489377260208129883e-01 1.065068011095893326e+03
6.065158173441886902e-02 4.100047051906585693e-02 2.013939112582009273e-09 2.348349392414093018e-01 2.316395789384841919e-01 1.413014069839846343e-05 1.333625641564140096e-05 nan 2.343467622995376587e-01 1.013100224108433508e+03
6.498383730649948120e-02 4.392907395958900452e-02 2.009081821590703985e-09 2.216654121875762939e-01 2.190754264593124390e-01 1.162229909823508933e-05 1.096929372579324991e-05 nan 2.212696969509124756e-01 9.648001408137351973e+02
6.931609660387039185e-02 4.685768112540245056e-02 2.004548729015451583e-09 2.092130482196807861e-01 2.069996744394302368e-01 9.642797522246837616e-06 9.101006071432493627e-06 nan 2.088748961687088013e-01 9.146748481502113464e+02
7.364834845066070557e-02 4.978628456592559814e-02 2.000299865353250301e-09 1.969923824071884155e-01 1.949342638254165649e-01 8.042918125283904374e-06 7.591019311803393066e-06 nan 1.966779530048370361e-01 8.597961513649988774e+02
7.798060774803161621e-02 5.271489173173904419e-02 1.996302173696350216e-09 1.848721504211425781e-01 1.827895045280456543e-01 6.731759185640839860e-06 6.353535354719497263e-06 nan 1.845539808273315430e-01 8.001923005239908662e+02
8.231285959482192993e-02 5.564349144697189331e-02 1.992528044667567094e-09 1.729850023984909058e-01 1.707616597414016724e-01 5.651823357766261324e-06 5.334286015568068251e-06 nan 1.726453304290771484e-01 7.381210286607897615e+02
8.664511889219284058e-02 5.857209861278533936e-02 1.988954134422163219e-09 1.615953445434570312e-01 1.591866612434387207e-01 4.763307515531778336e-06 4.495699613471515477e-06 nan 1.612273603677749634e-01 6.768073411824974528e+02
9.097737073898315430e-02 6.150070205330848694e-02 1.985560585482697045e-09 1.509808748960494995e-01 1.484082788228988647e-01 4.035249730804935098e-06 3.808553174167172983e-06 nan 1.505878418684005737e-01 6.192968913968967399e+02
9.636187553405761719e-02 6.514062732458114624e-02 1.981568674123380254e-09 1.392449587583541870e-01 1.365720629692077637e-01 3.316123638796852902e-06 3.129832975901081227e-06 nan 1.388365924358367920e-01 5.568161580688157528e+02
1.017463728785514832e-01 6.878054887056350708e-02 1.977801256732118934e-09 1.294457912445068359e-01 1.268300712108612061e-01 2.764655391729320399e-06 2.609346438475768082e-06 nan 1.290461719036102295e-01 5.071260908637950138e+02
1.071308776736259460e-01 7.242047041654586792e-02 1.974234781265857972e-09 1.216333433985710144e-01 1.192263886332511902e-01 2.343398591619916260e-06 2.211752644143416546e-06 nan 1.212656125426292419e-01 4.706057541528206798e+02
1.125153750181198120e-01 7.606039196252822876e-02 1.970849203820953451e-09 1.154740974307060242e-01 1.133787408471107483e-01 2.017450242419727147e-06 1.904111513795214705e-06 nan 1.151539683341979980e-01 4.447059619881686103e+02
1.178998723626136780e-01 7.970031350851058960e-02 1.967627323526894450e-09 1.104072853922843933e-01 1.086554601788520813e-01 1.757426048243360128e-06 1.658691303418891039e-06 nan 1.101396456360816956e-01 4.252948632099494262e+02
1.232843771576881409e-01 8.334024250507354736e-02 1.964554264128985100e-09 1.058764383196830750e-01 1.044299378991127014e-01 1.541867959531373344e-06 1.455240180803230032e-06 nan 1.056554466485977173e-01 4.083280812611104125e+02
1.286688745021820068e-01 8.698015660047531128e-02 1.961617102724775952e-09 1.014492958784103394e-01 1.002193391323089600e-01 1.356673578811751213e-06 1.280449055229837541e-06 nan 1.012613922357559204e-01 3.906828450207668766e+02
1.340533792972564697e-01 9.062008559703826904e-02 1.958804483640675406e-09 9.685927629470825195e-02 9.573627263307571411e-02 1.193427124235313386e-06 1.126374058912915643e-06 nan 9.668771177530288696e-02 3.705013778617629328e+02
1.394378840923309326e-01 9.426000714302062988e-02 1.956106446915437174e-09 9.203684329986572266e-02 9.092083573341369629e-02 1.048023818839283194e-06 9.891411991702625528e-07 nan 9.186634421348571777e-02 3.474842988036683664e+02
1.448223739862442017e-01 9.789992123842239380e-02 1.953514161287429418e-09 8.709246665239334106e-02 8.591616153717041016e-02 9.191374488182191271e-07 8.674975333633483388e-07 nan 8.691275864839553833e-02 3.227393495003377666e+02
1.502068787813186646e-01 1.015398502349853516e-01 1.951019758654691563e-09 8.223751187324523926e-02 8.097703754901885986e-02 8.065488827924127690e-07 7.612360946041007992e-07 nan 8.204493671655654907e-02 2.980779712205819578e+02
1.555913835763931274e-01 1.051797717809677124e-01 1.948616241255242070e-09 7.770547270774841309e-02 7.637833058834075928e-02 7.100608740984171163e-07 6.701700385747244582e-07 nan 7.750271260738372803e-02 2.753300053697493013e+02
1.609758734703063965e-01 1.088196933269500732e-01 1.946297314463125787e-09 7.369559258222579956e-02 7.234830409288406372e-02 6.289982366070034914e-07 5.936620937063707970e-07 nan 7.348976284265518188e-02 2.559125122827759071e+02
1.663603782653808594e-01 1.124596148729324341e-01 1.944057316713681798e-09 7.031316310167312622e-02 6.900351494550704956e-02 5.618787781713763252e-07 5.303133434608753305e-07 nan 7.011308521032333374e-02 2.404754552983642668e+02
1.717448830604553223e-01 1.160995438694953918e-01 1.941891129256332855e-09 6.753019988536834717e-02 6.630954891443252563e-02 5.063800472271395847e-07 4.779321329806407448e-07 nan 6.734371185302734375e-02 2.287405979785662851e+02
1.771293878555297852e-01 1.197394654154777527e-01 1.939794125595426991e-09 6.521191447973251343e-02 6.411218643188476562e-02 4.598110763254226185e-07 4.339787267326755682e-07 nan 6.504389643669128418e-02 2.197549499728611409e+02
1.825138777494430542e-01 1.233793795108795166e-01 1.937762091126241291e-09 6.318239867687225342e-02 6.221026182174682617e-02 4.197050031962135108e-07 3.961252446060825605e-07 nan 6.303388625383377075e-02 2.123376948126881700e+02
1.878983825445175171e-01 1.270193010568618774e-01 1.935791175107242678e-09 6.127085536718368530e-02 6.040944904088973999e-02 3.840985129954788135e-07 3.625187048328371020e-07 nan 6.113925576210021973e-02 2.053657192772421922e+02
1.932828873395919800e-01 1.306592375040054321e-01 1.933877861004656685e-09 5.933689326047897339e-02 5.855328217148780823e-02 3.515874311688094167e-07 3.318339736324560363e-07 nan 5.921717360615730286e-02 1.979295163267248370e+02
1.986673772335052490e-01 1.342991441488265991e-01 1.932018951816384183e-09 5.729984864592552185e-02 5.655538290739059448e-02 3.213736761153995758e-07 3.033177051747770747e-07 nan 5.718611180782318115e-02 1.895323657210848864e+02
2.040518820285797119e-01 1.379390656948089600e-01 1.930211465507478933e-09 5.515746399760246277e-02 5.441801622509956360e-02 2.932262361809989670e-07 2.767518481050501578e-07 nan 5.504449456930160522e-02 1.802156791352936693e+02
2.094363868236541748e-01 1.415790021419525146e-01 1.928452677645768952e-09 5.296919867396354675e-02 5.221262946724891663e-02 2.672610719400836388e-07 2.522457123177446192e-07 nan 5.285361409187316895e-02 1.704301644303589001e+02
2.148208767175674438e-01 1.452189087867736816e-01 1.926740094380007882e-09 5.082078278064727783e-02 5.004011094570159912e-02 2.436842692077334505e-07 2.299937875704927137e-07 nan 5.070151388645172119e-02 1.607758564964857442e+02
2.202053815126419067e-01 1.488588303327560425e-01 1.925071368159055733e-09 4.879794269800186157e-02 4.800025001168251038e-02 2.226457098686296376e-07 2.101373866025824100e-07 nan 4.867606982588768005e-02 1.518155685005549174e+02
2.255898863077163696e-01 1.524987667798995972e-01 1.923444343781293656e-09 4.696810990571975708e-02 4.617010802030563354e-02 2.041675912778373458e-07 1.926974704247186310e-07 nan 4.684619605541229248e-02 1.439606952489029936e+02
2.309743911027908325e-01 1.561386883258819580e-01 1.921857033120720865e-09 4.536254703998565674e-02 4.458450153470039368e-02 1.880968909517832799e-07 1.775296567529949243e-07 nan 4.524367675185203552e-02 1.373783518577701557e+02
2.363588809967041016e-01 1.597786098718643188e-01 1.920307567935778733e-09 4.396990686655044556e-02 4.322964325547218323e-02 1.741192079407483106e-07 1.643371518866842962e-07 nan 4.385681077837944031e-02 1.319751871084281163e+02
2.417433857917785645e-01 1.634185314178466797e-01 1.918794213956308179e-09 4.274777323007583618e-02 4.205632582306861877e-02 1.618404041892063105e-07 1.527480861795993405e-07 nan 4.264213889837265015e-02 1.274819031632664803e+02
2.471278905868530273e-01 1.670584529638290405e-01 1.917315352832477265e-09 4.163832217454910278e-02 4.099798947572708130e-02 1.508653753035105183e-07 1.423894957497395808e-07 nan 4.154049232602119446e-02 1.235492874279859592e+02
2.525123953819274902e-01 1.706983745098114014e-01 1.915869472055197894e-09 4.057900607585906982e-02 3.998396545648574829e-02 1.408402994229618344e-07 1.329275818306996371e-07 nan 4.048809781670570374e-02 1.198091323229156728e+02
2.578969001770019531e-01 1.743383109569549561e-01 1.914455150219987163e-09 3.951594978570938110e-02 3.895477205514907837e-02 1.314934223728414509e-07 1.241057674405965372e-07 nan 3.943021222949028015e-02 1.159510427715285346e+02
2.632813751697540283e-01 1.779782027006149292e-01 1.913071083197014340e-09 3.842082992196083069e-02 3.787999972701072693e-02 1.226757859740246204e-07 1.157835143317242910e-07 nan 3.833820298314094543e-02 1.118209601222575458e+02
2.686658799648284912e-01 1.816181391477584839e-01 1.911715991580206360e-09 3.729638457298278809e-02 3.676380217075347900e-02 1.143560766081463953e-07 1.079312639262752782e-07 nan 3.721501678228378296e-02 1.074503546339218758e+02
2.740503847599029541e-01 1.852580606937408447e-01 1.910388727493893778e-09 3.616481274366378784e-02 3.563236072659492493e-02 1.065641228592539846e-07 1.005771324003035261e-07 nan 3.608346730470657349e-02 1.029824211180821152e+02
2.794348895549774170e-01 1.888979822397232056e-01 1.909088184011114833e-09 3.505359590053558350e-02 3.451830893754959106e-02 9.933851430332651944e-08 9.375752796358938213e-08 nan 3.497181832790374756e-02 9.858488302983430174e+01
2.848193943500518799e-01 1.925379037857055664e-01 1.907813323590368924e-09 3.399032726883888245e-02 3.345410153269767761e-02 9.270996770283090882e-08 8.750143365432450082e-08 nan 3.390840440988540649e-02 9.441797433296622444e+01
2.902038991451263428e-01 1.961778402328491211e-01 1.906563162582237113e-09 3.300014510750770569e-02 3.246832638978958130e-02 8.669527318261316395e-08 8.182467325923425960e-08 nan 3.291889652609825134e-02 9.062012895147233849e+01
2.955884039402008057e-01 1.998177617788314819e-01 1.905336787226579552e-09 3.209802880883216858e-02 3.157738596200942993e-02 8.127975092975248117e-08 7.671339830039869412e-08 nan 3.201848641037940979e-02 8.726787077592160813e+01
3.009728789329528809e-01 2.034576684236526489e-01 1.904133323856378078e-09 3.128182888031005859e-02 3.077852167189121246e-02 7.640569776867778273e-08 7.211315988797650789e-08 nan 3.120493516325950623e-02 8.434270177452489747e+01
3.063573837280273438e-01 2.070975899696350098e-01 1.902951936232507350e-09 3.053513914346694946e-02 3.005314804613590240e-02 7.198691065468665329e-08 6.794260087872316944e-08 nan 3.046150133013725281e-02 8.175126444371797163e+01
3.117418885231018066e-01 2.107375115156173706e-01 1.901791846628511990e-09 2.983659319579601288e-02 2.937700226902961731e-02 6.793547413508349564e-08 6.411875119738397188e-08 nan 2.976637706160545349e-02 7.937707603255081779e+01
3.171263933181762695e-01 2.143774479627609253e-01 1.900652308391623192e-09 2.916618622839450836e-02 2.872726134955883026e-02 6.417678122261349927e-08 6.057121026969980448e-08 nan 2.909912914037704468e-02 7.711393083768876977e+01
3.225108981132507324e-01 2.180173695087432861e-01 1.899532626729035332e-09 2.850686945021152496e-02 2.808484062552452087e-02 6.065145896627655020e-08 5.724393759010126814e-08 nan 2.844239212572574615e-02 7.487360486934413473e+01
3.278954029083251953e-01 2.216572910547256470e-01 1.898432128189829179e-09 2.784665301442146301e-02 2.743685431778430939e-02 5.731773811135099095e-08 5.409750158946735610e-08 nan 2.778404392302036285e-02 7.259636577010608960e+01
3.332799077033996582e-01 2.252972126007080078e-01 1.897350177081271127e-09 2.718222513794898987e-02 2.678029425442218781e-02 5.415621373572321318e-08 5.111360223963856697e-08 nan 2.712081745266914368e-02 7.026922150512503151e+01
3.386643826961517334e-01 2.289371192455291748e-01 1.896286172945125672e-09 2.651959843933582306e-02 2.612236887216567993e-02 5.116765322554783779e-08 4.829295718877801846e-08 nan 2.645891159772872925e-02 6.792752970574325388e+01
3.440488874912261963e-01 2.325770407915115356e-01 1.895239531240720810e-09 2.586968988180160522e-02 2.547569759190082550e-02 4.836157785348405014e-08 4.564455124977939704e-08 nan 2.580949850380420685e-02 6.563042423553265792e+01
3.494333922863006592e-01 2.362169772386550903e-01 1.894209703480833635e-09 2.524288743734359741e-02 2.485235407948493958e-02 4.574488698949608079e-08 4.317487167782019242e-08 nan 2.518322132527828217e-02 6.343209069447078718e+01
3.548178970813751221e-01 2.398568987846374512e-01 1.893196174858241155e-09 2.464663609862327576e-02 2.426104806363582611e-02 4.331782221811408817e-08 4.088417071557159943e-08 nan 2.458772622048854828e-02 6.136982740462087804e+01
3.602024018764495850e-01 2.434968203306198120e-01 1.892198441798694543e-09 2.408532239496707916e-02 2.370679192245006561e-02 4.107468853931095509e-08 3.876706244909655652e-08 nan 2.402749285101890564e-02 5.946435487466185776e+01
3.655869066715240479e-01 2.471367418766021729e-01 1.891216027459402332e-09 2.355973422527313232e-02 2.319031022489070892e-02 3.900378686694239150e-08 3.681250859699503053e-08 nan 2.350329607725143433e-02 5.771796881563812320e+01
3.709714114665985107e-01 2.507766783237457275e-01 1.890248472221847833e-09 2.306614816188812256e-02 2.270726300776004791e-02 3.708690954340454482e-08 3.500331757777530584e-08 nan 2.301131933927536011e-02 5.611099833583654828e+01
3.763558864593505859e-01 2.544165849685668945e-01 1.889295352117686434e-09 2.259734086692333221e-02 2.224951051175594330e-02 3.530191605705113034e-08 3.331859943500603549e-08 nan 2.254420332610607147e-02 5.460743017507366659e+01
3.817403912544250488e-01 2.580564916133880615e-01 1.888356242191734645e-09 2.214549854397773743e-02 2.180827036499977112e-02 3.362787026617297670e-08 3.173860108063308871e-08 nan 2.209397591650485992e-02 5.316936224400844679e+01
3.871248960494995117e-01 2.616964280605316162e-01 1.887430735669950155e-09 2.170446328818798065e-02 2.137664519250392914e-02 3.204836218628770439e-08 3.024782913030321652e-08 nan 2.165437862277030945e-02 5.176768089261808825e+01
3.925094008445739746e-01 2.653363645076751709e-01 1.886518457772270655e-09 2.127011865377426147e-02 2.095011807978153229e-02 3.055152930642179854e-08 2.883509075957135792e-08 nan 2.122122794389724731e-02 5.038363091996940568e+01
3.978939056396484375e-01 2.689762711524963379e-01 1.885619049100158659e-09 2.084034308791160583e-02 2.052656933665275574e-02 2.912947216771044623e-08 2.749292526971203188e-08 nan 2.079240605235099792e-02 4.900828504361287941e+01
4.032784104347229004e-01 2.726162075996398926e-01 1.884732143174389957e-09 2.041563577950000763e-02 2.010681852698326111e-02 2.777859009484018316e-08 2.621793981916198391e-08 nan 2.036845497786998749e-02 4.764517141595927541e+01
4.086629152297973633e-01 2.762561440467834473e-01 1.883857409814700777e-09 1.999906264245510101e-02 1.969447173178195953e-02 2.649896657658246113e-08 2.501021434397898702e-08 nan 1.995252817869186401e-02 4.630959630357239831e+01
4.140473902225494385e-01 2.798960208892822266e-01 1.882994538868699288e-09 1.959443092346191406e-02 1.929388940334320068e-02 2.529149689678433788e-08 2.387058373187755933e-08 nan 1.954851485788822174e-02 4.501973107906491833e+01
4.194318950176239014e-01 2.835359573364257812e-01 1.882143190604211824e-09 1.920432969927787781e-02 1.890814118087291718e-02 2.415528932431243447e-08 2.279820776607266453e-08 nan 1.915907859802246094e-02 4.378757355809002405e+01
4.248163998126983643e-01 2.871758937835693359e-01 1.881303079826970542e-09 1.882996223866939545e-02 1.853869482874870300e-02 2.308764379677086254e-08 2.179054803264079965e-08 nan 1.878546178340911865e-02 4.261842761670109780e+01
4.302009046077728271e-01 2.908158004283905029e-01 1.880473925305205483e-09 1.847181096673011780e-02 1.818609237670898438e-02 2.208511595824802498e-08 2.084434314042482583e-08 nan 1.842815801501274109e-02 4.151414253107041930e+01
4.355854094028472900e-01 2.944557368755340576e-01 1.879655436356054805e-09 1.812941208481788635e-02 1.784972101449966431e-02 2.114330577285272739e-08 1.995544174349106470e-08 nan 1.808668114244937897e-02 4.047226473701518046e+01
4.409699141979217529e-01 2.980956733226776123e-01 1.878847353036435648e-09 1.780070550739765167e-02 1.752725243568420410e-02 2.025628731416873052e-08 1.911825897593644186e-08 nan 1.775893010199069977e-02 3.948329786263764873e+01
4.463544189929962158e-01 3.017355799674987793e-01 1.878049424887222573e-09 1.748265139758586884e-02 1.721532456576824188e-02 1.941749694367445045e-08 1.832659002332093223e-08 nan 1.744180917739868164e-02 3.853363246079550208e+01
4.517388939857482910e-01 3.053754866123199463e-01 1.877261397654174740e-09 1.717271097004413605e-02 1.691114529967308044e-02 1.862146170594769501e-08 1.757527456902607810e-08 nan 1.713274978101253510e-02 3.761217826932401920e+01
4.571233987808227539e-01 3.090154230594635010e-01 1.876483026309890802e-09 1.686949655413627625e-02 1.661314256489276886e-02 1.786436243378375366e-08 1.686071193773841514e-08 nan 1.683033071458339691e-02 3.671307771789850705e+01
4.625079035758972168e-01 3.126553297042846680e-01 1.875714093387305177e-09 1.657219976186752319e-02 1.632047258317470551e-02 1.714330544189124339e-08 1.618016653992526699e-08 nan 1.653374172747135162e-02 3.583311737373037431e+01
4.678924083709716797e-01 3.162952661514282227e-01 1.874954364165268396e-09 1.628030091524124146e-02 1.603269018232822418e-02 1.645590863574852847e-08 1.553138773147111351e-08 nan 1.624247245490550995e-02 3.497035980502931807e+01
4.732769131660461426e-01 3.199352025985717773e-01 1.874203630559428286e-09 1.599403657019138336e-02 1.575017347931861877e-02 1.580069053375154908e-08 1.491298284861386492e-08 nan 1.595677807927131653e-02 3.412610811795018861e+01
4.786614179611206055e-01 3.235751092433929443e-01 1.873461691551420399e-09 1.571451872587203979e-02 1.547422353178262711e-02 1.517713243970320036e-08 1.432445806415216794e-08 nan 1.567780785262584686e-02 3.330534655276724010e+01
4.840458929538726807e-01 3.272150158882141113e-01 1.872728340933758753e-09 1.544301118701696396e-02 1.520626712590456009e-02 1.458483556149303695e-08 1.376543767861448941e-08 nan 1.540684048086404800e-02 3.251350689439092179e+01
4.894303977489471436e-01 3.308549523353576660e-01 1.872003379495005729e-09 1.518005225807428360e-02 1.494696177542209625e-02 1.402272253869796259e-08 1.323490383953185301e-08 nan 1.514444127678871155e-02 3.175284159032951692e+01
4.948149025440216064e-01 3.344948589801788330e-01 1.871286632213937058e-09 1.492548733949661255e-02 1.469619665294885635e-02 1.348911382592632435e-08 1.273127381296035310e-08 nan 1.489045750349760056e-02 3.102263295227696460e+01
5.001994371414184570e-01 3.381348252296447754e-01 1.870577900826693527e-09 1.467898674309253693e-02 1.445362530648708344e-02 1.298227658708128729e-08 1.225291246242932175e-08 nan 1.464455667883157730e-02 3.032142978639384978e+01
5.055838823318481445e-01 3.417747020721435547e-01 1.869877039368293133e-09 1.444020960479974747e-02 1.421883422881364822e-02 1.250056946844324557e-08 1.179826636388270344e-08 nan 1.440638862550258636e-02 2.964775061923647925e+01
5.109683871269226074e-01 3.454146385192871094e-01 1.869183849789121820e-09 1.420849375426769257e-02 1.399106625467538834e-02 1.204216815153813513e-08 1.136561955661363754e-08 nan 1.417527534067630768e-02 2.899883988283108138e+01
5.163528919219970703e-01 3.490545451641082764e-01 1.868498185335105332e-09 1.398275513201951981e-02 1.376915164291858673e-02 1.160502627328696690e-08 1.095303758802401717e-08 nan 1.395012158900499344e-02 2.837025755907983537e+01
5.217373967170715332e-01 3.526944816112518311e-01 1.867819876059786520e-09 1.376200933009386063e-02 1.355203334242105484e-02 1.118731418614515860e-08 1.055879295108752558e-08 nan 1.372992806136608124e-02 2.775806357853979378e+01
5.271219015121459961e-01 3.563344180583953857e-01 1.867148773833358248e-09 1.354583166539669037e-02 1.333926152437925339e-02 1.078778044671935277e-08 1.018170436850596161e-08 nan 1.351427286863327026e-02 2.716062909740632847e+01
5.325064063072204590e-01 3.599743247032165527e-01 1.866484735032350672e-09 1.333422027528285980e-02 1.313083712011575699e-02 1.040557862097557518e-08 9.820975144236854248e-09 nan 1.330314576625823975e-02 2.657804336072241114e+01
5.378909111022949219e-01 3.636142611503601074e-01 1.865827604301946768e-09 1.312714349478483200e-02 1.292677130550146103e-02 1.003989780201663962e-08 9.475839668482421985e-09 nan 1.309652999043464661e-02 2.601025839390029759e+01
5.432754158973693848e-01 3.672541677951812744e-01 1.865177252290424566e-09 1.292452216148376465e-02 1.272703893482685089e-02 9.689933300194297772e-09 9.145536772336981812e-09 nan 1.289435103535652161e-02 2.545702639738868100e+01
5.486599206924438477e-01 3.708941042423248291e-01 1.864533532427482462e-09 1.272652763873338699e-02 1.253186352550983429e-02 9.355104246822065761e-09 8.829519337893998454e-09 nan 1.269678585231304169e-02 2.491906880102666477e+01
5.540444254875183105e-01 3.745340406894683838e-01 1.863896318172137942e-09 1.253353431820869446e-02 1.234167069196701050e-02 9.035011849789498228e-09 8.527410777503519057e-09 nan 1.250422094017267227e-02 2.439787371881865852e+01
5.594289302825927734e-01 3.781739473342895508e-01 1.863265486641235488e-09 1.234570331871509552e-02 1.215664297342300415e-02 8.729108991190059896e-09 8.238694171325278148e-09 nan 1.231681928038597107e-02 2.389405590643978883e+01
5.648134350776672363e-01 3.818138837814331055e-01 1.862640903204479876e-09 1.216277666389942169e-02 1.197652611881494522e-02 8.436586540483403951e-09 7.962604797739913920e-09 nan 1.213432289659976959e-02 2.340659134792393203e+01
5.701979398727416992e-01 3.854538202285766602e-01 1.862022452330667509e-09 1.198439951986074448e-02 1.180095691233873367e-02 8.156606057241333474e-09 7.698354842489152361e-09 nan 1.195637416094541550e-02 2.293409585179382049e+01
5.755824446678161621e-01 3.890937268733978271e-01 1.861410021730888845e-09 1.181039493530988693e-02 1.162972766906023026e-02 7.888501407649073371e-09 7.445313254805796532e-09 nan 1.178279332816600800e-02 2.247589053833138095e+01
5.809668898582458496e-01 3.927336037158966064e-01 1.860803497296447543e-09 1.164060551673173904e-02 1.146265771239995956e-02 7.631653531348092656e-09 7.202895169200473902e-09 nan 1.161341834813356400e-02 2.203137130442150493e+01
5.863513946533203125e-01 3.963735401630401611e-01 1.860202753428811389e-09 1.147466246038675308e-02 1.129935216158628464e-02 7.385339895193965276e-09 6.970418908736064623e-09 nan 1.144787855446338654e-02 2.159914411568363235e+01
5.917358994483947754e-01 4.000134766101837158e-01 1.859607692406273365e-09 1.131213642656803131e-02 1.113937050104141235e-02 7.148841518755943980e-09 6.747207681456757200e-09 nan 1.128574088215827942e-02 2.117761264733251281e+01
5.971204042434692383e-01 4.036533832550048828e-01 1.859018214291441706e-09 1.115285698324441910e-02 1.098253671079874039e-02 6.921643702639812545e-09 6.532774765588555965e-09 nan 1.112683583050966263e-02 2.076616507311958415e+01
6.025049090385437012e-01 4.072933197021484375e-01 1.858434207544148841e-09 1.099689304828643799e-02 1.082892809063196182e-02 6.703407162689245524e-09 6.326799084632739323e-09 nan 1.097123138606548309e-02 2.036508808355928224e+01
6.078894138336181641e-01 4.109332561492919922e-01 1.857855577876460681e-09 1.084425486624240875e-02 1.067856978625059128e-02 6.493771742555054516e-09 6.128941354432981825e-09 nan 1.081894151866436005e-02 1.997443238920508080e+01
6.132739186286926270e-01 4.145731627941131592e-01 1.857282233477322155e-09 1.069480925798416138e-02 1.053134631365537643e-02 6.292309784328153910e-09 5.938797897897529765e-09 nan 1.066983584314584732e-02 1.959372300262963407e+01
6.186584234237670898e-01 4.182130992412567139e-01 1.856714071034082293e-09 1.054849196225404739e-02 1.038721017539501190e-02 6.098657134856466655e-09 5.756024545888749344e-09 nan 1.052385102957487106e-02 1.922273773449613898e+01
6.240429282188415527e-01 4.218530058860778809e-01 1.856151008397507339e-09 1.040540449321269989e-02 1.024627592414617538e-02 5.912559331022748665e-09 5.580382378411741229e-09 nan 1.038109324872493744e-02 1.886184686934050347e+01
6.294274330139160156e-01 4.254929423332214355e-01 1.855592947277603754e-09 1.026559993624687195e-02 1.010860037058591843e-02 5.733745922498201253e-09 5.411615155992421933e-09 nan 1.024161465466022491e-02 1.851124392564114984e+01
6.556535363197326660e-01 4.432217776775360107e-01 1.852943630635520644e-09 9.626369923353195190e-03 9.479283355176448822e-03 4.955187815625095027e-09 4.676797171754287774e-09 nan 9.603898040950298309e-03 1.693168487015273271e+01
8.039034605026245117e-01 5.434387326240539551e-01 1.839770603253567837e-09 6.957670208066701889e-03 6.851383019238710403e-03 2.382334551853659832e-09 2.248491171030764235e-09 nan 6.941431667655706406e-03 1.076796865091782784e+01
9.932619333267211914e-01 6.714450716972351074e-01 1.826201010048688587e-09 4.941350314766168594e-03 4.865887574851512909e-03 1.108319880316344097e-09 1.046052688913334805e-09 nan 4.929821472615003586e-03 6.661041588729223584e+00
1.227223634719848633e+00 8.296031951904296875e-01 1.812731498599941669e-09 3.492163494229316711e-03 3.438845276832580566e-03 5.130911806539018016e-10 4.842648504421731559e-10 nan 3.484017681330442429e-03 4.080231929452781792e+00
1.516294717788696289e+00 1.025015234947204590e+00 1.799361337301671755e-09 2.457057824358344078e-03 2.419551368802785873e-03 2.364807516475053717e-10 2.231948514896942015e-10 nan 2.451327629387378693e-03 2.477258144970424070e+00
1.873456120491027832e+00 1.266456365585327148e+00 1.786089789356977996e-09 1.721794018521904945e-03 1.695515238679945469e-03 1.085530554334468434e-10 1.024543574978942218e-10 nan 1.717779203318059444e-03 1.491927489726869505e+00
2.314746379852294922e+00 1.564768552780151367e+00 1.772916133006574509e-09 1.202134182676672935e-03 1.183788990601897240e-03 4.964714056532315567e-11 4.685787521885309559e-11 nan 1.199331483803689480e-03 8.919407106930035134e-01
2.859982252120971680e+00 1.933347940444946289e+00 1.759839636962373426e-09 8.365109679289162159e-04 8.237466681748628616e-04 2.263046521011613521e-11 2.135903780231540594e-11 nan 8.345608948729932308e-04 5.296856794834938764e-01
3.533647537231445312e+00 2.388745784759521484e+00 1.746859588797865175e-09 5.803127423860132694e-04 5.714582512155175209e-04 1.028405572506274623e-11 9.706273979004365060e-12 nan 5.789599963463842869e-04 3.126395582512604965e-01
4.365993976593017578e+00 2.951411962509155273e+00 1.733975279535418463e-09 4.014540172647684813e-04 3.953286795876920223e-04 4.660352399127321021e-12 4.398521911280761643e-12 nan 4.005182418040931225e-04 1.835000275313507512e-01
5.394398689270019531e+00 3.646613597869873047e+00 1.721185999058096773e-09 2.770089486148208380e-04 2.727821702137589455e-04 2.106480788410802774e-12 1.988132098187933572e-12 nan 2.763631928246468306e-04 1.071511728915415795e-01
6.665042877197265625e+00 4.505568981170654297e+00 1.708491050912268841e-09 1.906876568682491779e-04 1.877776812762022018e-04 9.498766790488888390e-13 8.965090497227434785e-13 nan 1.902430813061073422e-04 6.227293641583405565e-02
8.234986305236816406e+00 5.566850662231445312e+00 1.695889732548296616e-09 1.309798244619742036e-04 1.289805077249184251e-04 4.273959116306291772e-13 4.033827037588227915e-13 nan 1.306743652094155550e-04 3.603360975875258276e-02
1.017472743988037109e+01 6.878115653991699219e+00 1.683381361073609185e-09 8.978606638265773654e-05 8.841498492984101176e-05 1.919185025744257755e-13 1.811352446073194455e-13 nan 8.957659883890300989e-05 2.076642317084001488e-02
1.257137203216552734e+01 8.498247146606445312e+00 1.670965250288532184e-09 6.143270729808136821e-05 6.049397052265703678e-05 8.601818801516614155e-14 8.118488249286154312e-14 nan 6.128928362159058452e-05 1.192306458776131242e-02
1.553254413604736328e+01 1.050000000000000000e+01 1.658640709094829109e-09 4.195978908683173358e-05 4.131793320993892848e-05 3.848646661780419365e-14 3.632377805116125680e-14 nan 4.186172736808657646e-05 6.821815872785416159e-03
