# k/h [h/Mpc]            k [1/Mpc]              Primoridal             T_cdm(k)                 T_bar(k)                 T_phot(k)                T_massless neutrions(k)  T_massive neutrinos(k)   T_total(k)               Linear Pk [(Mpc/h)^3]  
1.049045658874092624e-05 7.091548468451946974e-06 2.727206404909961128e-09 1.000000000000000000e+00 1.000000000000000000e+00 1.000000000000000000e+00 1.000000000000000000e+00 nan 1.000000000000000000e+00 4.996428172408491797e+00
1.158353370556142181e-05 7.830468348402064294e-06 2.717761705682844603e-09 1.219251275062561035e+00 1.219251275062561035e+00 1.219209551811218262e+00 1.219208478927612305e+00 nan 1.219251275062561035e+00 5.497933956592630622e+00
1.279050593439023942e-05 8.646382411825470626e-06 2.708349706436794825e-09 1.486573815345764160e+00 1.486573815345764160e+00 1.486461043357849121e+00 1.486457943916320801e+00 nan 1.486573815345764160e+00 6.049775857919956756e+00
1.412324218108551577e-05 9.547311492497101426e-06 2.698970312856197758e-09 1.812506794929504395e+00 1.812506794929504395e+00 1.812276840209960938e+00 1.812271118164062500e+00 nan 1.812506794929504395e+00 6.657007288157408276e+00
1.559484553581569344e-05 1.054211588780162856e-05 2.689623392481895528e-09 2.209901094436645508e+00 2.209900856018066406e+00 2.209484100341796875e+00 2.209473371505737305e+00 nan 2.209901094436645508e+00 7.325187896505291896e+00
1.721978514979127795e-05 1.164057448477251455e-05 2.680308856040028027e-09 2.694423437118530273e+00 2.694423437118530273e+00 2.693711519241333008e+00 2.693693161010742188e+00 nan 2.694423437118530273e+00 8.060431923842806157e+00
1.901403993542771786e-05 1.285349117097212002e-05 2.671026563908324178e-09 3.285178899765014648e+00 3.285178422927856445e+00 3.284007310867309570e+00 3.283977270126342773e+00 nan 3.285178899765014648e+00 8.869472574162623246e+00
2.099525045196060091e-05 1.419278942194068804e-05 2.661776424936157355e-09 4.005456447601318359e+00 4.005455970764160156e+00 4.003578186035156250e+00 4.003530025482177734e+00 nan 4.005456447601318359e+00 9.759715886267064988e+00
2.318289807590190321e-05 1.567163963045459241e-05 2.652558315858844083e-09 4.883655071258544922e+00 4.883654117584228516e+00 4.880696296691894531e+00 4.880620479583740234e+00 nan 4.883654594421386719e+00 1.073931242851529433e+01
2.559849235694855452e-05 1.730458097881637514e-05 2.643372135990062650e-09 5.954396724700927734e+00 5.954395771026611328e+00 5.949794769287109375e+00 5.949678421020507812e+00 nan 5.954396724700927734e+00 1.181722417191623542e+01
2.826578383974265307e-05 1.910767059598583728e-05 2.634217767634683471e-09 7.259897708892822266e+00 7.259896755218505859e+00 7.252810478210449219e+00 7.252629756927490234e+00 nan 7.259897708892822266e+00 1.300332227128857809e+01
3.121100235148333013e-05 2.109863817167934030e-05 2.625095097817206075e-09 8.851627349853515625e+00 8.851625442504882812e+00 8.840788841247558594e+00 8.840514183044433594e+00 nan 8.851627349853515625e+00 1.430846206341106353e+01
3.446310074650682509e-05 2.329705603187903762e-05 2.616004033478672110e-09 1.079233837127685547e+01 1.079233551025390625e+01 1.077585792541503906e+01 1.077544021606445312e+01 nan 1.079233741760253906e+01 1.574458571625388181e+01
3.805406231549568474e-05 2.572454650362487882e-05 2.606944439452153756e-09 1.315854454040527344e+01 1.315853977203369141e+01 1.313360118865966797e+01 1.313296794891357422e+01 nan 1.315854263305664062e+01 1.732483589715896244e+01
4.201919000479392707e-05 2.840497290890198201e-05 2.597916226597658093e-09 1.604352569580078125e+01 1.604351997375488281e+01 1.600590705871582031e+01 1.600494956970214844e+01 nan 1.604352569580078125e+01 1.906367060636583588e+01
4.639747567125596106e-05 3.136469240416772664e-05 2.588919279439887767e-09 1.956102180480957031e+01 1.956101417541503906e+01 1.950444793701171875e+01 1.950300979614257812e+01 nan 1.956101989746093750e+01 2.097700039520524129e+01
5.123196388012729585e-05 3.463280881987884641e-05 2.579953483847589841e-09 2.384970283508300781e+01 2.384968948364257812e+01 2.376481056213378906e+01 2.376265335083007812e+01 nan 2.384969902038574219e+01 2.308232413018213336e+01
5.657019573845900595e-05 3.824145096587017179e-05 2.571018745591721348e-09 2.907862663269042969e+01 2.907860565185546875e+01 2.895148468017578125e+01 2.894825744628906250e+01 nan 2.907862281799316406e+01 2.539889906998556768e+01
6.246465636650100350e-05 4.222610732540488243e-05 2.562114941593048984e-09 3.545393371582031250e+01 3.545390319824218750e+01 3.526380920410156250e+01 3.525898361206054688e+01 nan 3.545392227172851562e+01 2.794790213167708259e+01
6.897329876665025949e-05 4.662595165427774191e-05 2.553241977543412439e-09 4.322691345214843750e+01 4.322686767578125000e+01 4.294297027587890625e+01 4.293576812744140625e+01 nan 4.322690963745117188e+01 3.075262049534300957e+01
7.616012590005993843e-05 5.148424679646268487e-05 2.544399743325443185e-09 5.270396423339843750e+01 5.270390701293945312e+01 5.228036499023437500e+01 5.226962661743164062e+01 nan 5.270395278930664062e+01 3.383870084974602577e+01
8.409580186707898974e-05 5.684876305167563260e-05 2.535588130685252624e-09 6.425861358642578125e+01 6.425852966308593750e+01 6.362726974487304688e+01 6.361125946044921875e+01 nan 6.425859832763671875e+01 3.723430952136558147e+01
9.285835403716191649e-05 6.277224747464060783e-05 2.526807033334104165e-09 7.834627532958984375e+01 7.834613037109375000e+01 7.740605926513671875e+01 7.738223266601562500e+01 nan 7.834625244140625000e+01 4.097044220254854707e+01
1.025339443003758788e-04 6.931294774403795600e-05 2.518056339675267213e-09 9.552212524414062500e+01 9.552191925048828125e+01 9.412297821044921875e+01 9.408755493164062500e+01 nan 9.552210235595703125e+01 4.508116977122676161e+01
1.132176985265687108e-04 7.653516513528302312e-05 2.509335958204897443e-09 1.164629745483398438e+02 1.164626770019531250e+02 1.143823699951171875e+02 1.143297424316406250e+02 nan 1.164629287719726562e+02 4.960396198661546663e+01
1.250146742677316070e-04 8.450992027064785361e-05 2.500645773867358897e-09 1.419939117431640625e+02 1.419934539794921875e+02 1.389020233154296875e+02 1.388239288330078125e+02 nan 1.419938507080078125e+02 5.457998834532043020e+01
1.380408502882346511e-04 9.331561159342527390e-05 2.491985695624705562e-09 1.731206817626953125e+02 1.731200256347656250e+02 1.685292358398437500e+02 1.684134063720703125e+02 nan 1.731205749511718750e+02 6.005448403487540077e+01
1.524243270978331566e-04 1.030388448270969093e-04 2.483355596498544299e-09 2.110693817138671875e+02 2.110684051513671875e+02 2.042561492919921875e+02 2.040845947265625000e+02 nan 2.110692291259765625e+02 6.607715858342905335e+01
1.683065347606316209e-04 1.137752187787555158e-04 2.474755379885282393e-09 2.573344421386718750e+02 2.573329467773437500e+02 2.472324829101562500e+02 2.469786071777343750e+02 nan 2.573341979980468750e+02 7.270260133695727234e+01
1.858436153270304203e-04 1.256302784895524383e-04 2.466184957973141175e-09 3.137370910644531250e+02 3.137349243164062500e+02 2.987726440429687500e+02 2.983974609375000000e+02 nan 3.137367553710937500e+02 7.999067280345438746e+01
2.052080089924857020e-04 1.387206139042973518e-04 2.457644209414643305e-09 3.824974060058593750e+02 3.824941711425781250e+02 3.603530273437500000e+02 3.597995910644531250e+02 nan 3.824969177246093750e+02 8.800713728317552409e+01
2.265901130158454180e-04 1.531749148853123188e-04 2.449133045395065615e-09 4.663202819824218750e+02 4.663154907226562500e+02 4.335914306640625000e+02 4.327765502929687500e+02 nan 4.663195495605468750e+02 9.682398408227977882e+01
2.502001880202442408e-04 1.691353245405480266e-04 2.440651351248999153e-09 5.685021362304687500e+02 5.684950561523437500e+02 5.201997070312500000e+02 5.190025024414062500e+02 nan 5.685010375976562500e+02 1.065201757495841548e+02
2.762703516054898500e-04 1.867587561719119549e-04 2.432199034655000626e-09 6.930586547851562500e+02 6.930482177734375000e+02 6.218954467773437500e+02 6.201415405273437500e+02 nan 6.930571289062500000e+02 1.171820465214560016e+02
3.050569503102451563e-04 2.062184939859434962e-04 2.423775992290330563e-09 8.448817138671875000e+02 8.448663940429687500e+02 7.402554321289062500e+02 7.376944580078125000e+02 nan 8.448794555664062500e+02 1.289039987588386111e+02
3.368430479895323515e-04 2.277058956678956747e-04 2.415382114947829304e-09 1.029929321289062500e+03 1.029906860351562500e+03 8.764887695312500000e+02 8.727640991210937500e+02 nan 1.029926025390625000e+03 1.417891033099035383e+02
3.719411906786262989e-04 2.514322404749691486e-04 2.407017301830847028e-09 1.255456420898437500e+03 1.255423339843750000e+03 1.031103515625000000e+03 1.025712890625000000e+03 nan 1.255451416015625000e+03 1.559496841062620263e+02
4.106964333914220333e-04 2.776307810563594103e-04 2.398681465071051552e-09 1.530293212890625000e+03 1.530244995117187500e+03 1.203446533203125000e+03 1.195691162109375000e+03 nan 1.530285888671875000e+03 1.715078542061943949e+02
4.534898616839200258e-04 3.065591445192694664e-04 2.390374494355455649e-09 1.865187133789062500e+03 1.865116455078125000e+03 1.391106567382812500e+03 1.380029418945312500e+03 nan 1.865176391601562500e+03 1.885961643235057466e+02
5.007422878406941891e-04 3.385017917025834322e-04 2.382096284987275655e-09 2.273211425781250000e+03 2.273108642578125000e+03 1.589197387695312500e+03 1.573513916015625000e+03 nan 2.273195556640625000e+03 2.073580700047693313e+02
5.529182380996644497e-04 3.737727238330990076e-04 2.373846756225058361e-09 2.770260986328125000e+03 2.770113037109375000e+03 1.789601074218750000e+03 1.767631469726562500e+03 nan 2.770238525390625000e+03 2.279482193123510001e+02
6.105307838879525661e-04 4.127188003621995449e-04 2.365625794166928840e-09 3.375656738281250000e+03 3.375443603515625000e+03 1.980362548828125000e+03 1.949983886718750000e+03 nan 3.375624023437500000e+03 2.505329413813207395e+02
6.741464603692293167e-04 4.557229985948652029e-04 2.357433293568910220e-09 4.112865234375000000e+03 4.112561035156250000e+03 2.145568847656250000e+03 2.104216552734375000e+03 nan 4.112819335937500000e+03 2.752900337746121977e+02
7.443906506523489952e-04 5.032080807723104954e-04 2.349269171114912410e-09 5.010371093750000000e+03 5.009939941406250000e+03 2.266254882812500000e+03 2.211021240234375000e+03 nan 5.010305175781250000e+03 3.024089994201428908e+02
8.219541050493717194e-04 5.556409596465528011e-04 2.341133324843220307e-09 6.102727050781250000e+03 6.102123046875000000e+03 2.323058837890625000e+03 2.250941162109375000e+03 nan 6.102634765625000000e+03 3.320903589449101219e+02
9.075994603335857391e-04 6.135372095741331577e-04 2.333025652639057309e-09 7.431815429687500000e+03 7.430978027343750000e+03 2.301300781250000000e+03 2.209643554687500000e+03 nan 7.431687011718750000e+03 3.645453150999473451e+02
1.002168864943087101e-03 6.774661596864461899e-04 2.324946049885245546e-09 9.048355468750000000e+03 9.047210937500000000e+03 2.198644531250000000e+03 2.085760009765625000e+03 nan 9.048180664062500000e+03 3.999947317195919254e+02
1.106592128053307533e-03 7.480562780983746052e-04 2.316894434325377400e-09 1.101371386718750000e+04 1.101217285156250000e+04 2.033966796875000000e+03 1.899796264648437500e+03 nan 1.101347949218750000e+04 4.386679521434024878e+02
1.221895916387438774e-03 8.260016329586505890e-04 2.308870708568745277e-09 1.340206933593750000e+04 1.340002636718750000e+04 1.853260620117187500e+03 1.699741943359375000e+03 nan 1.340175683593750000e+04 4.808011030259015683e+02
1.349214115180075169e-03 9.120687609538435936e-04 2.300874762407135126e-09 1.630299218750000000e+04 1.630033398437500000e+04 1.724933471679687500e+03 1.555604248046875000e+03 nan 1.630258789062500000e+04 5.266350660744712968e+02
1.489798538386821747e-03 1.007103826850652695e-03 2.292906509188567727e-09 1.982450976562500000e+04 1.982110351562500000e+04 1.715692382812500000e+03 1.534226318359375000e+03 nan 1.982399023437500000e+04 5.764125383917879617e+02
1.645031501539051533e-03 1.112041296437382698e-03 2.284965850418265676e-09 2.409672460937500000e+04 2.409241406250000000e+04 1.845607788085937500e+03 1.653879394531250000e+03 nan 2.409606445312500000e+04 6.303734128893753450e+02
1.816439209505915642e-03 1.227912958711385727e-03 2.277052691606405739e-09 2.927609375000000000e+04 2.927066210937500000e+04 2.043464477539062500e+03 1.841290527343750000e+03 nan 2.927526171875000000e+04 6.887496982896313966e+02
2.005707239732146263e-03 1.355858054012060165e-03 2.269166941709029953e-09 3.555039062500000000e+04 3.554351953125000000e+04 2.154867431640625000e+03 1.944207885742187500e+03 nan 3.554934375000000000e+04 7.517569863858160488e+02
2.214696491137146950e-03 1.497134799137711525e-03 2.261308494449764354e-09 4.314455859375000000e+04 4.313571093750000000e+04 2.055111328125000000e+03 1.847659057617187500e+03 nan 4.314320703125000000e+04 8.195851230079995275e+02
2.445461694151163101e-03 1.653132145293056965e-03 2.253477264686429142e-09 5.232737890625000000e+04 5.231572265625000000e+04 1.818471069335937500e+03 1.636347412109375000e+03 nan 5.232560156250000000e+04 8.923874182434549311e+02
2.700272016227245331e-03 1.825383864343166351e-03 2.245673160886940457e-09 6.341934375000000000e+04 6.340365234375000000e+04 1.716118408203125000e+03 1.573662841796875000e+03 nan 6.341694921875000000e+04 9.702693723369436611e+02
2.981632947921752930e-03 2.015583915635943413e-03 2.237896076485985185e-09 7.680160937500000000e+04 7.678023437500000000e+04 1.858825683593750000e+03 1.663108154296875000e+03 nan 7.679834375000000000e+04 1.053277539407911036e+03
3.292310982942581177e-03 2.225602278485894203e-03 2.230145925871712440e-09 9.292610937500000000e+04 9.289688281250000000e+04 1.911262695312500000e+03 1.650549316406250000e+03 nan 9.292164062500000000e+04 1.141382006102935293e+03
3.635360859334468842e-03 2.457503927871584892e-03 2.222422616889744185e-09 1.123269843750000000e+05 1.122869921875000000e+05 1.669543579101562500e+03 1.636487792968750000e+03 nan 1.123208828125000000e+05 1.234460311888911292e+03
4.014155361801385880e-03 2.713568974286317825e-03 2.214726058195065524e-09 1.356332187500000000e+05 1.355781406250000000e+05 1.645922607421875000e+03 1.620781738281250000e+03 nan 1.356248125000000000e+05 1.332277039773971183e+03
4.432419314980506897e-03 2.996315481141209602e-03 2.207056148657132701e-09 1.635825156250000000e+05 1.635058125000000000e+05 1.839678955078125000e+03 1.603309814453125000e+03 nan 1.635707968750000000e+05 1.434463294677298791e+03
4.894265439361333847e-03 3.308523446321487427e-03 2.199412800139309644e-09 1.970360000000000000e+05 1.969281250000000000e+05 1.657193969726562500e+03 1.583967041015625000e+03 nan 1.970195468750000000e+05 1.540494785644735884e+03
5.404234398156404495e-03 3.653262509033083916e-03 2.191795924301313793e-09 2.369938281250000000e+05 2.368414531250000000e+05 1.821530639648437500e+03 1.562612670898437500e+03 nan 2.369705468750000000e+05 1.649667752487753887e+03
5.967340432107448578e-03 4.033922217786312103e-03 2.184205430909534259e-09 2.846104375000000000e+05 2.843945312500000000e+05 1.745877075195312500e+03 1.539132812500000000e+03 nan 2.845774687500000000e+05 1.761073405713277907e+03
6.589121185243129730e-03 4.454245790839195251e-03 2.176641221197925960e-09 3.412093125000000000e+05 3.409017500000000000e+05 1.625738037109375000e+03 1.513398437500000000e+03 nan 3.411623437500000000e+05 1.873574879802317582e+03
7.275689393281936646e-03 4.918366204947233200e-03 2.169103203027300791e-09 4.082948750000000000e+05 4.078551562500000000e+05 1.511130493164062500e+03 1.485282958984375000e+03 nan 4.082277187500000000e+05 1.985776812294159527e+03
8.033796213567256927e-03 5.430846009403467178e-03 2.161591299930936394e-09 4.875601250000000000e+05 4.869305312500000000e+05 1.669441162109375000e+03 1.454660034179687500e+03 nan 4.874639687500000000e+05 2.096005321481837200e+03
8.870895951986312866e-03 5.996725521981716156e-03 2.154105401952956366e-09 5.808871875000000000e+05 5.799840625000000000e+05 1.460750610351562500e+03 1.421409912109375000e+03 nan 5.807491875000000000e+05 2.202281933460140863e+03
9.795218706130981445e-03 6.621567998081445694e-03 2.146645430474833453e-09 6.903369375000000000e+05 6.890410625000000000e+05 1.419428222656250000e+03 1.385406616210937500e+03 nan 6.901389375000000000e+05 2.302315818580603263e+03
1.081585418432950974e-02 7.311517372727394104e-03 2.139211293795359687e-09 8.181209375000000000e+05 8.162622500000000000e+05 1.440849243164062500e+03 1.346530517578125000e+03 nan 8.178370000000000000e+05 2.393486934684539847e+03
1.194283645600080490e-02 8.073357865214347839e-03 2.131802900090153706e-09 9.665517500000000000e+05 9.638901250000000000e+05 1.379557006835937500e+03 1.304667480468750000e+03 nan 9.661450625000000000e+05 2.472860376025985261e+03
1.318724639713764191e-02 8.914578706026077271e-03 2.124420174276236449e-09 1.137964875000000000e+06 1.134162875000000000e+06 1.360652709960937500e+03 1.259712280273437500e+03 nan 1.137384000000000000e+06 2.537234142775893361e+03
1.456132158637046814e-02 9.843453764915466309e-03 2.117063005254935590e-09 1.334601375000000000e+06 1.329191125000000000e+06 1.294984741210937500e+03 1.211581909179687500e+03 nan 1.333774750000000000e+06 2.583207250037783524e+03
1.607857085764408112e-02 1.086911372840404510e-02 2.109731324472420402e-09 1.558451125000000000e+06 1.550791500000000000e+06 1.203423339843750000e+03 1.160225097656250000e+03 nan 1.557280875000000000e+06 2.607330065376585935e+03
1.775391399860382080e-02 1.200164575129747391e-02 2.102425026951150955e-09 1.811059750000000000e+06 1.800287250000000000e+06 1.256810180664062500e+03 1.105648437500000000e+03 nan 1.809413875000000000e+06 2.606324821003593570e+03
1.960382424294948578e-02 1.325218472629785538e-02 2.095144031049849183e-09 2.093308875000000000e+06 2.078288125000000000e+06 1.091853881835937500e+03 1.047946777343750000e+03 nan 2.091014125000000000e+06 2.577407150988890407e+03
2.164648845791816711e-02 1.463302597403526306e-02 2.087888252770266929e-09 2.405224750000000000e+06 2.384503500000000000e+06 1.074820190429687500e+03 9.873427124023437500e+02 nan 2.402058750000000000e+06 2.518726769653641441e+03
2.390199340879917145e-02 1.615774817764759064e-02 2.080657597354892904e-09 2.745884000000000000e+06 2.717681250000000000e+06 1.025415161132812500e+03 9.242415771484375000e+02 nan 2.741575000000000000e+06 2.429893962955736697e+03
2.639251388609409332e-02 1.784133911132812500e-02 2.073451995948668221e-09 3.113560500000000000e+06 3.075812250000000000e+06 1.023982177734375000e+03 8.592861938476562500e+02 nan 3.107793250000000000e+06 2.312550364713508770e+03
2.914254181087017059e-02 1.970035769045352936e-02 2.066271340052806293e-09 3.506312250000000000e+06 3.456827250000000000e+06 8.284155883789062500e+02 7.934124145507812500e+02 nan 3.498752000000000000e+06 2.170856753997311444e+03
3.217911347746849060e-02 2.175308018922805786e-02 2.059115554147728899e-09 3.923205000000000000e+06 3.859987500000000000e+06 7.844475708007812500e+02 7.278748168945312500e+02 nan 3.913547250000000000e+06 2.011710169728795108e+03
3.553209081292152405e-02 2.401969395577907562e-02 2.051984539888671147e-09 4.366332500000000000e+06 4.288120000000000000e+06 6.867703857421875000e+02 6.642235717773437500e+02 nan 4.354383000000000000e+06 1.844463845767421844e+03
3.923443704843521118e-02 2.652247995138168335e-02 2.044878229365854235e-09 4.843435000000000000e+06 4.750445500000000000e+06 6.651124877929687500e+02 6.041844482421875000e+02 nan 4.829229000000000000e+06 1.679952156871105672e+03
4.332255572080612183e-02 2.928604744374752045e-02 2.037796533657790378e-09 5.370282000000000000e+06 5.265028000000000000e+06 5.966925048828125000e+02 5.494077148437500000e+02 nan 5.354201500000000000e+06 1.528753923060553916e+03
4.765481501817703247e-02 3.221465647220611572e-02 2.031010053452367756e-09 5.944441500000000000e+06 5.832354500000000000e+06 5.297219848632812500e+02 5.026656188964843750e+02 nan 5.927317000000000000e+06 1.402615522747253635e+03
5.198707059025764465e-02 3.514325991272926331e-02 2.024834231214258902e-09 6.552672000000000000e+06 6.440392000000000000e+06 4.907986755371093750e+02 4.657294921875000000e+02 nan 6.535518500000000000e+06 1.308775241641655612e+03
5.631932616233825684e-02 3.807186335325241089e-02 2.019169610001785353e-09 7.189640000000000000e+06 7.082496500000000000e+06 4.590166015625000000e+02 4.355699462890625000e+02 nan 7.173270500000000000e+06 1.235775681317452609e+03
6.065158173441886902e-02 4.100047051906585693e-02 2.013939112582009273e-09 7.846861500000000000e+06 7.747483500000000000e+06 4.321233825683593750e+02 4.100495910644531250e+02 nan 7.831679000000000000e+06 1.175538140883144251e+03
6.498383730649948120e-02 4.392907395958900452e-02 2.009081821590703985e-09 8.502889000000000000e+06 8.410415000000000000e+06 4.080175170898437500e+02 3.871745605468750000e+02 nan 8.488762000000000000e+06 1.119539545646608076e+03
6.931609660387039185e-02 4.685768112540245056e-02 2.004548729015451583e-09 9.131034000000000000e+06 9.041110000000000000e+06 3.851650695800781250e+02 3.654892578125000000e+02 nan 9.117297000000000000e+06 1.061400017902897844e+03
7.364834845066070557e-02 4.978628456592559814e-02 2.000299865353250301e-09 9.705974000000000000e+06 9.611572000000000000e+06 3.626731872558593750e+02 3.441464233398437500e+02 nan 9.691552000000000000e+06 9.977210848723440222e+02
7.798060774803161621e-02 5.271489173173904419e-02 1.996302173696350216e-09 1.021185700000000000e+07 1.010475500000000000e+07 3.403126525878906250e+02 3.229284667968750000e+02 nan 1.019549400000000000e+07 9.285401135213223824e+02
8.231285959482192993e-02 5.564349144697189331e-02 1.992528044667567094e-09 1.064624600000000000e+07 1.051885400000000000e+07 3.183472900390625000e+02 3.020856018066406250e+02 nan 1.062678300000000000e+07 8.564839396357717760e+02
8.664511889219284058e-02 5.857209861278533936e-02 1.988954134422163219e-09 1.101945900000000000e+07 1.086654300000000000e+07 2.972864990234375000e+02 2.821011352539062500e+02 nan 1.099609600000000000e+07 7.853041226579541672e+02
9.097737073898315430e-02 6.150070205330848694e-02 1.985560585482697045e-09 1.135068600000000000e+07 1.117063200000000000e+07 2.776621704101562500e+02 2.634796447753906250e+02 nan 1.132317800000000000e+07 7.185417422614852967e+02
9.636187553405761719e-02 6.514062732458114624e-02 1.981568674123380254e-09 1.174392600000000000e+07 1.153406700000000000e+07 2.559892730712890625e+02 2.429141693115234375e+02 nan 1.171186500000000000e+07 6.460183741860178088e+02
1.017463728785514832e-01 6.878054887056350708e-02 1.977801256732118934e-09 1.217151100000000000e+07 1.194255900000000000e+07 2.379358215332031250e+02 2.257829437255859375e+02 nan 1.213653300000000000e+07 5.883552587061416261e+02
1.071308776736259460e-01 7.242047041654586792e-02 1.974234781265857972e-09 1.267951000000000000e+07 1.244595300000000000e+07 2.235918426513671875e+02 2.121714477539062500e+02 nan 1.264382600000000000e+07 5.459900072101132764e+02
1.125153750181198120e-01 7.606039196252822876e-02 1.970849203820953451e-09 1.327811400000000000e+07 1.305384600000000000e+07 2.123273773193359375e+02 2.014820556640625000e+02 nan 1.324385000000000000e+07 5.159592636581571696e+02
1.178998723626136780e-01 7.970031350851058960e-02 1.967627323526894450e-09 1.394000800000000000e+07 1.373413200000000000e+07 2.030869140625000000e+02 1.927131805419921875e+02 nan 1.390855400000000000e+07 4.934619508989584347e+02
1.232843771576881409e-01 8.334024250507354736e-02 1.964554264128985100e-09 1.461720000000000000e+07 1.443132200000000000e+07 1.948230133056640625e+02 1.848711090087890625e+02 nan 1.458880300000000000e+07 4.737977757052468633e+02
1.286688745021820068e-01 8.698015660047531128e-02 1.961617102724775952e-09 1.525639400000000000e+07 1.508422500000000000e+07 1.867233428955078125e+02 1.771849517822265625e+02 nan 1.523009000000000000e+07 4.533382913904435441e+02
1.340533792972564697e-01 9.062008559703826904e-02 1.958804483640675406e-09 1.581084700000000000e+07 1.564020800000000000e+07 1.782902221679687500e+02 1.691825714111328125e+02 nan 1.578477700000000000e+07 4.299251269272202194e+02
1.394378840923309326e-01 9.426000714302062988e-02 1.956106446915437174e-09 1.625470800000000000e+07 1.607123100000000000e+07 1.693983459472656250e+02 1.607450408935546875e+02 nan 1.622667700000000000e+07 4.032119837261523685e+02
1.448223739862442017e-01 9.789992123842239380e-02 1.953514161287429418e-09 1.659210400000000000e+07 1.638348500000000000e+07 1.602614440917968750e+02 1.520750732421875000e+02 nan 1.656023200000000000e+07 3.744876060040168113e+02
1.502068787813186646e-01 1.015398502349853516e-01 1.951019758654691563e-09 1.685352800000000000e+07 1.661305900000000000e+07 1.512825012207031250e+02 1.435549774169921875e+02 nan 1.681678800000000000e+07 3.458586774173194840e+02
1.555913835763931274e-01 1.051797717809677124e-01 1.948616241255242070e-09 1.708660400000000000e+07 1.681494600000000000e+07 1.429044799804687500e+02 1.356051177978515625e+02 nan 1.704510200000000000e+07 3.194523637139741368e+02
1.609758734703063965e-01 1.088196933269500732e-01 1.946297314463125787e-09 1.734565400000000000e+07 1.705046400000000000e+07 1.355036163330078125e+02 1.285823822021484375e+02 nan 1.730055600000000000e+07 2.969155739383618311e+02
1.663603782653808594e-01 1.124596148729324341e-01 1.944057316713681798e-09 1.767511800000000000e+07 1.736866800000000000e+07 1.292773132324218750e+02 1.226741333007812500e+02 nan 1.762830200000000000e+07 2.790030240777276731e+02
1.717448830604553223e-01 1.160995438694953918e-01 1.941891129256332855e-09 1.809231400000000000e+07 1.778790600000000000e+07 1.241720275878906250e+02 1.178295288085937500e+02 nan 1.804580600000000000e+07 2.653911465748255409e+02
1.771293878555297852e-01 1.197394654154777527e-01 1.939794125595426991e-09 1.858412800000000000e+07 1.829241000000000000e+07 1.199332046508789062e+02 1.138071060180664062e+02 nan 1.853956000000000000e+07 2.549722973446409355e+02
1.825138777494430542e-01 1.233793795108795166e-01 1.937762091126241291e-09 1.911739600000000000e+07 1.884360400000000000e+07 1.162288436889648438e+02 1.102918243408203125e+02 nan 1.907556600000000000e+07 2.463741261546160217e+02
1.878983825445175171e-01 1.270193010568618774e-01 1.935791175107242678e-09 1.964929400000000000e+07 1.939215800000000000e+07 1.127368621826171875e+02 1.069781036376953125e+02 nan 1.961001000000000000e+07 2.382912778426775446e+02
1.932828873395919800e-01 1.306592375040054321e-01 1.933877861004656685e-09 2.013550400000000000e+07 1.988798600000000000e+07 1.091935729980468750e+02 1.036157379150390625e+02 nan 2.009769000000000000e+07 2.296670213829312956e+02
1.986673772335052490e-01 1.342991441488265991e-01 1.932018951816384183e-09 2.054274600000000000e+07 2.029429800000000000e+07 1.054484634399414062e+02 1.000619354248046875e+02 nan 2.050478600000000000e+07 2.199244570853470293e+02
2.040518820285797119e-01 1.379390656948089600e-01 1.930211465507478933e-09 2.086101600000000000e+07 2.060069000000000000e+07 1.014988555908203125e+02 9.631412506103515625e+01 nan 2.082124400000000000e+07 2.091119721948241761e+02
2.094363868236541748e-01 1.415790021419525146e-01 1.928452677645768952e-09 2.110443400000000000e+07 2.082383000000000000e+07 9.745801544189453125e+01 9.247977447509765625e+01 nan 2.106156200000000000e+07 1.977537608971445309e+02
2.148208767175674438e-01 1.452189087867736816e-01 1.926740094380007882e-09 2.130273400000000000e+07 2.099811400000000000e+07 9.348860931396484375e+01 8.871320343017578125e+01 nan 2.125619200000000000e+07 1.865474116050923783e+02
2.202053815126419067e-01 1.488588303327560425e-01 1.925071368159055733e-09 2.149283800000000000e+07 2.116578800000000000e+07 8.975297546386718750e+01 8.516845703125000000e+01 nan 2.144287200000000000e+07 1.761470944558751341e+02
2.255898863077163696e-01 1.524987667798995972e-01 1.923444343781293656e-09 2.171079800000000000e+07 2.136743200000000000e+07 8.637839508056640625e+01 8.196627044677734375e+01 nan 2.165834000000000000e+07 1.670310301985649915e+02
2.309743911027908325e-01 1.561386883258819580e-01 1.921857033120720865e-09 2.198152400000000000e+07 2.163057800000000000e+07 8.342350769042968750e+01 7.916232299804687500e+01 nan 2.192790800000000000e+07 1.593932702058506266e+02
2.363588809967041016e-01 1.597786098718643188e-01 1.920307567935778733e-09 2.231174800000000000e+07 2.196209800000000000e+07 8.086664581298828125e+01 7.673603820800781250e+01 nan 2.225832800000000000e+07 1.531252926330158175e+02
2.417433857917785645e-01 1.634185314178466797e-01 1.918794213956308179e-09 2.269133000000000000e+07 2.234968600000000000e+07 7.862753295898437500e+01 7.461126708984375000e+01 nan 2.263913200000000000e+07 1.479139908965543384e+02
2.471278905868530273e-01 1.670584529638290405e-01 1.917315352832477265e-09 2.309817200000000000e+07 2.276753200000000000e+07 7.659688568115234375e+01 7.268428039550781250e+01 nan 2.304765800000000000e+07 1.433535214069249548e+02
2.525123953819274902e-01 1.706983745098114014e-01 1.915869472055197894e-09 2.350233200000000000e+07 2.318154200000000000e+07 7.465691375732421875e+01 7.084337615966796875e+01 nan 2.345332200000000000e+07 1.390159367620026671e+02
2.578969001770019531e-01 1.743383109569549561e-01 1.914455150219987163e-09 2.387322000000000000e+07 2.355763600000000000e+07 7.270658874511718750e+01 6.899264526367187500e+01 nan 2.382500600000000000e+07 1.345406711352157458e+02
2.632813751697540283e-01 1.779782027006149292e-01 1.913071083197014340e-09 2.419100200000000000e+07 2.387402800000000000e+07 7.069300842285156250e+01 6.708192443847656250e+01 nan 2.414257600000000000e+07 1.297487755269729064e+02
2.686658799648284912e-01 1.816181391477584839e-01 1.911715991580206360e-09 2.445331400000000000e+07 2.412827400000000000e+07 6.862175750732421875e+01 6.511648559570312500e+01 nan 2.440365400000000000e+07 1.246769305895057727e+02
2.740503847599029541e-01 1.852580606937408447e-01 1.910388727493893778e-09 2.467124000000000000e+07 2.433312200000000000e+07 6.653491973876953125e+01 6.313626861572265625e+01 nan 2.461958200000000000e+07 1.194915753800669336e+02
2.794348895549774170e-01 1.888979822397232056e-01 1.909088184011114833e-09 2.486195400000000000e+07 2.450854800000000000e+07 6.448475646972656250e+01 6.119085311889648438e+01 nan 2.480796200000000000e+07 1.143877351003746128e+02
2.848193943500518799e-01 1.925379037857055664e-01 1.907813323590368924e-09 2.504572200000000000e+07 2.467792600000000000e+07 6.252359008789062500e+01 5.932989501953125000e+01 nan 2.498953000000000000e+07 1.095517076268236707e+02
2.902038991451263428e-01 1.961778402328491211e-01 1.906563162582237113e-09 2.524410200000000000e+07 2.486541000000000000e+07 6.069884872436523438e+01 5.759837341308593750e+01 nan 2.518624200000000000e+07 1.051443695599078865e+02
2.955884039402008057e-01 1.998177617788314819e-01 1.905336787226579552e-09 2.547358800000000000e+07 2.508897600000000000e+07 5.903855133056640625e+01 5.602288818359375000e+01 nan 2.541482600000000000e+07 1.012545790947464042e+02
3.009728789329528809e-01 2.034576684236526489e-01 1.904133323856378078e-09 2.573857800000000000e+07 2.535309800000000000e+07 5.753855514526367188e+01 5.459950637817382812e+01 nan 2.567968000000000000e+07 9.786087827547164864e+01
3.063573837280273438e-01 2.070975899696350098e-01 1.902951936232507350e-09 2.603128200000000000e+07 2.564881000000000000e+07 5.616794204711914062e+01 5.329888916015625000e+01 nan 2.597285000000000000e+07 9.485467269030677073e+01
3.117418885231018066e-01 2.107375115156173706e-01 1.901791846628511990e-09 2.633784800000000000e+07 2.596021400000000000e+07 5.488643264770507812e+01 5.208282089233398438e+01 nan 2.628015200000000000e+07 9.210069268780971186e+01
3.171263933181762695e-01 2.143774479627609253e-01 1.900652308391623192e-09 2.664323000000000000e+07 2.627000600000000000e+07 5.365629577636718750e+01 5.091550064086914062e+01 nan 2.658621000000000000e+07 8.947547442951893970e+01
3.225108981132507324e-01 2.180173695087432861e-01 1.899532626729035332e-09 2.693282400000000000e+07 2.656167600000000000e+07 5.244545745849609375e+01 4.976650238037109375e+01 nan 2.687612200000000000e+07 8.687645345144679254e+01
3.278954029083251953e-01 2.216572910547256470e-01 1.898432128189829179e-09 2.719490600000000000e+07 2.682238000000000000e+07 5.123154830932617188e+01 4.861459732055664062e+01 nan 2.713799600000000000e+07 8.423432110217817126e+01
3.332799077033996582e-01 2.252972126007080078e-01 1.897350177081271127e-09 2.742501400000000000e+07 2.704753800000000000e+07 5.000856399536132812e+01 4.745408630371093750e+01 nan 2.736734600000000000e+07 8.153398795980260161e+01
3.386643826961517334e-01 2.289371192455291748e-01 1.896286172945125672e-09 2.762795200000000000e+07 2.724274200000000000e+07 4.878793334960937500e+01 4.629581832885742188e+01 nan 2.756910000000000000e+07 7.881657955050663134e+01
3.440488874912261963e-01 2.325770407915115356e-01 1.895239531240720810e-09 2.781461800000000000e+07 2.742030000000000000e+07 4.759033966064453125e+01 4.515940475463867188e+01 nan 2.775437400000000000e+07 7.615084819938797978e+01
3.494333922863006592e-01 2.362169772386550903e-01 1.894209703480833635e-09 2.799679400000000000e+07 2.759360800000000000e+07 4.643543624877929688e+01 4.406351089477539062e+01 nan 2.793519800000000000e+07 7.359974085804067556e+01
3.548178970813751221e-01 2.398568987846374512e-01 1.893196174858241155e-09 2.818436600000000000e+07 2.777393000000000000e+07 4.533732223510742188e+01 4.302149200439453125e+01 nan 2.812166200000000000e+07 7.120664155466359091e+01
3.602024018764495850e-01 2.434968203306198120e-01 1.892198441798694543e-09 2.838474600000000000e+07 2.796949800000000000e+07 4.430428314208984375e+01 4.204122161865234375e+01 nan 2.832130400000000000e+07 6.899565732136576912e+01
3.655869066715240479e-01 2.471367418766021729e-01 1.891216027459402332e-09 2.860165200000000000e+07 2.818418800000000000e+07 4.333774185180664062e+01 4.112405014038085938e+01 nan 2.853787400000000000e+07 6.696938171268294582e+01
3.709714114665985107e-01 2.507766783237457275e-01 1.890248472221847833e-09 2.883341200000000000e+07 2.841582600000000000e+07 4.243065643310546875e+01 4.026329040527343750e+01 nan 2.876961400000000000e+07 6.510501403154076172e+01
3.763558864593505859e-01 2.544165849685668945e-01 1.889295352117686434e-09 2.907338600000000000e+07 2.865682600000000000e+07 4.156940460205078125e+01 3.944602966308593750e+01 nan 2.900974200000000000e+07 6.336066128007414733e+01
3.817403912544250488e-01 2.580564916133880615e-01 1.888356242191734645e-09 2.931319800000000000e+07 2.889769800000000000e+07 4.073929977416992188e+01 3.865832138061523438e+01 nan 2.924972000000000000e+07 6.169228915747331143e+01
3.871248960494995117e-01 2.616964280605316162e-01 1.887430735669950155e-09 2.954563600000000000e+07 2.913025400000000000e+07 3.992877578735351562e+01 3.788919067382812500e+01 nan 2.948217800000000000e+07 6.006607158098897514e+01
3.925094008445739746e-01 2.653363645076751709e-01 1.886518457772270655e-09 2.976545200000000000e+07 2.934862000000000000e+07 3.913010787963867188e+01 3.713132476806640625e+01 nan 2.970177000000000000e+07 5.846024233767523981e+01
3.978939056396484375e-01 2.689762711524963379e-01 1.885619049100158659e-09 2.996965800000000000e+07 2.954964400000000000e+07 3.833938217163085938e+01 3.638098526000976562e+01 nan 2.990549000000000000e+07 5.686441158945633845e+01
4.032784104347229004e-01 2.726162075996398926e-01 1.884732143174389957e-09 3.015885600000000000e+07 2.973421400000000000e+07 3.755762100219726562e+01 3.563916015625000000e+01 nan 3.009398000000000000e+07 5.528271158260841389e+01
4.086629152297973633e-01 2.762561440467834473e-01 1.883857409814700777e-09 3.033763600000000000e+07 2.990754000000000000e+07 3.679065704345703125e+01 3.491137695312500000e+01 nan 3.027192800000000000e+07 5.373293093824906919e+01
4.140473902225494385e-01 2.798960208892822266e-01 1.882994538868699288e-09 3.051221800000000000e+07 3.007658800000000000e+07 3.604563903808593750e+01 3.420441436767578125e+01 nan 3.044566600000000000e+07 5.223617647039650080e+01
4.194318950176239014e-01 2.835359573364257812e-01 1.882143190604211824e-09 3.068758400000000000e+07 3.024702200000000000e+07 3.532752227783203125e+01 3.352298736572265625e+01 nan 3.062027800000000000e+07 5.080641881542467075e+01
4.248163998126983643e-01 2.871758937835693359e-01 1.881303079826970542e-09 3.086685800000000000e+07 3.042242600000000000e+07 3.463859939575195312e+01 3.286925506591796875e+01 nan 3.079895800000000000e+07 4.944981050140801671e+01
4.302009046077728271e-01 2.908158004283905029e-01 1.880473925305205483e-09 3.105221000000000000e+07 3.060512200000000000e+07 3.397977066040039062e+01 3.224407577514648438e+01 nan 3.098390400000000000e+07 4.816852035333141657e+01
4.355854094028472900e-01 2.944557368755340576e-01 1.879655436356054805e-09 3.124431400000000000e+07 3.079563400000000000e+07 3.335013580322265625e+01 3.164660263061523438e+01 nan 3.117576600000000000e+07 4.695967590500087852e+01
4.409699141979217529e-01 2.980956733226776123e-01 1.878847353036435648e-09 3.144099000000000000e+07 3.099139600000000000e+07 3.274582290649414062e+01 3.107315444946289062e+01 nan 3.137230000000000000e+07 4.581226564640719801e+01
4.463544189929962158e-01 3.017355799674987793e-01 1.878049424887222573e-09 3.163794200000000000e+07 3.118763000000000000e+07 3.216110229492187500e+01 3.051830101013183594e+01 nan 3.156914200000000000e+07 4.471042829705413624e+01
4.517388939857482910e-01 3.053754866123199463e-01 1.877261397654174740e-09 3.183137600000000000e+07 3.138006800000000000e+07 3.159124183654785156e+01 2.997754669189453125e+01 nan 3.176242400000000000e+07 4.364133279574193836e+01
4.571233987808227539e-01 3.090154230594635010e-01 1.876483026309890802e-09 3.201921800000000000e+07 3.156630000000000000e+07 3.103362083435058594e+01 2.944841003417968750e+01 nan 3.195002200000000000e+07 4.259812948363173746e+01
4.625079035758972168e-01 3.126553297042846680e-01 1.875714093387305177e-09 3.220031800000000000e+07 3.174503800000000000e+07 3.048673248291015625e+01 2.892945289611816406e+01 nan 3.213076000000000000e+07 4.157712183437337927e+01
4.678924083709716797e-01 3.162952661514282227e-01 1.874954364165268396e-09 3.237398200000000000e+07 3.191564800000000000e+07 2.994965744018554688e+01 2.841981506347656250e+01 nan 3.230396000000000000e+07 4.057605063765344511e+01
4.732769131660461426e-01 3.199352025985717773e-01 1.874203630559428286e-09 3.254095000000000000e+07 3.207910800000000000e+07 2.942285346984863281e+01 2.791992378234863281e+01 nan 3.247039200000000000e+07 3.959643225391065613e+01
4.786614179611206055e-01 3.235751092433929443e-01 1.873461691551420399e-09 3.270387600000000000e+07 3.223837800000000000e+07 2.890843582153320312e+01 2.743178558349609375e+01 nan 3.263275600000000000e+07 3.864407170331714525e+01
4.840458929538726807e-01 3.272150158882141113e-01 1.872728340933758753e-09 3.286594600000000000e+07 3.239695400000000000e+07 2.840878677368164062e+01 2.695765686035156250e+01 nan 3.279429600000000000e+07 3.772526494327090774e+01
4.894303977489471436e-01 3.308549523353576660e-01 1.872003379495005729e-09 3.302905800000000000e+07 3.255697000000000000e+07 2.792494392395019531e+01 2.649852943420410156e+01 nan 3.295693200000000000e+07 3.684265601756251129e+01
4.948149025440216064e-01 3.344948589801788330e-01 1.871286632213937058e-09 3.319364800000000000e+07 3.271898600000000000e+07 2.745661544799804688e+01 2.605412483215332031e+01 nan 3.312113200000000000e+07 3.599539051231040787e+01
5.001994371414184570e-01 3.381348252296447754e-01 1.870577900826693527e-09 3.335980400000000000e+07 3.288306400000000000e+07 2.700320625305175781e+01 2.562387275695800781e+01 nan 3.328696600000000000e+07 3.518179779286311515e+01
5.055838823318481445e-01 3.417747020721435547e-01 1.869877039368293133e-09 3.352749200000000000e+07 3.304904800000000000e+07 2.656405067443847656e+01 2.520714950561523438e+01 nan 3.345439800000000000e+07 3.440015073146557967e+01
5.109683871269226074e-01 3.454146385192871094e-01 1.869183849789121820e-09 3.369592400000000000e+07 3.321595200000000000e+07 2.613790702819824219e+01 2.480277061462402344e+01 nan 3.362259200000000000e+07 3.364723611714243390e+01
5.163528919219970703e-01 3.490545451641082764e-01 1.868498185335105332e-09 3.386314400000000000e+07 3.338162600000000000e+07 2.572274971008300781e+01 2.440882301330566406e+01 nan 3.378958000000000000e+07 3.291791578991740153e+01
5.217373967170715332e-01 3.526944816112518311e-01 1.867819876059786520e-09 3.402728000000000000e+07 3.354401400000000000e+07 2.531674194335937500e+01 2.402355384826660156e+01 nan 3.395344400000000000e+07 3.220759919108602531e+01
5.271219015121459961e-01 3.563344180583953857e-01 1.867148773833358248e-09 3.418765600000000000e+07 3.370236000000000000e+07 2.491909408569335938e+01 2.364621734619140625e+01 nan 3.411351200000000000e+07 3.151440936200721765e+01
5.325064063072204590e-01 3.599743247032165527e-01 1.866484735032350672e-09 3.434461600000000000e+07 3.385700400000000000e+07 2.452979278564453125e+01 2.327680397033691406e+01 nan 3.427012400000000000e+07 3.083842254656297044e+01
5.378909111022949219e-01 3.636142611503601074e-01 1.865827604301946768e-09 3.449848400000000000e+07 3.400832800000000000e+07 2.414881324768066406e+01 2.291528129577636719e+01 nan 3.442360400000000000e+07 3.017961972049199559e+01
5.432754158973693848e-01 3.672541677951812744e-01 1.865177252290424566e-09 3.464942000000000000e+07 3.415660000000000000e+07 2.377600669860839844e+01 2.256151962280273438e+01 nan 3.457412800000000000e+07 2.953770230907434424e+01
5.486599206924438477e-01 3.708941042423248291e-01 1.864533532427482462e-09 3.479826800000000000e+07 3.430281200000000000e+07 2.341171264648437500e+01 2.221583366394042969e+01 nan 3.472257200000000000e+07 2.891349084507571732e+01
5.540444254875183105e-01 3.745340406894683838e-01 1.863896318172137942e-09 3.494652400000000000e+07 3.444856000000000000e+07 2.305663871765136719e+01 2.187889671325683594e+01 nan 3.487044400000000000e+07 2.830875168902379357e+01
5.594289302825927734e-01 3.781739473342895508e-01 1.863265486641235488e-09 3.509512800000000000e+07 3.459485600000000000e+07 2.271108245849609375e+01 2.155099296569824219e+01 nan 3.501869600000000000e+07 2.772416728658940244e+01
5.648134350776672363e-01 3.818138837814331055e-01 1.862640903204479876e-09 3.524390400000000000e+07 3.474153600000000000e+07 2.237458038330078125e+01 2.123167800903320312e+01 nan 3.516715200000000000e+07 2.715856740351098964e+01
5.701979398727416992e-01 3.854538202285766602e-01 1.862022452330667509e-09 3.539230400000000000e+07 3.488802800000000000e+07 2.204646110534667969e+01 2.092032051086425781e+01 nan 3.531525600000000000e+07 2.661034367527760480e+01
5.755824446678161621e-01 3.890937268733978271e-01 1.861410021730888845e-09 3.554027200000000000e+07 3.503420800000000000e+07 2.172639465332031250e+01 2.061660194396972656e+01 nan 3.546295600000000000e+07 2.607869067633076909e+01
5.809668898582458496e-01 3.927336037158966064e-01 1.860803497296447543e-09 3.568778400000000000e+07 3.517997200000000000e+07 2.141407966613769531e+01 2.032024192810058594e+01 nan 3.561020400000000000e+07 2.556291844504939803e+01
5.863513946533203125e-01 3.963735401630401611e-01 1.860202753428811389e-09 3.583415200000000000e+07 3.532455200000000000e+07 2.110884284973144531e+01 2.003059387207031250e+01 nan 3.575629600000000000e+07 2.506140727800399404e+01
5.917358994483947754e-01 4.000134766101837158e-01 1.859607692406273365e-09 3.597840000000000000e+07 3.546692000000000000e+07 2.080987739562988281e+01 1.974690246582031250e+01 nan 3.590025600000000000e+07 2.457231274432058399e+01
5.971204042434692383e-01 4.036533832550048828e-01 1.859018214291441706e-09 3.612029200000000000e+07 3.560684000000000000e+07 2.051687049865722656e+01 1.946886062622070312e+01 nan 3.604184800000000000e+07 2.409491281637537696e+01
6.025049090385437012e-01 4.072933197021484375e-01 1.858434207544148841e-09 3.626039600000000000e+07 3.574486400000000000e+07 2.022994995117187500e+01 1.919659805297851562e+01 nan 3.618163600000000000e+07 2.362954460384906596e+01
6.078894138336181641e-01 4.109332561492919922e-01 1.857855577876460681e-09 3.639906400000000000e+07 3.588140800000000000e+07 1.994914245605468750e+01 1.893013191223144531e+01 nan 3.631998000000000000e+07 2.317626496221467036e+01
6.132739186286926270e-01 4.145731627941131592e-01 1.857282233477322155e-09 3.653619600000000000e+07 3.601638800000000000e+07 1.967420005798339844e+01 1.866923522949218750e+01 nan 3.645678000000000000e+07 2.273452889455556303e+01
6.186584234237670898e-01 4.182130992412567139e-01 1.856714071034082293e-09 3.667191200000000000e+07 3.614999600000000000e+07 1.940501976013183594e+01 1.841380691528320312e+01 nan 3.659217200000000000e+07 2.230407403778045250e+01
6.240429282188415527e-01 4.218530058860778809e-01 1.856151008397507339e-09 3.680689600000000000e+07 3.628294000000000000e+07 1.914178657531738281e+01 1.816401672363281250e+01 nan 3.672684400000000000e+07 2.188533026920633517e+01
6.294274330139160156e-01 4.254929423332214355e-01 1.855592947277603754e-09 3.694171600000000000e+07 3.641580800000000000e+07 1.888460350036621094e+01 1.791996765136718750e+01 nan 3.686136400000000000e+07 2.147853031354815911e+01
6.556535363197326660e-01 4.432217776775360107e-01 1.852943630635520644e-09 3.758829600000000000e+07 3.705369200000000000e+07 1.770870971679687500e+01 1.680414199829101562e+01 nan 3.750662000000000000e+07 1.964577471754050109e+01
8.039034605026245117e-01 5.434387326240539551e-01 1.839770603253567837e-09 4.084256400000000000e+07 4.026180000000000000e+07 1.279937076568603516e+01 1.214557170867919922e+01 nan 4.075383600000000000e+07 1.249403620582786090e+01
9.932619333267211914e-01 6.714450716972351074e-01 1.826201010048688587e-09 4.428071600000000000e+07 4.365124800000000000e+07 9.090144157409667969e+00 8.625815391540527344e+00 nan 4.418454800000000000e+07 7.728785795493462452e+00
1.227223634719848633e+00 8.296031951904296875e-01 1.812731498599941669e-09 4.777310400000000000e+07 4.709415600000000000e+07 6.424213886260986328e+00 6.096063137054443359e+00 nan 4.766937200000000000e+07 4.734280488082829308e+00
1.516294717788696289e+00 1.025015234947204590e+00 1.799361337301671755e-09 5.131260000000000000e+07 5.058350800000000000e+07 4.520027160644531250e+00 4.289142608642578125e+00 nan 5.120121600000000000e+07 2.874354931615342057e+00
1.873456120491027832e+00 1.266456365585327148e+00 1.786089789356977996e-09 5.489207600000000000e+07 5.411225600000000000e+07 3.167431354522705078e+00 3.005637168884277344e+00 nan 5.477294000000000000e+07 1.731078575247352314e+00
2.314746379852294922e+00 1.564768552780151367e+00 1.772916133006574509e-09 5.850610400000000000e+07 5.767505200000000000e+07 2.211460351943969727e+00 2.098497390747070312e+00 nan 5.837914000000000000e+07 1.034915951289956171e+00
2.859982252120971680e+00 1.933347940444946289e+00 1.759839636962373426e-09 6.214980000000000000e+07 6.126708800000000000e+07 1.538856625556945801e+00 1.460250735282897949e+00 nan 6.201494000000000000e+07 6.145926911038838147e-01
3.533647537231445312e+00 2.388745784759521484e+00 1.746859588797865175e-09 6.581880800000000000e+07 6.488405600000000000e+07 1.067551732063293457e+00 1.013020277023315430e+00 nan 6.567599600000000000e+07 3.627547750647300839e-01
4.365993976593017578e+00 2.951411962509155273e+00 1.733975279535418463e-09 6.950939200000000000e+07 6.852227200000000000e+07 7.385214567184448242e-01 7.007969021797180176e-01 nan 6.935858400000000000e+07 2.129145275331434939e-01
5.394398689270019531e+00 3.646613597869873047e+00 1.721185999058096773e-09 7.321857600000000000e+07 7.217880000000000000e+07 5.095909237861633301e-01 4.835602343082427979e-01 nan 7.305972000000000000e+07 1.243271841774530873e-01
6.665042877197265625e+00 4.505568981170654297e+00 1.708491050912268841e-09 7.694313600000000000e+07 7.585040000000000000e+07 3.507932722568511963e-01 3.328740000724792480e-01 nan 7.677618400000000000e+07 7.225508699513635835e-02
8.234986305236816406e+00 5.566850662231445312e+00 1.695889732548296616e-09 8.068104000000000000e+07 7.953508000000000000e+07 2.409541159868240356e-01 2.286454290151596069e-01 nan 8.050596000000000000e+07 4.180967255906340579e-02
1.017472743988037109e+01 6.878115653991699219e+00 1.683381361073609185e-09 8.442980000000000000e+07 8.323032800000000000e+07 1.651736497879028320e-01 1.567358076572418213e-01 nan 8.424655200000000000e+07 2.409519879204987877e-02
1.257137203216552734e+01 8.498247146606445312e+00 1.670965250288532184e-09 8.818730400000000000e+07 8.693396800000000000e+07 1.130145043134689331e-01 1.072409451007843018e-01 nan 8.799583200000000000e+07 1.383427549978215668e-02
1.553254413604736328e+01 1.050000000000000000e+01 1.658640709094829109e-09 9.195163200000000000e+07 9.064395200000000000e+07 7.719196379184722900e-02 7.324820011854171753e-02 nan 9.175184800000000000e+07 7.915314809683524772e-03
