# k/h [h/Mpc]            k [1/Mpc]              Primoridal             T_cdm(k)                 T_bar(k)                 T_phot(k)                T_massless neutrions(k)  T_massive neutrinos(k)   T_total(k)               Linear Pk [(Mpc/h)^3]  
1.049045658874092624e-05 7.091548468451946974e-06 2.727206404909961128e-09 1.000000000000000000e+00 1.000000000000000000e+00 1.000000000000000000e+00 1.000000000000000000e+00 nan 1.000000000000000000e+00 9.670791595027413479e+00
1.158353370556142181e-05 7.830468348402064294e-06 2.717761705682844603e-09 1.219251275062561035e+00 1.219251275062561035e+00 1.219192743301391602e+00 1.219191074371337891e+00 nan 1.219251275062561035e+00 1.064147428594604783e+01
1.279050593439023942e-05 8.646382411825470626e-06 2.708349706436794825e-09 1.486573696136474609e+00 1.486573576927185059e+00 1.486415386199951172e+00 1.486410975456237793e+00 nan 1.486573696136474609e+00 1.170958884443626324e+01
1.412324218108551577e-05 9.547311492497101426e-06 2.698970312856197758e-09 1.812506794929504395e+00 1.812506556510925293e+00 1.812184333801269531e+00 1.812175273895263672e+00 nan 1.812506794929504395e+00 1.288490983970832282e+01
1.559484553581569344e-05 1.054211588780162856e-05 2.689623392481895528e-09 2.209900856018066406e+00 2.209900617599487305e+00 2.209315538406372070e+00 2.209299564361572266e+00 nan 2.209900856018066406e+00 1.417819750397180378e+01
1.721978514979127795e-05 1.164057448477251455e-05 2.680308856040028027e-09 2.694423437118530273e+00 2.694423198699951172e+00 2.693424224853515625e+00 2.693396091461181641e+00 nan 2.694423437118530273e+00 1.560129309229898986e+01
1.901403993542771786e-05 1.285349117097212002e-05 2.671026563908324178e-09 3.285177946090698242e+00 3.285177707672119141e+00 3.283535242080688477e+00 3.283489465713500977e+00 nan 3.285177946090698242e+00 1.716721985492671720e+01
2.099525045196060091e-05 1.419278942194068804e-05 2.661776424936157355e-09 4.005455017089843750e+00 4.005454540252685547e+00 4.002820968627929688e+00 4.002747535705566406e+00 nan 4.005454540252685547e+00 1.889031861981755256e+01
2.318289807590190321e-05 1.567163963045459241e-05 2.652558315858844083e-09 4.883652687072753906e+00 4.883652210235595703e+00 4.879502773284912109e+00 4.879387855529785156e+00 nan 4.883652687072753906e+00 2.078636130603255339e+01
2.559849235694855452e-05 1.730458097881637514e-05 2.643372135990062650e-09 5.954393863677978516e+00 5.954392910003662109e+00 5.947939872741699219e+00 5.947760581970214844e+00 nan 5.954393863677978516e+00 2.287270004199655560e+01
2.826578383974265307e-05 1.910767059598583728e-05 2.634217767634683471e-09 7.259893894195556641e+00 7.259892463684082031e+00 7.249951362609863281e+00 7.249676227569580078e+00 nan 7.259892940521240234e+00 2.516843453519369689e+01
3.121100235148333013e-05 2.109863817167934030e-05 2.625095097817206075e-09 8.851621627807617188e+00 8.851619720458984375e+00 8.836419105529785156e+00 8.835999488830566406e+00 nan 8.851620674133300781e+00 2.769457737082220561e+01
3.446310074650682509e-05 2.329705603187903762e-05 2.616004033478672110e-09 1.079232692718505859e+01 1.079232501983642578e+01 1.076921653747558594e+01 1.076857662200927734e+01 nan 1.079232692718505859e+01 3.047422708431402683e+01
3.805406231549568474e-05 2.572454650362487882e-05 2.606944439452153756e-09 1.315852832794189453e+01 1.315852355957031250e+01 1.312354946136474609e+01 1.312258243560791016e+01 nan 1.315852832794189453e+01 3.353285070774539633e+01
4.201919000479392707e-05 2.840497290890198201e-05 2.597916226597658093e-09 1.604350280761718750e+01 1.604349517822265625e+01 1.599075222015380859e+01 1.598929023742675781e+01 nan 1.604350280761718750e+01 3.689841363067420588e+01
4.639747567125596106e-05 3.136469240416772664e-05 2.588919279439887767e-09 1.956098556518554688e+01 1.956097984313964844e+01 1.948166275024414062e+01 1.947946739196777344e+01 nan 1.956098556518554688e+01 4.060169677397644961e+01
5.123196388012729585e-05 3.463280881987884641e-05 2.579953483847589841e-09 2.384965133666992188e+01 2.384963607788085938e+01 2.373063850402832031e+01 2.372734451293945312e+01 nan 2.384964942932128906e+01 4.467659540276127927e+01
5.657019573845900595e-05 3.824145096587017179e-05 2.571018745591721348e-09 2.907854843139648438e+01 2.907852554321289062e+01 2.890033721923828125e+01 2.889540290832519531e+01 nan 2.907854843139648438e+01 4.916034930288692095e+01
6.246465636650100350e-05 4.222610732540488243e-05 2.562114941593048984e-09 3.545381546020507812e+01 3.545378875732421875e+01 3.518736648559570312e+01 3.518000030517578125e+01 nan 3.545381546020507812e+01 5.409395502656124677e+01
6.897329876665025949e-05 4.662595165427774191e-05 2.553241977543412439e-09 4.322674942016601562e+01 4.322669601440429688e+01 4.282890701293945312e+01 4.281790924072265625e+01 nan 4.322673416137695312e+01 5.952250390858515061e+01
7.616012590005993843e-05 5.148424679646268487e-05 2.544399743325443185e-09 5.270371246337890625e+01 5.270363616943359375e+01 5.211036682128906250e+01 5.209397125244140625e+01 nan 5.270370101928710938e+01 6.549556374960732796e+01
8.409580186707898974e-05 5.684876305167563260e-05 2.535588130685252624e-09 6.425823974609375000e+01 6.425813293457031250e+01 6.337419891357421875e+01 6.334979629516601562e+01 nan 6.425823211669921875e+01 7.206769441835317025e+01
9.285835403716191649e-05 6.277224747464060783e-05 2.526807033334104165e-09 7.834571838378906250e+01 7.834555816650390625e+01 7.702973937988281250e+01 7.699344635009765625e+01 nan 7.834568786621093750e+01 7.929884131205764675e+01
1.025339443003758788e-04 6.931294774403795600e-05 2.518056339675267213e-09 9.552130126953125000e+01 9.552105712890625000e+01 9.356398010253906250e+01 9.351005554199218750e+01 nan 9.552126312255859375e+01 8.725495406023655676e+01
1.132176985265687108e-04 7.653516513528302312e-05 2.509335958204897443e-09 1.164617462158203125e+02 1.164613876342773438e+02 1.135529403686523438e+02 1.134728927612304688e+02 nan 1.164617004394531250e+02 9.600847898322439278e+01
1.250146742677316070e-04 8.450992027064785361e-05 2.500645773867358897e-09 1.419920654296875000e+02 1.419915618896484375e+02 1.376728057861328125e+02 1.375541229248046875e+02 nan 1.419920043945312500e+02 1.056390794128533628e+02
1.380408502882346511e-04 9.331561159342527390e-05 2.491985695624705562e-09 1.731179809570312500e+02 1.731172027587890625e+02 1.667098236083984375e+02 1.665340728759765625e+02 nan 1.731178436279296875e+02 1.162342864693983131e+02
1.524243270978331566e-04 1.030388448270969093e-04 2.483355596498544299e-09 2.110653533935546875e+02 2.110642089843750000e+02 2.015671539306640625e+02 2.013072204589843750e+02 nan 2.110652008056640625e+02 1.278901714189605343e+02
1.683065347606316209e-04 1.137752187787555158e-04 2.474755379885282393e-09 2.573284912109375000e+02 2.573267517089843750e+02 2.432650146484375000e+02 2.428812255859375000e+02 nan 2.573282165527343750e+02 1.407123590726811813e+02
1.858436153270304203e-04 1.256302784895524383e-04 2.466184957973141175e-09 3.137282409667968750e+02 3.137257385253906250e+02 2.929305725097656250e+02 2.923648986816406250e+02 nan 3.137279052734375000e+02 1.548165150373714880e+02
2.052080089924857020e-04 1.387206139042973518e-04 2.457644209414643305e-09 3.824843139648437500e+02 3.824805297851562500e+02 3.517712402343750000e+02 3.509392700195312500e+02 nan 3.824837036132812500e+02 1.703297600739882967e+02
2.265901130158454180e-04 1.531749148853123188e-04 2.449133045395065615e-09 4.663009338378906250e+02 4.662953491210937500e+02 4.210210266113281250e+02 4.198005371093750000e+02 nan 4.663001098632812500e+02 1.873912303048268200e+02
2.502001880202442408e-04 1.691353245405480266e-04 2.440651351248999153e-09 5.684736328125000000e+02 5.684653320312500000e+02 5.018505554199218750e+02 5.000657348632812500e+02 nan 5.684722290039062500e+02 2.061534715850274040e+02
2.762703516054898500e-04 1.867587561719119549e-04 2.432199034655000626e-09 6.930164794921875000e+02 6.930043945312500000e+02 5.952235717773437500e+02 5.926233520507812500e+02 nan 6.930146484375000000e+02 2.267830503964750051e+02
3.050569503102451563e-04 2.062184939859434962e-04 2.423775992290330563e-09 8.448197021484375000e+02 8.448018188476562500e+02 7.016844482421875000e+02 6.979133300781250000e+02 nan 8.448168945312500000e+02 2.494623140140998601e+02
3.368430479895323515e-04 2.277058956678956747e-04 2.415382114947829304e-09 1.029838256835937500e+03 1.029812011718750000e+03 8.210588989257812500e+02 8.156199951171875000e+02 nan 1.029834228515625000e+03 2.743900288100736589e+02
3.719411906786262989e-04 2.514322404749691486e-04 2.407017301830847028e-09 1.255322631835937500e+03 1.255284301757812500e+03 9.520569458007812500e+02 9.442653198242187500e+02 nan 1.255316772460937500e+03 3.017826891010933537e+02
4.106964333914220333e-04 2.776307810563594103e-04 2.398681465071051552e-09 1.530098022460937500e+03 1.530041870117187500e+03 1.091783203125000000e+03 1.080713134765625000e+03 nan 1.530089355468750000e+03 3.318757506129933290e+02
4.534898616839200258e-04 3.065591445192694664e-04 2.390374494355455649e-09 1.864902709960937500e+03 1.864821166992187500e+03 1.235199218750000000e+03 1.219627929687500000e+03 nan 1.864890258789062500e+03 3.649242841234839148e+02
5.007422878406941891e-04 3.385017917025834322e-04 2.382096284987275655e-09 2.272799072265625000e+03 2.272680908203125000e+03 1.374638061523437500e+03 1.353001953125000000e+03 nan 2.272781005859375000e+03 4.012043785917056198e+02
5.529182380996644497e-04 3.737727238330990076e-04 2.373846756225058361e-09 2.769666503906250000e+03 2.769496582031250000e+03 1.499577758789062500e+03 1.469961303710937500e+03 nan 2.769640869140625000e+03 4.410137077769529128e+02
6.105307838879525661e-04 4.127188003621995449e-04 2.365625794166928840e-09 3.374804199218750000e+03 3.374561523437500000e+03 1.597020507812500000e+03 1.557212280273437500e+03 nan 3.374767578125000000e+03 4.846718446066112733e+02
6.741464603692293167e-04 4.557229985948652029e-04 2.357433293568910220e-09 4.111653320312500000e+03 4.111309082031250000e+03 1.652937011718750000e+03 1.600606079101562500e+03 nan 4.111601074218750000e+03 5.325211063113373484e+02
7.443906506523489952e-04 5.032080807723104954e-04 2.349269171114912410e-09 5.008662109375000000e+03 5.008178222656250000e+03 1.655302246093750000e+03 1.588342163085937500e+03 nan 5.008587890625000000e+03 5.849257204844597027e+02
8.219541050493717194e-04 5.556409596465528011e-04 2.341133324843220307e-09 6.100342285156250000e+03 6.099669921875000000e+03 1.598988403320312500e+03 1.516061645507812500e+03 nan 6.100239257812500000e+03 6.422721576412853892e+02
9.075994603335857391e-04 6.135372095741331577e-04 2.333025652639057309e-09 7.428525390625000000e+03 7.427604980468750000e+03 1.491927001953125000e+03 1.393166137695312500e+03 nan 7.428385253906250000e+03 7.049678801881652817e+02
1.002168864943087101e-03 6.774661596864461899e-04 2.324946049885245546e-09 9.043877929687500000e+03 9.042634765625000000e+03 1.360269897460937500e+03 1.247948242187500000e+03 nan 9.043688476562500000e+03 7.734401965423137426e+02
1.106592128053307533e-03 7.480562780983746052e-04 2.316894434325377400e-09 1.100770996093750000e+04 1.100605761718750000e+04 1.247852294921875000e+03 1.126655517578125000e+03 nan 1.100745703125000000e+04 8.481341232909571772e+02
1.221895916387438774e-03 8.260016329586505890e-04 2.308870708568745277e-09 1.339413964843750000e+04 1.339198339843750000e+04 1.203693847656250000e+03 1.080135620117187500e+03 nan 1.339380957031250000e+04 9.295093455327029233e+02
1.349214115180075169e-03 9.120687609538435936e-04 2.300874762407135126e-09 1.629268554687500000e+04 1.628992187500000000e+04 1.254278076171875000e+03 1.135090942382812500e+03 nan 1.629226367187500000e+04 1.018035334162246954e+03
1.489798538386821747e-03 1.007103826850652695e-03 2.292906509188567727e-09 1.981130468750000000e+04 1.980782617187500000e+04 1.369963012695312500e+03 1.260197875976562500e+03 nan 1.981077148437500000e+04 1.114184168354193844e+03
1.645031501539051533e-03 1.112041296437382698e-03 2.284965850418265676e-09 2.408001953125000000e+04 2.407568750000000000e+04 1.456501464843750000e+03 1.359166870117187500e+03 nan 2.407935742187500000e+04 1.218422494814549736e+03
1.816439209505915642e-03 1.227912958711385727e-03 2.277052691606405739e-09 2.925515234375000000e+04 2.924978515625000000e+04 1.412583374023437500e+03 1.331122192382812500e+03 nan 2.925433398437500000e+04 1.331197002819334102e+03
2.005707239732146263e-03 1.355858054012060165e-03 2.269166941709029953e-09 3.552431250000000000e+04 3.551762109375000000e+04 1.246869750976562500e+03 1.187468505859375000e+03 nan 3.552329296875000000e+04 1.452922402075878381e+03
2.214696491137146950e-03 1.497134799137711525e-03 2.261308494449764354e-09 4.311219140625000000e+04 4.310372656250000000e+04 1.127864379882812500e+03 1.093856567382812500e+03 nan 4.311089843750000000e+04 1.583961099985364626e+03
2.445461694151163101e-03 1.653132145293056965e-03 2.253477264686429142e-09 5.228735156250000000e+04 5.227640625000000000e+04 1.197856445312500000e+03 1.119819824218750000e+03 nan 5.228567578125000000e+04 1.724610508337076453e+03
2.700272016227245331e-03 1.825383864343166351e-03 2.245673160886940457e-09 6.337002734375000000e+04 6.335559765625000000e+04 1.302015869140625000e+03 1.113190795898437500e+03 nan 6.336782421875000000e+04 1.875076543295785996e+03
2.981632947921752930e-03 2.015583915635943413e-03 2.237896076485985185e-09 7.674106250000000000e+04 7.672182812500000000e+04 1.204295043945312500e+03 1.105720092773437500e+03 nan 7.673813281250000000e+04 2.035448365234777384e+03
3.292310982942581177e-03 2.225602278485894203e-03 2.230145925871712440e-09 9.285198437500000000e+04 9.282625000000000000e+04 1.134410766601562500e+03 1.097325683593750000e+03 nan 9.284806250000000000e+04 2.205668669157496879e+03
3.635360859334468842e-03 2.457503927871584892e-03 2.222422616889744185e-09 1.122364453125000000e+05 1.122019687500000000e+05 1.272683471679687500e+03 1.087925903320312500e+03 nan 1.122311875000000000e+05 2.385498346941682939e+03
4.014155361801385880e-03 2.713568974286317825e-03 2.214726058195065524e-09 1.355228750000000000e+05 1.354763593750000000e+05 1.171400878906250000e+03 1.077450683593750000e+03 nan 1.355157656250000000e+05 2.574482404797331583e+03
4.432419314980506897e-03 2.996315481141209602e-03 2.207056148657132701e-09 1.634482500000000000e+05 1.633846718750000000e+05 1.152834838867187500e+03 1.065812622070312500e+03 nan 1.634385312500000000e+05 2.771906651465979394e+03
4.894265439361333847e-03 3.308523446321487427e-03 2.199412800139309644e-09 1.968729062500000000e+05 1.967850312500000000e+05 1.216447875976562500e+03 1.052927978515625000e+03 nan 1.968594843750000000e+05 2.976756381431433510e+03
5.404234398156404495e-03 3.653262509033083916e-03 2.191795924301313793e-09 2.367959687500000000e+05 2.366738437500000000e+05 1.092453735351562500e+03 1.038717651367187500e+03 nan 2.367773125000000000e+05 3.187669767949517336e+03
5.967340432107448578e-03 4.033922217786312103e-03 2.184205430909534259e-09 2.843707187500000000e+05 2.842002187500000000e+05 1.100572631835937500e+03 1.023094360351562500e+03 nan 2.843446562500000000e+05 3.402890538856271178e+03
6.589121185243129730e-03 4.454245790839195251e-03 2.176641221197925960e-09 3.409191250000000000e+05 3.406793750000000000e+05 1.112787597656250000e+03 1.005974975585937500e+03 nan 3.408825000000000000e+05 3.620214874718224564e+03
7.275689393281936646e-03 4.918366204947233200e-03 2.169103203027300791e-09 4.079439687500000000e+05 4.076049687500000000e+05 9.681050415039062500e+02 9.872767333984375000e+02 nan 4.078921250000000000e+05 3.836948051888769442e+03
8.033796213567256927e-03 5.430846009403467178e-03 2.161591299930936394e-09 4.871359687500000000e+05 4.866554062500000000e+05 1.021274597167968750e+03 9.669144897460937500e+02 nan 4.870625625000000000e+05 4.049848360846410287e+03
8.870895951986312866e-03 5.996725521981716156e-03 2.154105401952956366e-09 5.803747500000000000e+05 5.796910625000000000e+05 1.032134765625000000e+03 9.448062133789062500e+02 nan 5.802703125000000000e+05 4.255089384428657468e+03
9.795218706130981445e-03 6.621567998081445694e-03 2.146645430474833453e-09 6.897180000000000000e+05 6.887440000000000000e+05 1.003378479003906250e+03 9.208705444335937500e+02 nan 6.895691875000000000e+05 4.448238658485459382e+03
1.081585418432950974e-02 7.311517372727394104e-03 2.139211293795359687e-09 8.173731250000000000e+05 8.159846250000000000e+05 9.851251831054687500e+02 8.950269775390625000e+02 nan 8.171610000000000000e+05 4.624226673717033918e+03
1.194283645600080490e-02 8.073357865214347839e-03 2.131802900090153706e-09 9.656481250000000000e+05 9.636701250000000000e+05 9.694015502929687500e+02 8.671986083984375000e+02 nan 9.653459375000000000e+05 4.777377177441072490e+03
1.318724639713764191e-02 8.914578706026077271e-03 2.124420174276236449e-09 1.136872375000000000e+06 1.134058625000000000e+06 8.796605224609375000e+02 8.373163452148437500e+02 nan 1.136442500000000000e+06 4.901495958715554480e+03
1.456132158637046814e-02 9.843453764915466309e-03 2.117063005254935590e-09 1.333279750000000000e+06 1.329290000000000000e+06 8.211818237304687500e+02 8.053242187500000000e+02 nan 1.332670125000000000e+06 4.990005543620548451e+03
1.607857085764408112e-02 1.086911372840404510e-02 2.109731324472420402e-09 1.556851250000000000e+06 1.551218875000000000e+06 8.370773315429687500e+02 7.711881103515625000e+02 nan 1.555990500000000000e+06 5.036237389856639311e+03
1.775391399860382080e-02 1.200164575129747391e-02 2.102425026951150955e-09 1.809121250000000000e+06 1.801219375000000000e+06 7.832854003906250000e+02 7.349128417968750000e+02 nan 1.807914000000000000e+06 5.033855563134128715e+03
1.960382424294948578e-02 1.325218472629785538e-02 2.095144031049849183e-09 2.090960250000000000e+06 2.079964000000000000e+06 6.868356933593750000e+02 6.965605468750000000e+02 nan 2.089280125000000000e+06 4.977488364187162915e+03
2.164648845791816711e-02 1.463302597403526306e-02 2.087888252770266929e-09 2.402380250000000000e+06 2.387236000000000000e+06 7.055996704101562500e+02 6.562795410156250000e+02 nan 2.400066500000000000e+06 4.863574977041355851e+03
2.390199340879917145e-02 1.615774817764759064e-02 2.080657597354892904e-09 2.742445500000000000e+06 2.721861000000000000e+06 6.165965576171875000e+02 6.143390502929687500e+02 nan 2.739300500000000000e+06 4.691388193450847211e+03
2.639251388609409332e-02 1.784133911132812500e-02 2.073451995948668221e-09 3.109419500000000000e+06 3.081897750000000000e+06 6.201775512695312500e+02 5.711660766601562500e+02 nan 3.105214500000000000e+06 4.464137864538794020e+03
2.914254181087017059e-02 1.970035769045352936e-02 2.066271340052806293e-09 3.501355500000000000e+06 3.465309500000000000e+06 5.594312133789062500e+02 5.273823242187500000e+02 nan 3.495848500000000000e+06 4.189910628948982776e+03
3.217911347746849060e-02 2.175308018922805786e-02 2.059115554147728899e-09 3.917329000000000000e+06 3.871313750000000000e+06 5.511734008789062500e+02 4.838215637207031250e+02 nan 3.910298750000000000e+06 3.882091397577394218e+03
3.553209081292152405e-02 2.401969395577907562e-02 2.051984539888671147e-09 4.359461000000000000e+06 4.302565500000000000e+06 4.757630004882812500e+02 4.415140075683593750e+02 nan 4.350769000000000000e+06 3.558807528429037575e+03
3.923443704843521118e-02 2.652247995138168335e-02 2.044878229365854235e-09 4.835549000000000000e+06 4.767937000000000000e+06 4.350669250488281250e+02 4.016062927246093750e+02 nan 4.825219500000000000e+06 3.241036158527856060e+03
4.332255572080612183e-02 2.928604744374752045e-02 2.037796533657790378e-09 5.361444500000000000e+06 5.284943000000000000e+06 3.877695617675781250e+02 3.651952514648437500e+02 nan 5.349756000000000000e+06 2.949235002381724371e+03
4.765481501817703247e-02 3.221465647220611572e-02 2.031010053452367756e-09 5.934839500000000000e+06 5.853392000000000000e+06 3.456189880371093750e+02 3.341237792968750000e+02 nan 5.922395500000000000e+06 2.706055924260655956e+03
5.198707059025764465e-02 3.514325991272926331e-02 2.024834231214258902e-09 6.542555500000000000e+06 6.460978500000000000e+06 3.202205505371093750e+02 3.095698852539062500e+02 nan 6.530092000000000000e+06 2.525372137598775680e+03
5.631932616233825684e-02 3.807186335325241089e-02 2.019169610001785353e-09 7.179207500000000000e+06 7.101361000000000000e+06 2.994814758300781250e+02 2.895203857421875000e+02 nan 7.167314000000000000e+06 2.384957714077801029e+03
6.065158173441886902e-02 4.100047051906585693e-02 2.013939112582009273e-09 7.836209500000000000e+06 7.763991000000000000e+06 2.819326782226562500e+02 2.725550231933593750e+02 nan 7.825176000000000000e+06 2.269128765057269902e+03
6.498383730649948120e-02 4.392907395958900452e-02 2.009081821590703985e-09 8.491983000000000000e+06 8.424758000000000000e+06 2.662033691406250000e+02 2.573488159179687500e+02 nan 8.481713000000000000e+06 2.161359338984848364e+03
6.931609660387039185e-02 4.685768112540245056e-02 2.004548729015451583e-09 9.119718000000000000e+06 9.054318000000000000e+06 2.512929382324218750e+02 2.429342956542968750e+02 nan 9.109726000000000000e+06 2.049294026143814335e+03
7.364834845066070557e-02 4.978628456592559814e-02 2.000299865353250301e-09 9.693997000000000000e+06 9.625319000000000000e+06 2.366187286376953125e+02 2.287481994628906250e+02 nan 9.683505000000000000e+06 1.926366797800065569e+03
7.798060774803161621e-02 5.271489173173904419e-02 1.996302173696350216e-09 1.019893400000000000e+07 1.012100900000000000e+07 2.220310058593750000e+02 2.146457672119140625e+02 nan 1.018702800000000000e+07 1.792681456749443896e+03
8.231285959482192993e-02 5.564349144697189331e-02 1.992528044667567094e-09 1.063211800000000000e+07 1.053944000000000000e+07 2.077014923095703125e+02 2.007929840087890625e+02 nan 1.061795900000000000e+07 1.653362719609295937e+03
8.664511889219284058e-02 5.857209861278533936e-02 1.988954134422163219e-09 1.100395700000000000e+07 1.089273900000000000e+07 1.939622039794921875e+02 1.875108337402343750e+02 nan 1.098696600000000000e+07 1.515714533940010824e+03
9.097737073898315430e-02 6.150070205330848694e-02 1.985560585482697045e-09 1.133377600000000000e+07 1.120285500000000000e+07 1.811598815917968750e+02 1.751344146728515625e+02 nan 1.131377400000000000e+07 1.386626348240979951e+03
9.636187553405761719e-02 6.514062732458114624e-02 1.981568674123380254e-09 1.172544400000000000e+07 1.157289600000000000e+07 1.670206756591796875e+02 1.614655914306640625e+02 nan 1.170213800000000000e+07 1.246462620704893652e+03
1.017463728785514832e-01 6.878054887056350708e-02 1.977801256732118934e-09 1.215187400000000000e+07 1.198548500000000000e+07 1.552420349121093750e+02 1.500787658691406250e+02 nan 1.212645400000000000e+07 1.135114312948639736e+03
1.071308776736259460e-01 7.242047041654586792e-02 1.974234781265857972e-09 1.265925600000000000e+07 1.248954400000000000e+07 1.458828430175781250e+02 1.410308074951171875e+02 nan 1.263332800000000000e+07 1.053412407078750221e+03
1.125153750181198120e-01 7.606039196252822876e-02 1.970849203820953451e-09 1.325774700000000000e+07 1.309479600000000000e+07 1.385323486328125000e+02 1.339247131347656250e+02 nan 1.323285200000000000e+07 9.955990773084190550e+02
1.178998723626136780e-01 7.970031350851058960e-02 1.967627323526894450e-09 1.391985900000000000e+07 1.377026200000000000e+07 1.325022277832031250e+02 1.280950622558593750e+02 nan 1.389700300000000000e+07 9.523567570920570233e+02
1.232843771576881409e-01 8.334024250507354736e-02 1.964554264128985100e-09 1.459732700000000000e+07 1.446223600000000000e+07 1.271094894409179688e+02 1.228816146850585938e+02 nan 1.457668800000000000e+07 9.145630688681096672e+02
1.286688745021820068e-01 8.698015660047531128e-02 1.961617102724775952e-09 1.523656400000000000e+07 1.511140300000000000e+07 1.218243408203125000e+02 1.177721786499023438e+02 nan 1.521744300000000000e+07 8.751753135823354341e+02
1.340533792972564697e-01 9.062008559703826904e-02 1.958804483640675406e-09 1.579062600000000000e+07 1.566654500000000000e+07 1.163221511840820312e+02 1.124530105590820312e+02 nan 1.577166900000000000e+07 8.300105530570576775e+02
1.394378840923309326e-01 9.426000714302062988e-02 1.956106446915437174e-09 1.623358600000000000e+07 1.610015500000000000e+07 1.105211257934570312e+02 1.068449630737304688e+02 nan 1.621320200000000000e+07 7.784062924493595119e+02
1.448223739862442017e-01 9.789992123842239380e-02 1.953514161287429418e-09 1.656965500000000000e+07 1.641795400000000000e+07 1.045605010986328125e+02 1.010826644897460938e+02 nan 1.654648000000000000e+07 7.228759670591302893e+02
1.502068787813186646e-01 1.015398502349853516e-01 1.951019758654691563e-09 1.682953400000000000e+07 1.665469900000000000e+07 9.870301055908203125e+01 9.542004394531250000e+01 nan 1.680282400000000000e+07 6.675188811067196184e+02
1.555913835763931274e-01 1.051797717809677124e-01 1.948616241255242070e-09 1.706111400000000000e+07 1.686364000000000000e+07 9.323744964599609375e+01 9.013632202148437500e+01 nan 1.703094600000000000e+07 6.164697049283190609e+02
1.609758734703063965e-01 1.088196933269500732e-01 1.946297314463125787e-09 1.731896600000000000e+07 1.710442000000000000e+07 8.840913391113281250e+01 8.546862792968750000e+01 nan 1.728618800000000000e+07 5.729251310809955839e+02
1.663603782653808594e-01 1.124596148729324341e-01 1.944057316713681798e-09 1.764768400000000000e+07 1.742498200000000000e+07 8.434683990478515625e+01 8.154145050048828125e+01 nan 1.761366000000000000e+07 5.383466259425724729e+02
1.717448830604553223e-01 1.160995438694953918e-01 1.941891129256332855e-09 1.806461200000000000e+07 1.784341200000000000e+07 8.101567840576171875e+01 7.832106018066406250e+01 nan 1.803082200000000000e+07 5.121037414742580722e+02
1.771293878555297852e-01 1.197394654154777527e-01 1.939794125595426991e-09 1.855655200000000000e+07 1.834456800000000000e+07 7.824967956542968750e+01 7.564704132080078125e+01 nan 1.852416600000000000e+07 4.920457881182562119e+02
1.825138777494430542e-01 1.233793795108795166e-01 1.937762091126241291e-09 1.909012200000000000e+07 1.889115200000000000e+07 7.583235931396484375e+01 7.331008148193359375e+01 nan 1.905972400000000000e+07 4.755075678725531247e+02
1.878983825445175171e-01 1.270193010568618774e-01 1.935791175107242678e-09 1.962227800000000000e+07 1.943538400000000000e+07 7.355369567871093750e+01 7.110718536376953125e+01 nan 1.959372400000000000e+07 4.599551965731099585e+02
1.932828873395919800e-01 1.306592375040054321e-01 1.933877861004656685e-09 2.010848800000000000e+07 1.992856000000000000e+07 7.124172210693359375e+01 6.887209320068359375e+01 nan 2.008100200000000000e+07 4.433378519977430869e+02
1.986673772335052490e-01 1.342991441488265991e-01 1.932018951816384183e-09 2.051535200000000000e+07 2.033473000000000000e+07 6.879824829101562500e+01 6.650989532470703125e+01 nan 2.048776000000000000e+07 4.245383435372249323e+02
2.040518820285797119e-01 1.379390656948089600e-01 1.930211465507478933e-09 2.083287200000000000e+07 2.064359600000000000e+07 6.622152709960937500e+01 6.401889038085937500e+01 nan 2.080395200000000000e+07 4.036533313689346869e+02
2.094363868236541748e-01 1.415790021419525146e-01 1.928452677645768952e-09 2.107524000000000000e+07 2.087123600000000000e+07 6.358537292480468750e+01 6.147043228149414062e+01 nan 2.104407400000000000e+07 3.817023007699551727e+02
2.148208767175674438e-01 1.452189087867736816e-01 1.926740094380007882e-09 2.127237200000000000e+07 2.105092800000000000e+07 6.099581909179687500e+01 5.896702957153320312e+01 nan 2.123854000000000000e+07 3.600416601400687568e+02
2.202053815126419067e-01 1.488588303327560425e-01 1.925071368159055733e-09 2.146138400000000000e+07 2.122365800000000000e+07 5.855875396728515625e+01 5.661104202270507812e+01 nan 2.142506200000000000e+07 3.399427503964757875e+02
2.255898863077163696e-01 1.524987667798995972e-01 1.923444343781293656e-09 2.167848200000000000e+07 2.142892000000000000e+07 5.635713958740234375e+01 5.448266601562500000e+01 nan 2.164035400000000000e+07 3.223336291225466539e+02
2.309743911027908325e-01 1.561386883258819580e-01 1.921857033120720865e-09 2.194866400000000000e+07 2.169361200000000000e+07 5.442924880981445312e+01 5.261890792846679688e+01 nan 2.190969600000000000e+07 3.075905039960806562e+02
2.363588809967041016e-01 1.597786098718643188e-01 1.920307567935778733e-09 2.227866400000000000e+07 2.202456000000000000e+07 5.276096725463867188e+01 5.100609970092773438e+01 nan 2.223984200000000000e+07 2.955020187208877473e+02
2.417433857917785645e-01 1.634185314178466797e-01 1.918794213956308179e-09 2.265826400000000000e+07 2.240998000000000000e+07 5.129993438720703125e+01 4.959365081787109375e+01 nan 2.262033200000000000e+07 2.854598568587061322e+02
2.471278905868530273e-01 1.670584529638290405e-01 1.917315352832477265e-09 2.306522800000000000e+07 2.282492800000000000e+07 4.997489166259765625e+01 4.831267166137695312e+01 nan 2.302851800000000000e+07 2.766756732893439903e+02
2.525123953819274902e-01 1.706983745098114014e-01 1.915869472055197894e-09 2.346946800000000000e+07 2.323630600000000000e+07 4.870905303955078125e+01 4.708892059326171875e+01 nan 2.343384800000000000e+07 2.683190299972013690e+02
2.578969001770019531e-01 1.743383109569549561e-01 1.914455150219987163e-09 2.384026800000000000e+07 2.361087200000000000e+07 4.743651199340820312e+01 4.585870361328125000e+01 nan 2.380522000000000000e+07 2.596905868364577259e+02
2.632813751697540283e-01 1.779782027006149292e-01 1.913071083197014340e-09 2.415772800000000000e+07 2.392731000000000000e+07 4.612276840209960938e+01 4.458866119384765625e+01 nan 2.412252600000000000e+07 2.504436913666670819e+02
2.686658799648284912e-01 1.816181391477584839e-01 1.911715991580206360e-09 2.441948800000000000e+07 2.418320000000000000e+07 4.477145385742187500e+01 4.328228759765625000e+01 nan 2.438339000000000000e+07 2.406501386876210518e+02
2.740503847599029541e-01 1.852580606937408447e-01 1.910388727493893778e-09 2.463669000000000000e+07 2.439089800000000000e+07 4.340999603271484375e+01 4.196612548828125000e+01 nan 2.459913600000000000e+07 2.306334825030203604e+02
2.794348895549774170e-01 1.888979822397232056e-01 1.909088184011114833e-09 2.482660800000000000e+07 2.456971400000000000e+07 4.207247161865234375e+01 4.067309570312500000e+01 nan 2.478735800000000000e+07 2.207730570002676416e+02
2.848193943500518799e-01 1.925379037857055664e-01 1.907813323590368924e-09 2.500961800000000000e+07 2.474228200000000000e+07 4.079300689697265625e+01 3.943619537353515625e+01 nan 2.496877600000000000e+07 2.114309364707585530e+02
2.902038991451263428e-01 1.961778402328491211e-01 1.906563162582237113e-09 2.520737800000000000e+07 2.493213800000000000e+07 3.960251617431640625e+01 3.828529739379882812e+01 nan 2.516532600000000000e+07 2.029195850561287386e+02
2.955884039402008057e-01 1.998177617788314819e-01 1.905336787226579552e-09 2.543642800000000000e+07 2.515689200000000000e+07 3.851927566528320312e+01 3.723809051513671875e+01 nan 2.539372400000000000e+07 1.954110194186520459e+02
3.009728789329528809e-01 2.034576684236526489e-01 1.904133323856378078e-09 2.570115800000000000e+07 2.542100000000000000e+07 3.754058837890625000e+01 3.629195785522460938e+01 nan 2.565835600000000000e+07 1.888634009983358908e+02
3.063573837280273438e-01 2.070975899696350098e-01 1.902951936232507350e-09 2.599375200000000000e+07 2.571577200000000000e+07 3.664629745483398438e+01 3.542740631103515625e+01 nan 2.595128000000000000e+07 1.830660682798107928e+02
3.117418885231018066e-01 2.107375115156173706e-01 1.901791846628511990e-09 2.630026400000000000e+07 2.602579600000000000e+07 3.581013488769531250e+01 3.461904525756835938e+01 nan 2.625833000000000000e+07 1.777562587097539790e+02
3.171263933181762695e-01 2.143774479627609253e-01 1.900652308391623192e-09 2.660557600000000000e+07 2.633430400000000000e+07 3.500749588012695312e+01 3.384310150146484375e+01 nan 2.656412800000000000e+07 1.726942682595950487e+02
3.225108981132507324e-01 2.180173695087432861e-01 1.899532626729035332e-09 2.689501400000000000e+07 2.662524400000000000e+07 3.421747207641601562e+01 3.307934951782226562e+01 nan 2.685380000000000000e+07 1.676811571381277020e+02
3.278954029083251953e-01 2.216572910547256470e-01 1.898432128189829179e-09 2.715682600000000000e+07 2.688604600000000000e+07 3.342546081542968750e+01 3.231368255615234375e+01 nan 2.711545800000000000e+07 1.625826810392596258e+02
3.332799077033996582e-01 2.252972126007080078e-01 1.897350177081271127e-09 2.738653800000000000e+07 2.711215400000000000e+07 3.262754440307617188e+01 3.154230880737304688e+01 nan 2.734462000000000000e+07 1.573698621854767339e+02
3.386643826961517334e-01 2.289371192455291748e-01 1.896286172945125672e-09 2.758898400000000000e+07 2.730898000000000000e+07 3.183118820190429688e+01 3.077244377136230469e+01 nan 2.754620400000000000e+07 1.521226653032210265e+02
3.440488874912261963e-01 2.325770407915115356e-01 1.895239531240720810e-09 2.777511400000000000e+07 2.748849600000000000e+07 3.104986190795898438e+01 3.001710510253906250e+01 nan 2.773132400000000000e+07 1.469747018446158791e+02
3.494333922863006592e-01 2.362169772386550903e-01 1.894209703480833635e-09 2.795677000000000000e+07 2.766371400000000000e+07 3.029638099670410156e+01 2.928869056701660156e+01 nan 2.791199600000000000e+07 1.420482680633758719e+02
3.548178970813751221e-01 2.398568987846374512e-01 1.893196174858241155e-09 2.814388800000000000e+07 2.784556400000000000e+07 2.957994461059570312e+01 2.859608268737792969e+01 nan 2.809831000000000000e+07 1.374277502673733693e+02
3.602024018764495850e-01 2.434968203306198120e-01 1.892198441798694543e-09 2.834389600000000000e+07 2.804208400000000000e+07 2.890595436096191406e+01 2.794450950622558594e+01 nan 2.829778400000000000e+07 1.331598046663642094e+02
3.655869066715240479e-01 2.471367418766021729e-01 1.891216027459402332e-09 2.856053000000000000e+07 2.825711000000000000e+07 2.827533531188964844e+01 2.733486747741699219e+01 nan 2.851417400000000000e+07 1.292495229059815074e+02
3.709714114665985107e-01 2.507766783237457275e-01 1.890248472221847833e-09 2.879209000000000000e+07 2.848858400000000000e+07 2.768349838256835938e+01 2.676271629333496094e+01 nan 2.874572000000000000e+07 1.256524933899952146e+02
3.763558864593505859e-01 2.544165849685668945e-01 1.889295352117686434e-09 2.903190800000000000e+07 2.872914400000000000e+07 2.712156867980957031e+01 2.621947479248046875e+01 nan 2.898565400000000000e+07 1.222875044877178681e+02
3.817403912544250488e-01 2.580564916133880615e-01 1.888356242191734645e-09 2.927156600000000000e+07 2.896957000000000000e+07 2.657995605468750000e+01 2.569587707519531250e+01 nan 2.922542600000000000e+07 1.190690114399024822e+02
3.871248960494995117e-01 2.616964280605316162e-01 1.887430735669950155e-09 2.950382000000000000e+07 2.920190000000000000e+07 2.605112457275390625e+01 2.518463325500488281e+01 nan 2.945769200000000000e+07 1.159314760693825690e+02
3.925094008445739746e-01 2.653363645076751709e-01 1.886518457772270655e-09 2.972339200000000000e+07 2.942041400000000000e+07 2.553003883361816406e+01 2.468087768554687500e+01 nan 2.967710200000000000e+07 1.128326169885936139e+02
3.978939056396484375e-01 2.689762711524963379e-01 1.885619049100158659e-09 2.992729600000000000e+07 2.962200200000000000e+07 2.501413917541503906e+01 2.418213844299316406e+01 nan 2.988065400000000000e+07 1.097524579718127313e+02
4.032784104347229004e-01 2.726162075996398926e-01 1.884732143174389957e-09 3.011614600000000000e+07 2.980749000000000000e+07 2.450409698486328125e+01 2.368906211853027344e+01 nan 3.006898800000000000e+07 1.066990840427551746e+02
4.086629152297973633e-01 2.762561440467834473e-01 1.883857409814700777e-09 3.029454800000000000e+07 2.998192800000000000e+07 2.400370407104492188e+01 2.320531272888183594e+01 nan 3.024678400000000000e+07 1.037070770021212809e+02
4.140473902225494385e-01 2.798960208892822266e-01 1.882994538868699288e-09 3.046875200000000000e+07 3.015212000000000000e+07 2.351763534545898438e+01 2.273541069030761719e+01 nan 3.042037800000000000e+07 1.008174059493423158e+02
4.194318950176239014e-01 2.835359573364257812e-01 1.882143190604211824e-09 3.064377000000000000e+07 3.032355000000000000e+07 2.304911613464355469e+01 2.228247833251953125e+01 nan 3.059484800000000000e+07 9.805729073920662131e+01
4.248163998126983643e-01 2.871758937835693359e-01 1.881303079826970542e-09 3.082273200000000000e+07 3.049970600000000000e+07 2.259963989257812500e+01 2.184794807434082031e+01 nan 3.077338200000000000e+07 9.543867280805912401e+01
4.302009046077728271e-01 2.908158004283905029e-01 1.880473925305205483e-09 3.100782000000000000e+07 3.068286400000000000e+07 2.216978836059570312e+01 2.143239784240722656e+01 nan 3.095817600000000000e+07 9.296577629532741582e+01
4.355854094028472900e-01 2.944557368755340576e-01 1.879655436356054805e-09 3.119970000000000000e+07 3.087358800000000000e+07 2.175898742675781250e+01 2.103526115417480469e+01 nan 3.114987600000000000e+07 9.063298764825059095e+01
4.409699141979217529e-01 2.980956733226776123e-01 1.878847353036435648e-09 3.139617000000000000e+07 3.106939600000000000e+07 2.136470222473144531e+01 2.065408706665039062e+01 nan 3.134624800000000000e+07 8.841888394293991382e+01
4.463544189929962158e-01 3.017355799674987793e-01 1.878049424887222573e-09 3.159293000000000000e+07 3.126563200000000000e+07 2.098320198059082031e+01 2.028527450561523438e+01 nan 3.154292600000000000e+07 8.629280238570562744e+01
4.517388939857482910e-01 3.053754866123199463e-01 1.877261397654174740e-09 3.178616200000000000e+07 3.145813600000000000e+07 2.061139678955078125e+01 1.992583656311035156e+01 nan 3.173604800000000000e+07 8.422979427750368586e+01
4.571233987808227539e-01 3.090154230594635010e-01 1.876483026309890802e-09 3.197378200000000000e+07 3.164458400000000000e+07 2.024757957458496094e+01 1.957412147521972656e+01 nan 3.192348600000000000e+07 8.221658995964486394e+01
4.625079035758972168e-01 3.126553297042846680e-01 1.875714093387305177e-09 3.215463600000000000e+07 3.182371400000000000e+07 1.989076805114746094e+01 1.922917556762695312e+01 nan 3.210407800000000000e+07 8.024603475227333149e+01
4.678924083709716797e-01 3.162952661514282227e-01 1.874954364165268396e-09 3.232802800000000000e+07 3.199489200000000000e+07 1.954035949707031250e+01 1.889042472839355469e+01 nan 3.227713400000000000e+07 7.831380708328300955e+01
4.732769131660461426e-01 3.199352025985717773e-01 1.874203630559428286e-09 3.249471000000000000e+07 3.215902400000000000e+07 1.919665336608886719e+01 1.855815124511718750e+01 nan 3.244342600000000000e+07 7.642285975403657972e+01
4.786614179611206055e-01 3.235751092433929443e-01 1.873461691551420399e-09 3.265734800000000000e+07 3.231900400000000000e+07 1.886103248596191406e+01 1.823369216918945312e+01 nan 3.260565600000000000e+07 7.458451334555871881e+01
4.840458929538726807e-01 3.272150158882141113e-01 1.872728340933758753e-09 3.281913800000000000e+07 3.247825400000000000e+07 1.853504180908203125e+01 1.791854476928710938e+01 nan 3.276706000000000000e+07 7.281096421108094319e+01
4.894303977489471436e-01 3.308549523353576660e-01 1.872003379495005729e-09 3.298198400000000000e+07 3.263885600000000000e+07 1.821936416625976562e+01 1.761336898803710938e+01 nan 3.292956200000000000e+07 7.110734860390694223e+01
4.948149025440216064e-01 3.344948589801788330e-01 1.871286632213937058e-09 3.314633400000000000e+07 3.280133200000000000e+07 1.791380882263183594e+01 1.731797599792480469e+01 nan 3.309362600000000000e+07 6.947207191794468883e+01
5.001994371414184570e-01 3.381348252296447754e-01 1.870577900826693527e-09 3.331226400000000000e+07 3.296575400000000000e+07 1.761798667907714844e+01 1.703199195861816406e+01 nan 3.325932200000000000e+07 6.790185457249181411e+01
5.055838823318481445e-01 3.417747020721435547e-01 1.869877039368293133e-09 3.347974200000000000e+07 3.313199400000000000e+07 1.733145904541015625e+01 1.675499534606933594e+01 nan 3.342661200000000000e+07 6.639337687498496621e+01
5.109683871269226074e-01 3.454146385192871094e-01 1.869183849789121820e-09 3.364796800000000000e+07 3.329911200000000000e+07 1.705342674255371094e+01 1.648620986938476562e+01 nan 3.359467200000000000e+07 6.494037276601959263e+01
5.163528919219970703e-01 3.490545451641082764e-01 1.868498185335105332e-09 3.381499200000000000e+07 3.346500200000000000e+07 1.678256034851074219e+01 1.622434997558593750e+01 nan 3.376152000000000000e+07 6.353289360897472449e+01
5.217373967170715332e-01 3.526944816112518311e-01 1.867819876059786520e-09 3.397891200000000000e+07 3.362765600000000000e+07 1.651766014099121094e+01 1.596826553344726562e+01 nan 3.392524800000000000e+07 6.216203355571405353e+01
5.271219015121459961e-01 3.563344180583953857e-01 1.867148773833358248e-09 3.413906800000000000e+07 3.378634000000000000e+07 1.625821876525878906e+01 1.571745300292968750e+01 nan 3.408518000000000000e+07 6.082417939464816214e+01
5.325064063072204590e-01 3.599743247032165527e-01 1.866484735032350672e-09 3.429580800000000000e+07 3.394139200000000000e+07 1.600422477722167969e+01 1.547190666198730469e+01 nan 3.424166400000000000e+07 5.951949915206990482e+01
5.378909111022949219e-01 3.636142611503601074e-01 1.865827604301946768e-09 3.444944400000000000e+07 3.409317600000000000e+07 1.575565719604492188e+01 1.523160457611083984e+01 nan 3.439501600000000000e+07 5.824792755405614741e+01
5.432754158973693848e-01 3.672541677951812744e-01 1.865177252290424566e-09 3.460013600000000000e+07 3.424194000000000000e+07 1.551242446899414062e+01 1.499646377563476562e+01 nan 3.454541200000000000e+07 5.700892352202875202e+01
5.486599206924438477e-01 3.708941042423248291e-01 1.864533532427482462e-09 3.474875600000000000e+07 3.438864400000000000e+07 1.527474784851074219e+01 1.476669025421142578e+01 nan 3.469373600000000000e+07 5.580410728455655089e+01
5.540444254875183105e-01 3.745340406894683838e-01 1.863896318172137942e-09 3.489678000000000000e+07 3.453484400000000000e+07 1.504308414459228516e+01 1.454273319244384766e+01 nan 3.484148400000000000e+07 5.463687505643331832e+01
5.594289302825927734e-01 3.781739473342895508e-01 1.863265486641235488e-09 3.504516800000000000e+07 3.468155200000000000e+07 1.481762886047363281e+01 1.432477664947509766e+01 nan 3.498961600000000000e+07 5.350859362292025168e+01
5.648134350776672363e-01 3.818138837814331055e-01 1.862640903204479876e-09 3.519373200000000000e+07 3.482859600000000000e+07 1.459808063507080078e+01 1.411253070831298828e+01 nan 3.513795200000000000e+07 5.241696721219550881e+01
5.701979398727416992e-01 3.854538202285766602e-01 1.862022452330667509e-09 3.534193200000000000e+07 3.497540800000000000e+07 1.438400268554687500e+01 1.390557289123535156e+01 nan 3.528593200000000000e+07 5.135889531864920343e+01
5.755824446678161621e-01 3.890937268733978271e-01 1.861410021730888845e-09 3.548970400000000000e+07 3.512187600000000000e+07 1.417517662048339844e+01 1.370369434356689453e+01 nan 3.543350800000000000e+07 5.033282675048898369e+01
5.809668898582458496e-01 3.927336037158966064e-01 1.860803497296447543e-09 3.563702000000000000e+07 3.526792000000000000e+07 1.397141170501708984e+01 1.350670528411865234e+01 nan 3.558062800000000000e+07 4.933741393537416542e+01
5.863513946533203125e-01 3.963735401630401611e-01 1.860202753428811389e-09 3.578319200000000000e+07 3.541279600000000000e+07 1.377226066589355469e+01 1.331417751312255859e+01 nan 3.572660400000000000e+07 4.836951704687184872e+01
5.917358994483947754e-01 4.000134766101837158e-01 1.859607692406273365e-09 3.592724000000000000e+07 3.555548000000000000e+07 1.357720375061035156e+01 1.312561035156250000e+01 nan 3.587044400000000000e+07 4.742555293601182598e+01
5.971204042434692383e-01 4.036533832550048828e-01 1.859018214291441706e-09 3.606893200000000000e+07 3.569573600000000000e+07 1.338603305816650391e+01 1.294079780578613281e+01 nan 3.601192000000000000e+07 4.650416055029251083e+01
6.025049090385437012e-01 4.072933197021484375e-01 1.858434207544148841e-09 3.620883200000000000e+07 3.583413200000000000e+07 1.319883632659912109e+01 1.275982761383056641e+01 nan 3.615158800000000000e+07 4.560596465042906544e+01
6.078894138336181641e-01 4.109332561492919922e-01 1.857855577876460681e-09 3.634730000000000000e+07 3.597104400000000000e+07 1.301562595367431641e+01 1.258271121978759766e+01 nan 3.628981200000000000e+07 4.473111039980417303e+01
6.132739186286926270e-01 4.145731627941131592e-01 1.857282233477322155e-09 3.648422400000000000e+07 3.610640800000000000e+07 1.283624362945556641e+01 1.240929412841796875e+01 nan 3.642650000000000000e+07 4.387850824281547091e+01
6.186584234237670898e-01 4.182130992412567139e-01 1.856714071034082293e-09 3.661974000000000000e+07 3.624039200000000000e+07 1.266061973571777344e+01 1.223951244354248047e+01 nan 3.656178400000000000e+07 4.304769357182048850e+01
6.240429282188415527e-01 4.218530058860778809e-01 1.856151008397507339e-09 3.675452400000000000e+07 3.637370000000000000e+07 1.248887443542480469e+01 1.207347965240478516e+01 nan 3.669634400000000000e+07 4.223949681420216962e+01
6.294274330139160156e-01 4.254929423332214355e-01 1.855592947277603754e-09 3.688914800000000000e+07 3.650691200000000000e+07 1.232107734680175781e+01 1.191126441955566406e+01 nan 3.683075600000000000e+07 4.145435444595098318e+01
6.556535363197326660e-01 4.432217776775360107e-01 1.852943630635520644e-09 3.753484000000000000e+07 3.714626400000000000e+07 1.155387592315673828e+01 1.116958045959472656e+01 nan 3.747546800000000000e+07 3.791711654199568926e+01
8.039034605026245117e-01 5.434387326240539551e-01 1.839770603253567837e-09 4.078447600000000000e+07 4.036236800000000000e+07 8.350825309753417969e+00 8.073067665100097656e+00 nan 4.071999200000000000e+07 2.411398368799556025e+01
9.932619333267211914e-01 6.714450716972351074e-01 1.826201010048688587e-09 4.421774800000000000e+07 4.376024400000000000e+07 5.930776119232177734e+00 5.733511447906494141e+00 nan 4.414785200000000000e+07 1.491686943364386941e+01
1.227223634719848633e+00 8.296031951904296875e-01 1.812731498599941669e-09 4.770517200000000000e+07 4.721171600000000000e+07 4.191416263580322266e+00 4.052004814147949219e+00 nan 4.762978000000000000e+07 9.137354254336440107e+00
1.516294717788696289e+00 1.025015234947204590e+00 1.799361337301671755e-09 5.123964800000000000e+07 5.070974800000000000e+07 2.949048042297363281e+00 2.850959300994873047e+00 nan 5.115869200000000000e+07 5.547624072880490864e+00
1.873456120491027832e+00 1.266456365585327148e+00 1.786089789356977996e-09 5.481404400000000000e+07 5.424728400000000000e+07 2.066559553146362305e+00 1.997823238372802734e+00 nan 5.472745200000000000e+07 3.341054430590734814e+00
2.314746379852294922e+00 1.564768552780151367e+00 1.772916133006574509e-09 5.842293600000000000e+07 5.781896800000000000e+07 1.442845702171325684e+00 1.394854903221130371e+00 nan 5.833066400000000000e+07 1.997431439116694518e+00
2.859982252120971680e+00 1.933347940444946289e+00 1.759839636962373426e-09 6.206144800000000000e+07 6.141998800000000000e+07 1.004012107849121094e+00 9.706172347068786621e-01 nan 6.196345600000000000e+07 1.186189780967172647e+00
3.533647537231445312e+00 2.388745784759521484e+00 1.746859588797865175e-09 6.572524800000000000e+07 6.504602400000000000e+07 6.965138912200927734e-01 6.733468770980834961e-01 nan 6.562147200000000000e+07 7.001319997575609078e-01
4.365993976593017578e+00 2.951411962509155273e+00 1.733975279535418463e-09 6.941058400000000000e+07 6.869342400000000000e+07 4.818412065505981445e-01 4.658144414424896240e-01 nan 6.930101600000000000e+07 4.109339976294970054e-01
5.394398689270019531e+00 3.646613597869873047e+00 1.721185999058096773e-09 7.311448800000000000e+07 7.235922400000000000e+07 3.324777483940124512e-01 3.214190006256103516e-01 nan 7.299910400000000000e+07 2.399566257500668764e-01
6.665042877197265625e+00 4.505568981170654297e+00 1.708491050912268841e-09 7.683372800000000000e+07 7.604029600000000000e+07 2.288717925548553467e-01 2.212591022253036499e-01 nan 7.671252000000000000e+07 1.394552619034925556e-01
8.234986305236816406e+00 5.566850662231445312e+00 1.695889732548296616e-09 8.056629600000000000e+07 7.973464000000000000e+07 1.572083085775375366e-01 1.519792228937149048e-01 nan 8.043923200000000000e+07 8.069432123233016840e-02
1.017472743988037109e+01 6.878115653991699219e+00 1.683381361073609185e-09 8.430969600000000000e+07 8.343989600000000000e+07 1.077661067247390747e-01 1.041814982891082764e-01 nan 8.417681600000000000e+07 4.650465022516561686e-02
1.257137203216552734e+01 8.498247146606445312e+00 1.670965250288532184e-09 8.806180000000000000e+07 8.715403200000000000e+07 7.373538613319396973e-02 7.128266245126724243e-02 nan 8.792311200000000000e+07 2.670064505983430619e-02
1.553254413604736328e+01 1.050000000000000000e+01 1.658640709094829109e-09 9.182065600000000000e+07 9.087528800000000000e+07 5.036332830786705017e-02 4.868798330426216125e-02 nan 9.167623200000000000e+07 1.527680499634975937e-02
