# k/h [h/Mpc]            k [1/Mpc]              Primoridal             T_cdm(k)                 T_bar(k)                 T_phot(k)                T_massless neutrions(k)  T_massive neutrinos(k)   T_total(k)               Linear Pk [(Mpc)^-3]   
1.049045658874092624e-05 7.091548468451946974e-06 2.727206404909961128e-09 1.000000000000000000e+00 1.000000000000000000e+00 1.000000000000000000e+00 1.000000000000000000e+00 nan 1.000000000000000000e+00 2.261149745599315963e+01
1.158353370556142181e-05 7.830468348402064294e-06 2.717761705682844603e-09 9.999997019767761230e-01 9.999997615814208984e-01 9.999591708183288574e-01 9.999580979347229004e-01 nan 9.999997019767761230e-01 2.488107211420832954e+01
1.279050593439023942e-05 8.646382411825470626e-06 2.708349706436794825e-09 9.999994039535522461e-01 9.999994635581970215e-01 9.999093413352966309e-01 9.999070167541503906e-01 nan 9.999994039535522461e-01 2.737845259323555780e+01
1.412324218108551577e-05 9.547311492497101426e-06 2.698970312856197758e-09 9.999991059303283691e-01 9.999991655349731445e-01 9.998487234115600586e-01 9.998446106910705566e-01 nan 9.999991059303283691e-01 3.012649937406812839e+01
1.559484553581569344e-05 1.054211588780162856e-05 2.689623392481895528e-09 9.999986290931701660e-01 9.999986290931701660e-01 9.997747540473937988e-01 9.997686743736267090e-01 nan 9.999986290931701660e-01 3.315036454081729289e+01
1.721978514979127795e-05 1.164057448477251455e-05 2.680308856040028027e-09 9.999980330467224121e-01 9.999980926513671875e-01 9.996845126152038574e-01 9.996759891510009766e-01 nan 9.999980330467224121e-01 3.647772995276002206e+01
1.901403993542771786e-05 1.285349117097212002e-05 2.671026563908324178e-09 9.999974370002746582e-01 9.999974370002746582e-01 9.995745420455932617e-01 9.995631575584411621e-01 nan 9.999974370002746582e-01 4.013907421485409088e+01
2.099525045196060091e-05 1.419278942194068804e-05 2.661776424936157355e-09 9.999966621398925781e-01 9.999966025352478027e-01 9.994405508041381836e-01 9.994255304336547852e-01 nan 9.999966025352478027e-01 4.416788855778496270e+01
2.318289807590190321e-05 1.567163963045459241e-05 2.652558315858844083e-09 9.999957084655761719e-01 9.999956488609313965e-01 9.992771744728088379e-01 9.992576837539672852e-01 nan 9.999957084655761719e-01 4.860107456225318856e+01
2.559849235694855452e-05 1.730458097881637514e-05 2.643372135990062650e-09 9.999946355819702148e-01 9.999944567680358887e-01 9.990778565406799316e-01 9.990530610084533691e-01 nan 9.999944567680358887e-01 5.347919040782814193e+01
2.826578383974265307e-05 1.910767059598583728e-05 2.634217767634683471e-09 9.999932050704956055e-01 9.999930262565612793e-01 9.988350272178649902e-01 9.988037347793579102e-01 nan 9.999932050704956055e-01 5.884691900194118119e+01
3.121100235148333013e-05 2.109863817167934030e-05 2.625095097817206075e-09 9.999914169311523438e-01 9.999912977218627930e-01 9.985390305519104004e-01 9.984998106956481934e-01 nan 9.999914169311523438e-01 6.475334995299822083e+01
3.446310074650682509e-05 2.329705603187903762e-05 2.616004033478672110e-09 9.999892711639404297e-01 9.999891519546508789e-01 9.981781840324401855e-01 9.981293678283691406e-01 nan 9.999892711639404297e-01 7.125254759638717417e+01
3.805406231549568474e-05 2.572454650362487882e-05 2.606944439452153756e-09 9.999867677688598633e-01 9.999864697456359863e-01 9.977384209632873535e-01 9.976777434349060059e-01 nan 9.999867677688598633e-01 7.840400078225984259e+01
4.201919000479392707e-05 2.840497290890198201e-05 2.597916226597658093e-09 9.999836087226867676e-01 9.999832510948181152e-01 9.972026348114013672e-01 9.971274733543395996e-01 nan 9.999835491180419922e-01 8.627311417200351684e+01
4.639747567125596106e-05 3.136469240416772664e-05 2.588919279439887767e-09 9.999798536300659180e-01 9.999793767929077148e-01 9.965494871139526367e-01 9.964569211006164551e-01 nan 9.999797344207763672e-01 9.493190501614797938e+01
5.123196388012729585e-05 3.463280881987884641e-05 2.579953483847589841e-09 9.999751448631286621e-01 9.999746084213256836e-01 9.957538247108459473e-01 9.956399202346801758e-01 nan 9.999750256538391113e-01 1.044595510162349115e+02
5.657019573845900595e-05 3.824145096587017179e-05 2.571018745591721348e-09 9.999695420265197754e-01 9.999688863754272461e-01 9.947844743728637695e-01 9.946447014808654785e-01 nan 9.999693632125854492e-01 1.149431821140578052e+02
6.246465636650100350e-05 4.222610732540488243e-05 2.562114941593048984e-09 9.999625682830810547e-01 9.999617934226989746e-01 9.936038255691528320e-01 9.934324026107788086e-01 nan 9.999624490737915039e-01 1.264786698301182497e+02
6.897329876665025949e-05 4.662595165427774191e-05 2.553241977543412439e-09 9.999541044235229492e-01 9.999530911445617676e-01 9.921662211418151855e-01 9.919563531875610352e-01 nan 9.999539256095886230e-01 1.391713650047572060e+02
7.616012590005993843e-05 5.148424679646268487e-05 2.544399743325443185e-09 9.999439120292663574e-01 9.999426603317260742e-01 9.904159307479858398e-01 9.901593923568725586e-01 nan 9.999436140060424805e-01 1.531372907579349203e+02
8.409580186707898974e-05 5.684876305167563260e-05 2.535588130685252624e-09 9.999313950538635254e-01 9.999298453330993652e-01 9.882860183715820312e-01 9.879726171493530273e-01 nan 9.999310970306396484e-01 1.685039557218544246e+02
9.285835403716191649e-05 6.277224747464060783e-05 2.526807033334104165e-09 9.999161362648010254e-01 9.999141693115234375e-01 9.856950640678405762e-01 9.853124618530273438e-01 nan 9.999157786369323730e-01 1.854115757402597922e+02
1.025339443003758788e-04 6.931294774403795600e-05 2.518056339675267213e-09 9.998975396156311035e-01 9.998952150344848633e-01 9.825446605682373047e-01 9.820783734321594238e-01 nan 9.998971819877624512e-01 2.040143491350051477e+02
1.132176985265687108e-04 7.653516513528302312e-05 2.509335958204897443e-09 9.998748898506164551e-01 9.998720288276672363e-01 9.787166118621826172e-01 9.781486392021179199e-01 nan 9.998744130134582520e-01 2.244817247850274384e+02
1.250146742677316070e-04 8.450992027064785361e-05 2.500645773867358897e-09 9.998472332954406738e-01 9.998438358306884766e-01 9.740684628486633301e-01 9.733772873878479004e-01 nan 9.998467564582824707e-01 2.470000105986401877e+02
1.380408502882346511e-04 9.331561159342527390e-05 2.491985695624705562e-09 9.998136758804321289e-01 9.998093843460083008e-01 9.684297442436218262e-01 9.675896763801574707e-01 nan 9.998130202293395996e-01 2.717738607881137227e+02
1.524243270978331566e-04 1.030388448270969093e-04 2.483355596498544299e-09 9.997726678848266602e-01 9.997675418853759766e-01 9.615969657897949219e-01 9.605769515037536621e-01 nan 9.997718930244445801e-01 2.990280929481557450e+02
1.683065347606316209e-04 1.137752187787555158e-04 2.474755379885282393e-09 9.997227191925048828e-01 9.997165203094482422e-01 9.533283710479736328e-01 9.520916342735290527e-01 nan 9.997217655181884766e-01 3.290095309177580702e+02
1.858436153270304203e-04 1.256302784895524383e-04 2.466184957973141175e-09 9.996620416641235352e-01 9.996544122695922852e-01 9.433387517929077148e-01 9.418416619300842285e-01 nan 9.996608495712280273e-01 3.619892001155535013e+02
2.052080089924857020e-04 1.387206139042973518e-04 2.457644209414643305e-09 9.995881319046020508e-01 9.995788931846618652e-01 9.312945008277893066e-01 9.294853806495666504e-01 nan 9.995867013931274414e-01 3.982641026735838068e+02
2.265901130158454180e-04 1.531749148853123188e-04 2.449133045395065615e-09 9.994982481002807617e-01 9.994869828224182129e-01 9.168087840080261230e-01 9.146275520324707031e-01 nan 9.994965195655822754e-01 4.381601118182036316e+02
2.502001880202442408e-04 1.691353245405480266e-04 2.440651351248999153e-09 9.993888735771179199e-01 9.993752837181091309e-01 8.994393944740295410e-01 8.968165516853332520e-01 nan 9.993867874145507812e-01 4.820338067794758103e+02
2.762703516054898500e-04 1.867587561719119549e-04 2.432199034655000626e-09 9.992560148239135742e-01 9.992395639419555664e-01 8.786894083023071289e-01 8.755454421043395996e-01 nan 9.992534518241882324e-01 5.302756186983179987e+02
3.050569503102451563e-04 2.062184939859434962e-04 2.423775992290330563e-09 9.990946054458618164e-01 9.990746974945068359e-01 8.540130853652954102e-01 8.502591252326965332e-01 nan 9.990915060043334961e-01 5.833119322868574272e+02
3.368430479895323515e-04 2.277058956678956747e-04 2.415382114947829304e-09 9.988988637924194336e-01 9.988747239112854004e-01 8.248307108879089355e-01 8.203694820404052734e-01 nan 9.988951086997985840e-01 6.416085447606827756e+02
3.719411906786262989e-04 2.514322404749691486e-04 2.407017301830847028e-09 9.986614584922790527e-01 9.986325502395629883e-01 7.905552983283996582e-01 7.852833867073059082e-01 nan 9.986569881439208984e-01 7.056723667295295854e+02
4.106964333914220333e-04 2.776307810563594103e-04 2.398681465071051552e-09 9.983741044998168945e-01 9.983394145965576172e-01 7.506358623504638672e-01 7.444492578506469727e-01 nan 9.983687996864318848e-01 7.760549059595621202e+02
4.534898616839200258e-04 3.065591445192694664e-04 2.390374494355455649e-09 9.980267286300659180e-01 9.979851841926574707e-01 7.046247124671936035e-01 6.974256038665771484e-01 nan 9.980203509330749512e-01 8.533540915695969034e+02
5.007422878406941891e-04 3.385017917025834322e-04 2.382096284987275655e-09 9.976073503494262695e-01 9.975581765174865723e-01 6.522706151008605957e-01 6.439791917800903320e-01 nan 9.975998997688293457e-01 9.382169828783504499e+02
5.529182380996644497e-04 3.737727238330990076e-04 2.373846756225058361e-09 9.971024394035339355e-01 9.970442056655883789e-01 5.936445593833923340e-01 5.842137932777404785e-01 nan 9.970936179161071777e-01 1.031341234794915181e+03
6.105307838879525661e-04 4.127188003621995449e-04 2.365625794166928840e-09 9.964959025382995605e-01 9.964272975921630859e-01 5.292915105819702148e-01 5.187268853187561035e-01 nan 9.964852929115295410e-01 1.133476022105668108e+03
6.741464603692293167e-04 4.557229985948652029e-04 2.357433293568910220e-09 9.957691431045532227e-01 9.956890940666198730e-01 4.603973627090454102e-01 4.487790167331695557e-01 nan 9.957568645477294922e-01 1.245424005200380861e+03
7.443906506523489952e-04 5.032080807723104954e-04 2.349269171114912410e-09 9.949012994766235352e-01 9.948087930679321289e-01 3.889356553554534912e-01 3.764405846595764160e-01 nan 9.948872327804565430e-01 1.368038501777404235e+03
8.219541050493717194e-04 5.556409596465528011e-04 2.341133324843220307e-09 9.938690066337585449e-01 9.937632679939270020e-01 3.177364170551300049e-01 3.046540915966033936e-01 nan 9.938529133796691895e-01 1.502224656894425607e+03
9.075994603335857391e-04 6.135372095741331577e-04 2.333025652639057309e-09 9.926463961601257324e-01 9.925267696380615234e-01 2.503862082958221436e-01 2.371191829442977905e-01 nan 9.926280975341796875e-01 1.648936000012097338e+03
1.002168864943087101e-03 6.774661596864461899e-04 2.324946049885245546e-09 9.912048578262329102e-01 9.910716414451599121e-01 1.908533722162246704e-01 1.778911799192428589e-01 nan 9.911844730377197266e-01 1.809171356743466049e+03
1.106592128053307533e-03 7.480562780983746052e-04 2.316894434325377400e-09 9.895140528678894043e-01 9.893678426742553711e-01 1.427537351846694946e-01 1.306120306253433228e-01 nan 9.894917011260986328e-01 1.983969725994185410e+03
1.221895916387438774e-03 8.260016329586505890e-04 2.308870708568745277e-09 9.875410795211791992e-01 9.873836636543273926e-01 1.082860082387924194e-01 9.741338342428207397e-02 nan 9.875169992446899414e-01 2.174402329809228831e+03
1.349214115180075169e-03 9.120687609538435936e-04 2.300874762407135126e-09 9.852513670921325684e-01 9.850847721099853516e-01 8.710478991270065308e-02 7.778117060661315918e-02 nan 9.852258563041687012e-01 2.381564793244647717e+03
1.489798538386821747e-03 1.007103826850652695e-03 2.292906509188567727e-09 9.826076030731201172e-01 9.824342727661132812e-01 7.573361694812774658e-02 6.801070272922515869e-02 nan 9.825811386108398438e-01 2.606559801520008023e+03
1.645031501539051533e-03 1.112041296437382698e-03 2.284965850418265676e-09 9.795696735382080078e-01 9.793915152549743652e-01 6.833459436893463135e-02 6.207647174596786499e-02 nan 9.795424938201904297e-01 2.850476217605585134e+03
1.816439209505915642e-03 1.227912958711385727e-03 2.277052691606405739e-09 9.760937094688415527e-01 9.759114980697631836e-01 5.928995087742805481e-02 5.432392284274101257e-02 nan 9.760658144950866699e-01 3.114362236323014258e+03
2.005707239732146263e-03 1.355858054012060165e-03 2.269166941709029953e-09 9.721311926841735840e-01 9.719437956809997559e-01 4.667032137513160706e-02 4.294275492429733276e-02 nan 9.721025228500366211e-01 3.399187163773626708e+03
2.214696491137146950e-03 1.497134799137711525e-03 2.261308494449764354e-09 9.676293730735778809e-01 9.674334526062011719e-01 3.373261913657188416e-02 3.127344325184822083e-02 nan 9.675993323326110840e-01 3.705801066996107238e+03
2.445461694151163101e-03 1.653132145293056965e-03 2.253477264686429142e-09 9.625315070152282715e-01 9.623221158981323242e-01 2.552500180900096893e-02 2.416917681694030762e-02 nan 9.624994993209838867e-01 4.034892806345793815e+03
2.700272016227245331e-03 1.825383864343166351e-03 2.245673160886940457e-09 9.567779898643493652e-01 9.565495252609252930e-01 2.247315831482410431e-02 2.075701020658016205e-02 nan 9.567431211471557617e-01 4.386939853727655645e+03
2.981632947921752930e-03 2.015583915635943413e-03 2.237896076485985185e-09 9.503064155578613281e-01 9.500541090965270996e-01 1.946371607482433319e-02 1.691040582954883575e-02 nan 9.502678513526916504e-01 4.762150541827956658e+03
3.292310982942581177e-03 2.225602278485894203e-03 2.230145925871712440e-09 9.430514574050903320e-01 9.427720308303833008e-01 1.432826183736324310e-02 1.376448571681976318e-02 nan 9.430088400840759277e-01 5.160391107532663227e+03
3.635360859334468842e-03 2.457503927871584892e-03 2.222422616889744185e-09 9.349456429481506348e-01 9.346356391906738281e-01 1.140422280877828598e-02 1.119280699640512466e-02 nan 9.348982572555541992e-01 5.581100078030216537e+03
4.014155361801385880e-03 2.713568974286317825e-03 2.214726058195065524e-09 9.259192943572998047e-01 9.255729913711547852e-01 1.057502627372741699e-02 9.091746062040328979e-03 nan 9.258664250373840332e-01 6.023206836380833010e+03
4.432419314980506897e-03 2.996315481141209602e-03 2.207056148657132701e-09 9.159015417098999023e-01 9.155100584030151367e-01 7.882130332291126251e-03 7.376369554549455643e-03 nan 9.158417582511901855e-01 6.485031072236261934e+03
4.894265439361333847e-03 3.308523446321487427e-03 2.199412800139309644e-09 9.048204421997070312e-01 9.043731093406677246e-01 6.717078387737274170e-03 5.976832006126642227e-03 nan 9.047521352767944336e-01 6.964186775221970493e+03
5.404234398156404495e-03 3.653262509033083916e-03 2.191795924301313793e-09 8.926039338111877441e-01 8.920900225639343262e-01 5.469679832458496094e-03 4.835920408368110657e-03 nan 8.925253748893737793e-01 7.457484996530493845e+03
5.967340432107448578e-03 4.033922217786312103e-03 2.184205430909534259e-09 8.791794180870056152e-01 8.785869479179382324e-01 4.108946770429611206e-03 3.906674217432737350e-03 nan 8.790888786315917969e-01 7.960802031425751920e+03
6.589121185243129730e-03 4.454245790839195251e-03 2.176641221197925960e-09 8.644747138023376465e-01 8.637870550155639648e-01 3.293546149507164955e-03 3.150558564811944962e-03 nan 8.643696904182434082e-01 8.468964525086488720e+03
7.275689393281936646e-03 4.918366204947233200e-03 2.169103203027300791e-09 8.484178185462951660e-01 8.476161360740661621e-01 2.890525385737419128e-03 2.535987179726362228e-03 nan 8.482953310012817383e-01 8.975640592359874063e+03
8.033796213567256927e-03 5.430846009403467178e-03 2.161591299930936394e-09 8.309373259544372559e-01 8.300007581710815430e-01 2.033375436440110207e-03 2.037065336480736732e-03 nan 8.307942152023315430e-01 9.473233158718488994e+03
8.870895951986312866e-03 5.996725521981716156e-03 2.154105401952956366e-09 8.119617700576782227e-01 8.108646273612976074e-01 1.713106408715248108e-03 1.632552593946456909e-03 nan 8.117941617965698242e-01 9.952752510641636036e+03
9.795218706130981445e-03 6.621567998081445694e-03 2.146645430474833453e-09 7.914219498634338379e-01 7.901356816291809082e-01 1.422911533154547215e-03 1.305060111917555332e-03 nan 7.912254333496093750e-01 1.040379650196410512e+04
1.081585418432950974e-02 7.311517372727394104e-03 2.139211293795359687e-09 7.692490816116333008e-01 7.677406072616577148e-01 1.118635875172913074e-03 1.040340051986277103e-03 nan 7.690185904502868652e-01 1.081446752452486544e+04
1.194283645600080490e-02 8.073357865214347839e-03 2.131802900090153706e-09 7.453775405883789062e-01 7.436105012893676758e-01 9.292418835684657097e-04 8.267321391031146049e-04 nan 7.451075911521911621e-01 1.117144705692448952e+04
1.318724639713764191e-02 8.914578706026077271e-03 2.124420174276236449e-09 7.197484970092773438e-01 7.176827788352966309e-01 7.107587880454957485e-04 6.547007360495626926e-04 nan 7.194328904151916504e-01 1.146019534489864782e+04
1.456132158637046814e-02 9.843453764915466309e-03 2.117063005254935590e-09 6.923136711120605469e-01 6.899070739746093750e-01 5.257100565358996391e-04 5.164528847672045231e-04 nan 6.919459700584411621e-01 1.166530026113149506e+04
1.607857085764408112e-02 1.086911372840404510e-02 2.109731324472420402e-09 6.630443930625915527e-01 6.602541208267211914e-01 4.346664936747401953e-04 4.056270990986377001e-04 nan 6.626181006431579590e-01 1.177112959618630703e+04
1.775391399860382080e-02 1.200164575129747391e-02 2.102425026951150955e-09 6.319438219070434570e-01 6.287293434143066406e-01 3.345371806062757969e-04 3.170362324453890324e-04 nan 6.314527392387390137e-01 1.176286960720362731e+04
1.960382424294948578e-02 1.325218472629785538e-02 2.095144031049849183e-09 5.990642309188842773e-01 5.953916907310485840e-01 2.778859052341431379e-04 2.464552817400544882e-04 nan 5.985031723976135254e-01 1.162798699823900097e+04
2.164648845791816711e-02 1.463302597403526306e-02 2.087888252770266929e-09 5.645312666893005371e-01 5.603795051574707031e-01 2.002745313802734017e-04 1.904470700537785888e-04 nan 5.638969540596008301e-01 1.135824392958049975e+04
2.390199340879917145e-02 1.615774817764759064e-02 2.080657597354892904e-09 5.285724997520446777e-01 5.239410996437072754e-01 1.703663001535460353e-04 1.462175277993083000e-04 nan 5.278649330139160156e-01 1.095209685191066274e+04
2.639251388609409332e-02 1.784133911132812500e-02 2.073451995948668221e-09 4.915503561496734619e-01 4.864689409732818604e-01 1.145367350545711815e-04 1.114961341954767704e-04 nan 4.907740056514739990e-01 1.041729136566507623e+04
2.914254181087017059e-02 1.970035769045352936e-02 2.066271340052806293e-09 4.539919197559356689e-01 4.485309123992919922e-01 8.799017814453691244e-05 8.443621482001617551e-05 nan 4.531575441360473633e-01 9.773051212574768215e+03
3.217911347746849060e-02 2.175308018922805786e-02 2.059115554147728899e-09 4.166056513786315918e-01 4.108859598636627197e-01 6.758177187293767929e-05 6.353225762723013759e-05 nan 4.157318174839019775e-01 9.051034937772576086e+03
3.553209081292152405e-02 2.401969395577907562e-02 2.051984539888671147e-09 3.802677392959594727e-01 3.744656443595886230e-01 5.476896694744937122e-05 4.755097688757814467e-05 nan 3.793813288211822510e-01 8.293993049554810568e+03
3.923443704843521118e-02 2.652247995138168335e-02 2.044878229365854235e-09 3.459551930427551270e-01 3.402988016605377197e-01 3.790588380070403218e-05 3.547494998201727867e-05 nan 3.450910449028015137e-01 7.551256566723892320e+03
4.332255572080612183e-02 2.928604744374752045e-02 2.037796533657790378e-09 3.146053254604339600e-01 3.093552291393280029e-01 2.722370845731347799e-05 2.645777931320481002e-05 nan 3.138032257556915283e-01 6.870789177370487778e+03
4.765481501817703247e-02 3.221465647220611572e-02 2.031010053452367756e-09 2.878072261810302734e-01 2.831872701644897461e-01 2.085919004457537085e-05 2.000557833525817841e-05 nan 2.871014177799224854e-01 6.305310891643821378e+03
5.198707059025764465e-02 3.514325991272926331e-02 2.024834231214258902e-09 2.665931284427642822e-01 2.627047002315521240e-01 1.623952994123101234e-05 1.557495124870911241e-05 nan 2.659990489482879639e-01 5.886564490184894566e+03
5.631932616233825684e-02 3.807186335325241089e-02 2.019169610001785353e-09 2.492502182722091675e-01 2.460885792970657349e-01 1.294111825700383633e-05 1.241150494024623185e-05 nan 2.487672120332717896e-01 5.562032056991537502e+03
6.065158173441886902e-02 4.100047051906585693e-02 2.013939112582009273e-09 2.345725893974304199e-01 2.320438176393508911e-01 1.050459741236409172e-05 1.007468654279364273e-05 nan 2.341862469911575317e-01 5.294539377146822517e+03
6.498383730649948120e-02 4.392907395958900452e-02 2.009081821590703985e-09 2.214313447475433350e-01 2.193812280893325806e-01 8.640170563012361526e-06 8.286556294478941709e-06 nan 2.211181521415710449e-01 5.045087266310760242e+03
6.931609660387039185e-02 4.685768112540245056e-02 2.004548729015451583e-09 2.089995592832565308e-01 2.072470337152481079e-01 7.168563570303376764e-06 6.875174676679307595e-06 nan 2.087318152189254761e-01 4.784592387686461734e+03
7.364834845066070557e-02 4.978628456592559814e-02 2.000299865353250301e-09 1.967922598123550415e-01 1.951622366905212402e-01 5.979198704153532162e-06 5.734488240705104545e-06 nan 1.965432316064834595e-01 4.497707466155279690e+03
7.798060774803161621e-02 5.271489173173904419e-02 1.996302173696350216e-09 1.846795678138732910e-01 1.830299496650695801e-01 5.004486865800572559e-06 4.799670023203361779e-06 nan 1.844275593757629395e-01 4.184865359948644254e+03
8.231285959482192993e-02 5.564349144697189331e-02 1.992528044667567094e-09 1.727961152791976929e-01 1.710351109504699707e-01 4.201672709314152598e-06 4.029716819786699489e-06 nan 1.725270599126815796e-01 3.858366789430067456e+03
8.664511889219284058e-02 5.857209861278533936e-02 1.988954134422163219e-09 1.614083349704742432e-01 1.595008373260498047e-01 3.541159458109177649e-06 3.396238980712951161e-06 nan 1.611168980598449707e-01 3.535639829909084256e+03
9.097737073898315430e-02 6.150070205330848694e-02 1.985560585482697045e-09 1.507958918809890747e-01 1.487589478492736816e-01 2.999925300173345022e-06 2.877157385228201747e-06 nan 1.504846662282943726e-01 3.233091530175609023e+03
9.636187553405761719e-02 6.514062732458114624e-02 1.981568674123380254e-09 1.390647292137145996e-01 1.369488388299942017e-01 2.465321813360787928e-06 2.364434521950897761e-06 nan 1.387414932250976562e-01 2.904985739975097204e+03
1.017463728785514832e-01 6.878054887056350708e-02 1.977801256732118934e-09 1.292740553617477417e-01 1.272037476301193237e-01 2.055345930784824304e-06 1.971236315512214787e-06 nan 1.289577633142471313e-01 2.644925809429374112e+03
1.071308776736259460e-01 7.242047041654586792e-02 1.974234781265857972e-09 1.214735582470893860e-01 1.195687055587768555e-01 1.742163362905557733e-06 1.670869323788792826e-06 nan 1.211825460195541382e-01 2.454768383819069641e+03
1.125153750181198120e-01 7.606039196252822876e-02 1.970849203820953451e-09 1.153284087777137756e-01 1.136702746152877808e-01 1.499832364970643539e-06 1.438453750779444817e-06 nan 1.150750815868377686e-01 2.320837925478419038e+03
1.178998723626136780e-01 7.970031350851058960e-02 1.967627323526894450e-09 1.102759912610054016e-01 1.088896766304969788e-01 1.306511762777518015e-06 1.253043137694476172e-06 nan 1.100641936063766479e-01 2.221085444086133066e+03
1.232843771576881409e-01 8.334024250507354736e-02 1.964554264128985100e-09 1.057579666376113892e-01 1.046131476759910583e-01 1.146252088801702484e-06 1.099340806831605732e-06 nan 1.055830642580986023e-01 2.133917129758366627e+03
1.286688745021820068e-01 8.698015660047531128e-02 1.961617102724775952e-09 1.013407632708549500e-01 1.003671586513519287e-01 1.008570393423724454e-06 9.672933174442732707e-07 nan 1.011920124292373657e-01 2.042665068962330452e+03
1.340533792972564697e-01 9.062008559703826904e-02 1.958804483640675406e-09 9.675731509923934937e-02 9.586820006370544434e-02 8.872096373124804813e-07 8.508992550559923984e-07 nan 9.662147611379623413e-02 1.937461539910297688e+03
1.394378840923309326e-01 9.426000714302062988e-02 1.956106446915437174e-09 9.193841367959976196e-02 9.105475991964340210e-02 7.791170446580508724e-07 7.472307288480806164e-07 nan 9.180340915918350220e-02 1.816802975377818939e+03
1.448223739862442017e-01 9.789992123842239380e-02 1.953514161287429418e-09 8.699551224708557129e-02 8.606411516666412354e-02 6.833045631537970621e-07 6.553399316544528119e-07 nan 8.685321360826492310e-02 1.686712013617130424e+03
1.502068787813186646e-01 1.015398502349853516e-01 1.951019758654691563e-09 8.214118331670761108e-02 8.114326745271682739e-02 5.996079721626301762e-07 5.750692366746079642e-07 nan 8.198872953653335571e-02 1.556957525583157121e+03
1.555913835763931274e-01 1.051797717809677124e-01 1.948616241255242070e-09 7.761012017726898193e-02 7.655954360961914062e-02 5.278795356389309745e-07 5.062767058916506357e-07 nan 7.744961977005004883e-02 1.437365916753684587e+03
1.609758734703063965e-01 1.088196933269500732e-01 1.946297314463125787e-09 7.360234111547470093e-02 7.253592461347579956e-02 4.676170135553547880e-07 4.484805629090260481e-07 nan 7.343941926956176758e-02 1.335504402278551879e+03
1.663603782653808594e-01 1.124596148729324341e-01 1.944057316713681798e-09 7.022339850664138794e-02 6.918688118457794189e-02 4.177185530807037139e-07 4.006241169918212108e-07 nan 7.006504386663436890e-02 1.254812032815964812e+03
1.717448830604553223e-01 1.160995438694953918e-01 1.941891129256332855e-09 6.744515895843505859e-02 6.647913157939910889e-02 3.764580469578504562e-07 3.610520593610999640e-07 nan 6.729757040739059448e-02 1.193780380217298443e+03
1.771293878555297852e-01 1.197394654154777527e-01 1.939794125595426991e-09 6.513230502605438232e-02 6.426198035478591919e-02 3.418356868678529281e-07 3.278463509559514932e-07 nan 6.499934196472167969e-02 1.147310830339215272e+03
1.825138777494430542e-01 1.233793795108795166e-01 1.937762091126241291e-09 6.310824304819107056e-02 6.233886256814002991e-02 3.120181588656123495e-07 2.992488248310110066e-07 nan 6.299069523811340332e-02 1.109088210168544947e+03
1.878983825445175171e-01 1.270193010568618774e-01 1.935791175107242678e-09 6.120153144001960754e-02 6.051973626017570496e-02 2.855462071238434874e-07 2.738600812790537020e-07 nan 6.109736859798431396e-02 1.073108182712535609e+03
1.932828873395919800e-01 1.306592375040054321e-01 1.933877861004656685e-09 5.927137285470962524e-02 5.865108594298362732e-02 2.613761864722619066e-07 2.506791076939407503e-07 nan 5.917660519480705261e-02 1.034521352036239932e+03
1.986673772335052490e-01 1.342991441488265991e-01 1.932018951816384183e-09 5.723697319626808167e-02 5.664762109518051147e-02 2.389146800396702019e-07 2.291368588203113177e-07 nan 5.714693292975425720e-02 9.906967475971529211e+02
2.040518820285797119e-01 1.379390656948089600e-01 1.930211465507478933e-09 5.509621649980545044e-02 5.451082438230514526e-02 2.179897791165785748e-07 2.090684176891954849e-07 nan 5.500677973031997681e-02 9.418785743051937516e+02
2.094363868236541748e-01 1.415790021419525146e-01 1.928452677645768952e-09 5.290891230106353760e-02 5.230996012687683105e-02 1.986874451631592819e-07 1.905561219928131322e-07 nan 5.281740427017211914e-02 8.904963701553139117e+02
2.148208767175674438e-01 1.452189087867736816e-01 1.926740094380007882e-09 5.076119676232337952e-02 5.014319717884063721e-02 1.811606580304214731e-07 1.737467130169534357e-07 nan 5.066677927970886230e-02 8.397754200533696576e+02
2.202053815126419067e-01 1.488588303327560425e-01 1.925071368159055733e-09 4.873919859528541565e-02 4.810776188969612122e-02 1.655206318673663191e-07 1.587468148045445560e-07 nan 4.864272475242614746e-02 7.927340058466303390e+02
2.255898863077163696e-01 1.524987667798995972e-01 1.923444343781293656e-09 4.691059887409210205e-02 4.627896845340728760e-02 1.517838086328993086e-07 1.455722156151750823e-07 nan 4.681409522891044617e-02 7.515700547339384912e+02
2.309743911027908325e-01 1.561386883258819580e-01 1.921857033120720865e-09 4.530676081776618958e-02 4.469095915555953979e-02 1.398364588567346800e-07 1.341138045063416939e-07 nan 4.521267861127853394e-02 7.171703790278007773e+02
2.363588809967041016e-01 1.597786098718643188e-01 1.920307567935778733e-09 4.391627386212348938e-02 4.333039373159408569e-02 1.294448708222262212e-07 1.241474478774762247e-07 nan 4.382676631212234497e-02 6.890305661732844555e+02
2.417433857917785645e-01 1.634185314178466797e-01 1.918794213956308179e-09 4.269653186202049255e-02 4.214928299188613892e-02 1.203161872354030493e-07 1.153923179231242102e-07 nan 4.261292517185211182e-02 6.657062750367443869e+02
2.471278905868530273e-01 1.670584529638290405e-01 1.917315352832477265e-09 4.158946126699447632e-02 4.108265414834022522e-02 1.121567407835755148e-07 1.075667412919756316e-07 nan 4.151203110814094543e-02 6.453275640093079346e+02
2.525123953819274902e-01 1.706983745098114014e-01 1.915869472055197894e-09 4.053231701254844666e-02 4.006133228540420532e-02 1.047036306545123807e-07 1.004186316322375205e-07 nan 4.046035930514335632e-02 6.259289749307770307e+02
2.578969001770019531e-01 1.743383109569549561e-01 1.914455150219987163e-09 3.947106376290321350e-02 3.902686014771461487e-02 9.775483533758233534e-08 9.375417420187659445e-08 nan 3.940320014953613281e-02 6.058585592736841363e+02
2.632813751697540283e-01 1.779782027006149292e-01 1.913071083197014340e-09 3.837733715772628784e-02 3.794923052191734314e-02 9.119960253656245186e-08 8.746721391617029440e-08 nan 3.831193596124649048e-02 5.843006806345222230e+02
2.686658799648284912e-01 1.816181391477584839e-01 1.911715991580206360e-09 3.725392743945121765e-02 3.683234006166458130e-02 8.501464776600187179e-08 8.153539710065160762e-08 nan 3.718952089548110962e-02 5.614278784893921284e+02
2.740503847599029541e-01 1.852580606937408447e-01 1.910388727493893778e-09 3.612313792109489441e-02 3.570165857672691345e-02 7.922207601041009184e-08 7.597990503427354270e-08 nan 3.605874627828598022e-02 5.380100383106732806e+02
2.794348895549774170e-01 1.888979822397232056e-01 1.909088184011114833e-09 3.501259535551071167e-02 3.458887338638305664e-02 7.385054345832031686e-08 7.082822861548265791e-08 nan 3.494785726070404053e-02 5.149495565790848559e+02
2.848193943500518799e-01 1.925379037857055664e-01 1.907813323590368924e-09 3.395001962780952454e-02 3.352557495236396790e-02 6.892285142612308846e-08 6.610220992797621875e-08 nan 3.388517349958419800e-02 4.931077555995752277e+02
2.902038991451263428e-01 1.961778402328491211e-01 1.906563162582237113e-09 3.296065330505371094e-02 3.253971040248870850e-02 6.445144862254892359e-08 6.181381451142442529e-08 nan 3.289634361863136292e-02 4.732238461537760372e+02
2.955884039402008057e-01 1.998177617788314819e-01 1.905336787226579552e-09 3.205950558185577393e-02 3.164742141962051392e-02 6.042542111117654713e-08 5.795254764962010086e-08 nan 3.199654817581176758e-02 4.557034557356019491e+02
3.009728789329528809e-01 2.034576684236526489e-01 1.904133323856378078e-09 3.124441951513290405e-02 3.084605745971202850e-02 5.680189829604387342e-08 5.447731155072688125e-08 nan 3.118355572223663330e-02 4.404462713239610139e+02
3.063573837280273438e-01 2.070975899696350098e-01 1.902951936232507350e-09 3.049891442060470581e-02 3.011742793023586273e-02 5.351679632781269902e-08 5.132664071538783901e-08 nan 3.044063411653041840e-02 4.269534241574148155e+02
3.117418885231018066e-01 2.107375115156173706e-01 1.901791846628511990e-09 2.980156056582927704e-02 2.943779528141021729e-02 5.050479501278459793e-08 4.843789724873204250e-08 nan 2.974598295986652374e-02 4.146023536029612728e+02
3.171263933181762695e-01 2.143774479627609253e-01 1.900652308391623192e-09 2.913226932287216187e-02 2.878485433757305145e-02 4.771044004314717313e-08 4.575788992156049062e-08 nan 2.907919324934482574e-02 4.028252524095033209e+02
3.225108981132507324e-01 2.180173695087432861e-01 1.899532626729035332e-09 2.847394347190856934e-02 2.813989482820034027e-02 4.508960316229604359e-08 4.324430591395866941e-08 nan 2.842290699481964111e-02 3.911515998876477056e+02
3.278954029083251953e-01 2.216572910547256470e-01 1.898432128189829179e-09 2.781456708908081055e-02 2.749019302427768707e-02 4.261123365267849294e-08 4.086735927444351546e-08 nan 2.776500955224037170e-02 3.792651895037415670e+02
3.332799077033996582e-01 2.252972126007080078e-01 1.897350177081271127e-09 2.715084701776504517e-02 2.683269232511520386e-02 4.026090039133123355e-08 3.861321928866345843e-08 nan 2.710223942995071411e-02 3.670996180790893959e+02
3.386643826961517334e-01 2.289371192455291748e-01 1.896286172945125672e-09 2.648882195353507996e-02 2.617439255118370056e-02 3.803916470701551589e-08 3.648241531095663959e-08 nan 2.644078247249126434e-02 3.548451760107691939e+02
3.440488874912261963e-01 2.325770407915115356e-01 1.895239531240720810e-09 2.583945728838443756e-02 2.552759833633899689e-02 3.595310360537951055e-08 3.448172947173588909e-08 nan 2.579181268811225891e-02 3.428190015341371009e+02
3.494333922863006592e-01 2.362169772386550903e-01 1.894209703480833635e-09 2.521319687366485596e-02 2.490407600998878479e-02 3.400782233597965387e-08 3.261605741045059403e-08 nan 2.516597136855125427e-02 3.313117121231421720e+02
3.548178970813751221e-01 2.398568987846374512e-01 1.893196174858241155e-09 2.461750991642475128e-02 2.431230805814266205e-02 3.220349853449988586e-08 3.088558031549837324e-08 nan 2.457088232040405273e-02 3.205232774458701215e+02
3.602024018764495850e-01 2.434968203306198120e-01 1.892198441798694543e-09 2.405680529773235321e-02 2.375719510018825531e-02 3.053590802437611273e-08 2.928623565878751833e-08 nan 2.401103265583515167e-02 3.105645391315793518e+02
3.655869066715240479e-01 2.471367418766021729e-01 1.891216027459402332e-09 2.353186346590518951e-02 2.323946543037891388e-02 2.899634310438159446e-08 2.780967989224336634e-08 nan 2.348719164729118347e-02 3.014469780562129131e+02
3.709714114665985107e-01 2.507766783237457275e-01 1.890248472221847833e-09 2.303895168006420135e-02 2.275489270687103271e-02 2.757128036989797693e-08 2.644293317644041963e-08 nan 2.299555577337741852e-02 2.930650759806711108e+02
3.763558864593505859e-01 2.544165849685668945e-01 1.889295352117686434e-09 2.257081866264343262e-02 2.229550480842590332e-02 2.624425832209453802e-08 2.517021613357428578e-08 nan 2.252875640988349915e-02 2.852265311667553078e+02
3.817403912544250488e-01 2.580564916133880615e-01 1.888356242191734645e-09 2.211961895227432251e-02 2.185270003974437714e-02 2.499971785141497094e-08 2.397660736619400268e-08 nan 2.207883819937705994e-02 2.777291019165073180e+02
3.871248960494995117e-01 2.616964280605316162e-01 1.887430735669950155e-09 2.167918533086776733e-02 2.141971141099929810e-02 2.382546782087047177e-08 2.285041134086895909e-08 nan 2.163954265415668488e-02 2.704177425457759796e+02
3.925094008445739746e-01 2.653363645076751709e-01 1.886518457772270655e-09 2.124538645148277283e-02 2.099209837615489960e-02 2.271268506603973947e-08 2.178317082268677041e-08 nan 2.120668813586235046e-02 2.631926657292461869e+02
3.978939056396484375e-01 2.689762711524963379e-01 1.885619049100158659e-09 2.081610448658466339e-02 2.056774124503135681e-02 2.165549695121171681e-08 2.076924765503918024e-08 nan 2.077815867960453033e-02 2.560072827889935638e+02
4.032784104347229004e-01 2.726162075996398926e-01 1.884732143174389957e-09 2.039184421300888062e-02 2.014740742743015289e-02 2.065122650662942760e-08 1.980607677865009464e-08 nan 2.035450004041194916e-02 2.488814068650842728e+02
4.086629152297973633e-01 2.762561440467834473e-01 1.883857409814700777e-09 1.997569203376770020e-02 1.973459869623184204e-02 1.969993412842541147e-08 1.889371681329521380e-08 nan 1.993885822594165802e-02 2.418971394149004652e+02
4.140473902225494385e-01 2.798960208892822266e-01 1.882994538868699288e-09 1.957146450877189636e-02 1.933358050882816315e-02 1.880228062134392530e-08 1.803280191836620361e-08 nan 1.953512243926525116e-02 2.351517849864811183e+02
4.194318950176239014e-01 2.835359573364257812e-01 1.882143190604211824e-09 1.918176934123039246e-02 1.894732937216758728e-02 1.795760162792703341e-08 1.722268905268720118e-08 nan 1.914595253765583038e-02 2.287099371490671729e+02
4.248163998126983643e-01 2.871758937835693359e-01 1.881303079826970542e-09 1.880781352519989014e-02 1.857727020978927612e-02 1.716389341765989229e-08 1.646146507994217245e-08 nan 1.877259090542793274e-02 2.226001546679912906e+02
4.302009046077728271e-01 2.908158004283905029e-01 1.880473925305205483e-09 1.845008507370948792e-02 1.822393573820590973e-02 1.641858915490956861e-08 1.574666264048119046e-08 nan 1.841553300619125366e-02 2.168324100392798357e+02
4.355854094028472900e-01 2.944557368755340576e-01 1.879655436356054805e-09 1.810811087489128113e-02 1.788673363626003265e-02 1.571842211944840528e-08 1.507514824083955318e-08 nan 1.807429082691669464e-02 2.113932130654756918e+02
4.409699141979217529e-01 2.980956733226776123e-01 1.878847353036435648e-09 1.777983084321022034e-02 1.756338775157928467e-02 1.505899049902836850e-08 1.444270303352368501e-08 nan 1.774676330387592316e-02 2.062318154237178760e+02
4.463544189929962158e-01 3.017355799674987793e-01 1.878049424887222573e-09 1.746218651533126831e-02 1.725059561431407928e-02 1.443541020051952728e-08 1.384464276554808748e-08 nan 1.742985844612121582e-02 2.012757773122615674e+02
4.517388939857482910e-01 3.053754866123199463e-01 1.877261397654174740e-09 1.715264469385147095e-02 1.694560796022415161e-02 1.384361514311649444e-08 1.327706655729343765e-08 nan 1.712101325392723083e-02 1.964662975294832563e+02
4.571233987808227539e-01 3.090154230594635010e-01 1.876483026309890802e-09 1.684979908168315887e-02 1.664688996970653534e-02 1.328077026130358718e-08 1.273725569461703344e-08 nan 1.681879907846450806e-02 1.917719283175984515e+02
4.625079035758972168e-01 3.126553297042846680e-01 1.875714093387305177e-09 1.655285246670246124e-02 1.635360717773437500e-02 1.274472172241303269e-08 1.222314338633623265e-08 nan 1.652241311967372894e-02 1.871757831722638059e+02
4.678924083709716797e-01 3.162952661514282227e-01 1.874954364165268396e-09 1.626128889620304108e-02 1.606529764831066132e-02 1.223369405778385044e-08 1.173303143531256865e-08 nan 1.623134501278400421e-02 1.826680689263457396e+02
4.732769131660461426e-01 3.199352025985717773e-01 1.874203630559428286e-09 1.597533747553825378e-02 1.578231342136859894e-02 1.174659303160296986e-08 1.126586468558343768e-08 nan 1.594584621489048004e-02 1.782559998768120408e+02
4.786614179611206055e-01 3.235751092433929443e-01 1.873461691551420399e-09 1.569612510502338409e-02 1.550592575222253799e-02 1.128302695718730320e-08 1.082127099039098539e-08 nan 1.566706597805023193e-02 1.739664811607784429e+02
4.840458929538726807e-01 3.272150158882141113e-01 1.872728340933758753e-09 1.542491372674703598e-02 1.523752696812152863e-02 1.084270184747992971e-08 1.039896524446248804e-08 nan 1.539628580212593079e-02 1.698283554668709598e+02
4.894303977489471436e-01 3.308549523353576660e-01 1.872003379495005729e-09 1.516225282102823257e-02 1.497775781899690628e-02 1.042481390101102079e-08 9.998180061643324734e-09 nan 1.513406634330749512e-02 1.658539258819981796e+02
4.948149025440216064e-01 3.344948589801788330e-01 1.871286632213937058e-09 1.490798220038414001e-02 1.472649630159139633e-02 1.002811700345773716e-08 9.617718177423739689e-09 nan 1.488025486469268799e-02 1.620394617019040879e+02
5.001994371414184570e-01 3.381348252296447754e-01 1.870577900826693527e-09 1.466177590191364288e-02 1.448339875787496567e-02 9.651322407933093928e-09 9.256344135621930036e-09 nan 1.463452260941267014e-02 1.583773411335478727e+02
5.055838823318481445e-01 3.417747020721435547e-01 1.869877039368293133e-09 1.442328933626413345e-02 1.424806751310825348e-02 9.293208869110003434e-09 8.912886428902311309e-09 nan 1.439651940017938614e-02 1.548596368641898096e+02
5.109683871269226074e-01 3.454146385192871094e-01 1.869183849789121820e-09 1.419185567647218704e-02 1.401975937187671661e-02 8.952421914898422983e-09 8.586045652236862225e-09 nan 1.416556350886821747e-02 1.514714145684848461e+02
5.163528919219970703e-01 3.490545451641082764e-01 1.868498185335105332e-09 1.396639458835124969e-02 1.379732321947813034e-02 8.627440983843825961e-09 8.274364304838854878e-09 nan 1.394056342542171478e-02 1.481893139777776014e+02
5.217373967170715332e-01 3.526944816112518311e-01 1.867819876059786520e-09 1.374591421335935593e-02 1.357971504330635071e-02 8.316903610250392376e-09 7.976535876252910384e-09 nan 1.372052263468503952e-02 1.449923900441929732e+02
5.271219015121459961e-01 3.563344180583953857e-01 1.867148773833358248e-09 1.352999266237020493e-02 1.336648967117071152e-02 8.019879871312696196e-09 7.691666858988810418e-09 nan 1.350501365959644318e-02 1.418720941807969211e+02
5.325064063072204590e-01 3.599743247032165527e-01 1.866484735032350672e-09 1.331862621009349823e-02 1.315764617174863815e-02 7.735743601244848833e-09 7.419158620791677095e-09 nan 1.329403184354305267e-02 1.388288250461365578e+02
5.378909111022949219e-01 3.636142611503601074e-01 1.865827604301946768e-09 1.311178784817457199e-02 1.295319106429815292e-02 7.463888174186195101e-09 7.158429848885816682e-09 nan 1.308755762875080109e-02 1.358625878433701075e+02
5.432754158973693848e-01 3.672541677951812744e-01 1.865177252290424566e-09 1.290939934551715851e-02 1.275308802723884583e-02 7.203717622417116218e-09 6.908905891833683199e-09 nan 1.288551837205886841e-02 1.329722092680838728e+02
5.486599206924438477e-01 3.708941042423248291e-01 1.864533532427482462e-09 1.271162740886211395e-02 1.255754940211772919e-02 6.954797626690378820e-09 6.670173746670116088e-09 nan 1.268808823078870773e-02 1.301615669413246792e+02
5.540444254875183105e-01 3.745340406894683838e-01 1.863896318172137942e-09 1.251885667443275452e-02 1.236699242144823074e-02 6.716834199949062167e-09 6.441949196300811309e-09 nan 1.249565463513135910e-02 1.274386968829648055e+02
5.594289302825927734e-01 3.781739473342895508e-01 1.863265486641235488e-09 1.233124360442161560e-02 1.218159869313240051e-02 6.489420112387733752e-09 6.223840554042681106e-09 nan 1.230838056653738022e-02 1.248068604397048205e+02
5.648134350776672363e-01 3.818138837814331055e-01 1.862640903204479876e-09 1.214853208512067795e-02 1.200111210346221924e-02 6.271951402680997489e-09 6.015272724368969648e-09 nan 1.212600991129875183e-02 1.222607229731134879e+02
5.701979398727416992e-01 3.854538202285766602e-01 1.862022452330667509e-09 1.197036541998386383e-02 1.182516757398843765e-02 6.063807234113482991e-09 5.815647075024799051e-09 nan 1.194818224757909775e-02 1.197929320326242504e+02
5.755824446678161621e-01 3.890937268733978271e-01 1.861410021730888845e-09 1.179656852036714554e-02 1.165356766432523727e-02 5.864492003126997588e-09 5.624488430555629748e-09 nan 1.177472062408924103e-02 1.173999131478124411e+02
5.809668898582458496e-01 3.927336037158966064e-01 1.860803497296447543e-09 1.162698119878768921e-02 1.148613356053829193e-02 5.673545189210926765e-09 5.441356698554500326e-09 nan 1.160546205937862396e-02 1.150783706545494027e+02
5.863513946533203125e-01 3.963735401630401611e-01 1.860202753428811389e-09 1.146123465150594711e-02 1.132247503846883774e-02 5.490429000332142095e-09 5.265734515091935464e-09 nan 1.144003495573997498e-02 1.128209850579935676e+02
5.917358994483947754e-01 4.000134766101837158e-01 1.859607692406273365e-09 1.129890047013759613e-02 1.116215437650680542e-02 5.314611417617243205e-09 5.097111621665817438e-09 nan 1.127800904214382172e-02 1.106193406038902367e+02
5.971204042434692383e-01 4.036533832550048828e-01 1.859018214291441706e-09 1.113980822265148163e-02 1.100499741733074188e-02 5.145707859810499940e-09 4.935120312410390397e-09 nan 1.111921295523643494e-02 1.084702298831323333e+02
6.025049090385437012e-01 4.072933197021484375e-01 1.858434207544148841e-09 1.098402682691812515e-02 1.085108052939176559e-02 4.983465640151507614e-09 4.779518114617076208e-09 nan 1.096371468156576157e-02 1.063751445696281053e+02
6.078894138336181641e-01 4.109332561492919922e-01 1.857855577876460681e-09 1.083156466484069824e-02 1.070042233914136887e-02 4.827617416935936490e-09 4.630048344722581533e-09 nan 1.081153005361557007e-02 1.043344693481197822e+02
6.132739186286926270e-01 4.145731627941131592e-01 1.857282233477322155e-09 1.068229228258132935e-02 1.055290922522544861e-02 4.677846554557163472e-09 4.486406801618159079e-09 nan 1.066252589225769043e-02 1.023456859168508828e+02
6.186584234237670898e-01 4.182130992412567139e-01 1.856714071034082293e-09 1.053614448755979538e-02 1.040848810225725174e-02 4.533880826329550473e-09 4.348332360848417011e-09 nan 1.051664259284734726e-02 1.004077191086778242e+02
6.240429282188415527e-01 4.218530058860778809e-01 1.856151008397507339e-09 1.039322372525930405e-02 1.026727166026830673e-02 4.395531494338911216e-09 4.215644722194156202e-09 nan 1.037398166954517365e-02 9.852255633517826539e+01
6.294274330139160156e-01 4.254929423332214355e-01 1.855592947277603754e-09 1.025358401238918304e-02 1.012931577861309052e-02 4.262597830262393472e-09 4.088151595027511576e-09 nan 1.023459807038307190e-02 9.669118325590878271e+01
6.556535363197326660e-01 4.432217776775360107e-01 1.852943630635520644e-09 9.615104645490646362e-03 9.498683735728263855e-03 3.683799487674832562e-09 3.533040526804143155e-09 nan 9.597318246960639954e-03 8.844093826481498866e+01
8.039034605026245117e-01 5.434387326240539551e-01 1.839770603253567837e-09 6.949529051780700684e-03 6.865401752293109894e-03 1.771081836743348958e-09 1.698600482491485764e-09 nan 6.936676334589719772e-03 5.624545149101261643e+01
9.932619333267211914e-01 6.714450716972351074e-01 1.826201010048688587e-09 4.935569595545530319e-03 4.875840619206428528e-03 8.239502413687205262e-10 7.902301035755954217e-10 nan 4.926444031298160553e-03 3.479336541496923729e+01
1.227223634719848633e+00 8.296031951904296875e-01 1.812731498599941669e-09 3.488078247755765915e-03 3.445876995101571083e-03 3.814436544402610707e-10 3.658331138023385165e-10 nan 3.481630934402346611e-03 2.131275384231923553e+01
1.516294717788696289e+00 1.025015234947204590e+00 1.799361337301671755e-09 2.454183995723724365e-03 2.424497622996568680e-03 1.758051759725987040e-10 1.686103617837275692e-10 nan 2.449648221954703331e-03 1.293976550350200228e+01
1.873456120491027832e+00 1.266456365585327148e+00 1.786089789356977996e-09 1.719780149869620800e-03 1.698981272056698799e-03 8.070082102573650218e-11 7.739812957208158650e-11 nan 1.716602360829710960e-03 7.792973031028013864e+00
2.314746379852294922e+00 1.564768552780151367e+00 1.772916133006574509e-09 1.200728118419647217e-03 1.186209032312035561e-03 3.690881281159796856e-11 3.539832316157287551e-11 nan 1.198509824462234974e-03 4.658989438745886780e+00
2.859982252120971680e+00 1.933347940444946289e+00 1.759839636962373426e-09 8.355326717719435692e-04 8.254308486357331276e-04 1.682400226077351846e-11 1.613548010481746786e-11 nan 8.339892956428229809e-04 2.766778095709991003e+00
3.533647537231445312e+00 2.388745784759521484e+00 1.746859588797865175e-09 5.796339828521013260e-04 5.726270610466599464e-04 7.645401672862206510e-12 7.332512201585483780e-12 nan 5.785634857602417469e-04 1.633052751704164640e+00
4.365993976593017578e+00 2.951411962509155273e+00 1.733975279535418463e-09 4.009844851680099964e-04 3.961376787628978491e-04 3.464612711306935822e-12 3.322822052231888534e-12 nan 4.002439964096993208e-04 9.585012064109009744e-01
5.394398689270019531e+00 3.646613597869873047e+00 1.721185999058096773e-09 2.766849065665155649e-04 2.733409928623586893e-04 1.566006113846996062e-12 1.501916429766381178e-12 nan 2.761740470305085182e-04 5.596976967803307668e-01
6.665042877197265625e+00 4.505568981170654297e+00 1.708491050912268841e-09 1.904645760077983141e-04 1.881629723357036710e-04 7.061604447890224012e-13 6.772600600994660436e-13 nan 1.901129289763048291e-04 3.252789171046610028e-01
8.234986305236816406e+00 5.566850662231445312e+00 1.695889732548296616e-09 1.308265345869585872e-04 1.292458618991076946e-04 3.177362073534389930e-13 3.047323136017021650e-13 nan 1.305850455537438393e-04 1.882193847309171220e-01
1.017472743988037109e+01 6.878115653991699219e+00 1.683381361073609185e-09 8.968096517492085695e-05 8.859760418999940157e-05 1.426768452732554704e-13 1.368374136874114799e-13 nan 8.951545169111341238e-05 1.084721427833608004e-01
1.257137203216552734e+01 8.498247146606445312e+00 1.670965250288532184e-09 6.136074080131947994e-05 6.061967360437847674e-05 6.394806017183396474e-14 6.133072836481817669e-14 nan 6.124751962488517165e-05 6.227934676205666015e-02
1.553254413604736328e+01 1.050000000000000000e+01 1.658640709094829109e-09 4.191058906144462526e-05 4.140458622714504600e-05 2.861183783387649671e-14 2.744071991660733401e-14 nan 4.183328201179392636e-05 3.563327591424188256e-02
