# k/h [h/Mpc]            k [1/Mpc]              Primoridal             T_cdm(k)                 T_bar(k)                 T_phot(k)                T_massless neutrions(k)  T_massive neutrinos(k)   T_total(k)               Linear Pk [(Mpc/h)^3]  
1.049045658874092624e-05 7.091548468451946974e-06 2.727206404909961128e-09 1.000000000000000000e+00 1.000000000000000000e+00 1.000000000000000000e+00 1.000000000000000000e+00 nan 1.000000000000000000e+00 8.441576728278230135e+00
1.158353370556142181e-05 7.830468348402064294e-06 2.717761705682844603e-09 1.219251513481140137e+00 1.219251394271850586e+00 1.219196796417236328e+00 1.219195246696472168e+00 nan 1.219251513481140137e+00 9.288883426462788861e+00
1.279050593439023942e-05 8.646382411825470626e-06 2.708349706436794825e-09 1.486574053764343262e+00 1.486573696136474609e+00 1.486426234245300293e+00 1.486422181129455566e+00 nan 1.486574053764343262e+00 1.022123045209231584e+01
1.412324218108551577e-05 9.547311492497101426e-06 2.698970312856197758e-09 1.812507033348083496e+00 1.812506675720214844e+00 1.812206387519836426e+00 1.812197923660278320e+00 nan 1.812507033348083496e+00 1.124716130322566165e+01
1.559484553581569344e-05 1.054211588780162856e-05 2.689623392481895528e-09 2.209901094436645508e+00 2.209900856018066406e+00 2.209355592727661133e+00 2.209340572357177734e+00 nan 2.209901094436645508e+00 1.237606421851265459e+01
1.721978514979127795e-05 1.164057448477251455e-05 2.680308856040028027e-09 2.694423437118530273e+00 2.694423437118530273e+00 2.693491935729980469e+00 2.693466186523437500e+00 nan 2.694423437118530273e+00 1.361827385934734735e+01
1.901403993542771786e-05 1.285349117097212002e-05 2.671026563908324178e-09 3.285178422927856445e+00 3.285178184509277344e+00 3.283646821975708008e+00 3.283604383468627930e+00 nan 3.285178184509277344e+00 1.498516723955284036e+01
2.099525045196060091e-05 1.419278942194068804e-05 2.661776424936157355e-09 4.005455970764160156e+00 4.005455017089843750e+00 4.002999782562255859e+00 4.002932071685791016e+00 nan 4.005455970764160156e+00 1.648925015237442082e+01
2.318289807590190321e-05 1.567163963045459241e-05 2.652558315858844083e-09 4.883653640747070312e+00 4.883653163909912109e+00 4.879785060882568359e+00 4.879678726196289062e+00 nan 4.883653640747070312e+00 1.814429611954911792e+01
2.559849235694855452e-05 1.730458097881637514e-05 2.643372135990062650e-09 5.954395294189453125e+00 5.954393863677978516e+00 5.948378086090087891e+00 5.948212146759033203e+00 nan 5.954394817352294922e+00 1.996545151330651890e+01
2.826578383974265307e-05 1.910767059598583728e-05 2.634217767634683471e-09 7.259894847869873047e+00 7.259893894195556641e+00 7.250627517700195312e+00 7.250372409820556641e+00 nan 7.259894847869873047e+00 2.196938125580580703e+01
3.121100235148333013e-05 2.109863817167934030e-05 2.625095097817206075e-09 8.851623535156250000e+00 8.851621627807617188e+00 8.837452888488769531e+00 8.837061882019042969e+00 nan 8.851622581481933594e+00 2.417443868033535637e+01
3.446310074650682509e-05 2.329705603187903762e-05 2.616004033478672110e-09 1.079233074188232422e+01 1.079232597351074219e+01 1.077078723907470703e+01 1.077019405364990234e+01 nan 1.079233074188232422e+01 2.660078577875940908e+01
3.805406231549568474e-05 2.572454650362487882e-05 2.606944439452153756e-09 1.315853214263916016e+01 1.315852832794189453e+01 1.312592601776123047e+01 1.312502765655517578e+01 nan 1.315853214263916016e+01 2.927064334956403613e+01
4.201919000479392707e-05 2.840497290890198201e-05 2.597916226597658093e-09 1.604350852966308594e+01 1.604350090026855469e+01 1.599433326721191406e+01 1.599298000335693359e+01 nan 1.604350662231445312e+01 3.220842492616949926e+01
4.639747567125596106e-05 3.136469240416772664e-05 2.588919279439887767e-09 1.956099700927734375e+01 1.956098937988281250e+01 1.948704528808593750e+01 1.948501205444335938e+01 nan 1.956099510192871094e+01 3.544101659036797969e+01
5.123196388012729585e-05 3.463280881987884641e-05 2.579953483847589841e-09 2.384966659545898438e+01 2.384964752197265625e+01 2.373870849609375000e+01 2.373566055297851562e+01 nan 2.384966468811035156e+01 3.899797589604563797e+01
5.657019573845900595e-05 3.824145096587017179e-05 2.571018745591721348e-09 2.907857131958007812e+01 2.907854843139648438e+01 2.891241455078125000e+01 2.890785026550292969e+01 nan 2.907856369018554688e+01 4.291183351655595857e+01
6.246465636650100350e-05 4.222610732540488243e-05 2.562114941593048984e-09 3.545384597778320312e+01 3.545381164550781250e+01 3.520541763305664062e+01 3.519859313964843750e+01 nan 3.545383834838867188e+01 4.721836583052789393e+01
6.897329876665025949e-05 4.662595165427774191e-05 2.553241977543412439e-09 4.322677993774414062e+01 4.322673797607421875e+01 4.285583496093750000e+01 4.284565353393554688e+01 nan 4.322677612304687500e+01 5.195691760974848705e+01
7.616012590005993843e-05 5.148424679646268487e-05 2.544399743325443185e-09 5.270376968383789062e+01 5.270369720458984375e+01 5.215048980712890625e+01 5.213531112670898438e+01 nan 5.270375442504882812e+01 5.717080941069025357e+01
8.409580186707898974e-05 5.684876305167563260e-05 2.535588130685252624e-09 6.425832366943359375e+01 6.425822448730468750e+01 6.343391418457031250e+01 6.341131210327148438e+01 nan 6.425830841064453125e+01 6.290760800963544597e+01
9.285835403716191649e-05 6.277224747464060783e-05 2.526807033334104165e-09 7.834584045410156250e+01 7.834568786621093750e+01 7.711850738525390625e+01 7.708488464355468750e+01 nan 7.834581756591796875e+01 6.921969217827165721e+01
1.025339443003758788e-04 6.931294774403795600e-05 2.518056339675267213e-09 9.552147674560546875e+01 9.552124023437500000e+01 9.369578552246093750e+01 9.364582061767578125e+01 nan 9.552143096923828125e+01 7.616460050386403680e+01
1.132176985265687108e-04 7.653516513528302312e-05 2.509335958204897443e-09 1.164620132446289062e+02 1.164616622924804688e+02 1.137484207153320312e+02 1.136742248535156250e+02 nan 1.164619674682617188e+02 8.380558911821341894e+01
1.250146742677316070e-04 8.450992027064785361e-05 2.500645773867358897e-09 1.419924774169921875e+02 1.419919586181640625e+02 1.379623260498046875e+02 1.378522949218750000e+02 nan 1.419923858642578125e+02 9.221222100956002521e+01
1.380408502882346511e-04 9.331561159342527390e-05 2.491985695624705562e-09 1.731185455322265625e+02 1.731177825927734375e+02 1.671380615234375000e+02 1.669750823974609375e+02 nan 1.731184234619140625e+02 1.014608733813408321e+02
1.524243270978331566e-04 1.030388448270969093e-04 2.483355596498544299e-09 2.110662078857421875e+02 2.110650939941406250e+02 2.021995086669921875e+02 2.019584045410156250e+02 nan 2.110660400390625000e+02 1.116354602852745330e+02
1.683065347606316209e-04 1.137752187787555158e-04 2.474755379885282393e-09 2.573297424316406250e+02 2.573280639648437500e+02 2.441970672607421875e+02 2.438408203125000000e+02 nan 2.573294372558593750e+02 1.228281391307723283e+02
1.858436153270304203e-04 1.256302784895524383e-04 2.466184957973141175e-09 3.137301330566406250e+02 3.137276306152343750e+02 2.943012084960937500e+02 2.937758483886718750e+02 nan 3.137297058105468750e+02 1.351399866680046671e+02
2.052080089924857020e-04 1.387206139042973518e-04 2.457644209414643305e-09 3.824870300292968750e+02 3.824833374023437500e+02 3.537814941406250000e+02 3.530082702636718750e+02 nan 3.824864807128906250e+02 1.486819314606346438e+02
2.265901130158454180e-04 1.531749148853123188e-04 2.449133045395065615e-09 4.663049621582031250e+02 4.662994995117187500e+02 4.239599304199218750e+02 4.228245544433593750e+02 nan 4.663041076660156250e+02 1.635755092293838402e+02
2.502001880202442408e-04 1.691353245405480266e-04 2.440651351248999153e-09 5.684794311523437500e+02 5.684713745117187500e+02 5.061304016113281250e+02 5.044680786132812500e+02 nan 5.684782104492187500e+02 1.799538127719897318e+02
2.762703516054898500e-04 1.867587561719119549e-04 2.432199034655000626e-09 6.930252075195312500e+02 6.930133056640625000e+02 6.014266967773437500e+02 5.990015258789062500e+02 nan 6.930234375000000000e+02 1.979625461696003867e+02
3.050569503102451563e-04 2.062184939859434962e-04 2.423775992290330563e-09 8.448324584960937500e+02 8.448148803710937500e+02 7.106231079101562500e+02 7.070999755859375000e+02 nan 8.448298339843750000e+02 2.177607638724871606e+02
3.368430479895323515e-04 2.277058956678956747e-04 2.415382114947829304e-09 1.029857055664062500e+03 1.029831176757812500e+03 8.338483886718750000e+02 8.287564086914062500e+02 nan 1.029852905273437500e+03 2.395221325883353813e+02
3.719411906786262989e-04 2.514322404749691486e-04 2.407017301830847028e-09 1.255350097656250000e+03 1.255312500000000000e+03 9.701974487304687500e+02 9.628839111328125000e+02 nan 1.255344482421875000e+03 2.634357892963870995e+02
4.106964333914220333e-04 2.776307810563594103e-04 2.398681465071051552e-09 1.530137939453125000e+03 1.530082885742187500e+03 1.117238403320312500e+03 1.106814575195312500e+03 nan 1.530129394531250000e+03 2.897074061651492798e+02
4.534898616839200258e-04 3.065591445192694664e-04 2.390374494355455649e-09 1.864960449218750000e+03 1.864880493164062500e+03 1.270447143554687500e+03 1.255728027343750000e+03 nan 1.864948242187500000e+03 3.185599504142783758e+02
5.007422878406941891e-04 3.385017917025834322e-04 2.382096284987275655e-09 2.272882568359375000e+03 2.272766601562500000e+03 1.422647460937500000e+03 1.402097900390625000e+03 nan 2.272864990234375000e+03 3.502346840056738415e+02
5.529182380996644497e-04 3.737727238330990076e-04 2.373846756225058361e-09 2.769786621093750000e+03 2.769619140625000000e+03 1.563638916015625000e+03 1.535343872070312500e+03 nan 2.769760986328125000e+03 3.849916061713224735e+02
6.105307838879525661e-04 4.127188003621995449e-04 2.365625794166928840e-09 3.374976074218750000e+03 3.374736328125000000e+03 1.680324462890625000e+03 1.642015869140625000e+03 nan 3.374939453125000000e+03 4.231101253051501203e+02
6.741464603692293167e-04 4.557229985948652029e-04 2.357433293568910220e-09 4.111895996093750000e+03 4.111556152343750000e+03 1.757795410156250000e+03 1.706982055664062500e+03 nan 4.111843750000000000e+03 4.648892608654434753e+02
7.443906506523489952e-04 5.032080807723104954e-04 2.349269171114912410e-09 5.009001464843750000e+03 5.008522460937500000e+03 1.781935546875000000e+03 1.716189697265625000e+03 nan 5.008927734375000000e+03 5.106473710193888564e+02
8.219541050493717194e-04 5.556409596465528011e-04 2.341133324843220307e-09 6.100812011718750000e+03 6.100146484375000000e+03 1.743982666015625000e+03 1.661426391601562500e+03 nan 6.100710449218750000e+03 5.607218312582818953e+02
9.075994603335857391e-04 6.135372095741331577e-04 2.333025652639057309e-09 7.429167968750000000e+03 7.428254394531250000e+03 1.646833374023437500e+03 1.546808959960937500e+03 nan 7.429029296875000000e+03 6.154685773010808134e+02
1.002168864943087101e-03 6.774661596864461899e-04 2.324946049885245546e-09 9.044744140625000000e+03 9.043505859375000000e+03 1.511408813476562500e+03 1.395195434570312500e+03 nan 9.044554687500000000e+03 6.752605276973010859e+02
1.106592128053307533e-03 7.480562780983746052e-04 2.316894434325377400e-09 1.100885839843750000e+04 1.100720996093750000e+04 1.378973632812500000e+03 1.250229125976562500e+03 nan 1.100860644531250000e+04 7.404857957242644488e+02
1.221895916387438774e-03 8.260016329586505890e-04 2.308870708568745277e-09 1.339564062500000000e+04 1.339348339843750000e+04 1.302965087890625000e+03 1.167437500000000000e+03 nan 1.339531054687500000e+04 8.115449460123247718e+02
1.349214115180075169e-03 9.120687609538435936e-04 2.300874762407135126e-09 1.629461425781250000e+04 1.629184472656250000e+04 1.324747192382812500e+03 1.188954223632812500e+03 nan 1.629419140625000000e+04 8.888472650841017639e+02
1.489798538386821747e-03 1.007103826850652695e-03 2.292906509188567727e-09 1.981375390625000000e+04 1.981025390625000000e+04 1.437095947265625000e+03 1.306433593750000000e+03 nan 1.981321679687500000e+04 9.728051714387514721e+02
1.645031501539051533e-03 1.112041296437382698e-03 2.284965850418265676e-09 2.408309375000000000e+04 2.407873046875000000e+04 1.560128906250000000e+03 1.438088989257812500e+03 nan 2.408242968750000000e+04 1.063825296466402278e+03
1.816439209505915642e-03 1.227912958711385727e-03 2.277052691606405739e-09 2.925899218750000000e+04 2.925357031250000000e+04 1.574158203125000000e+03 1.464535034179687500e+03 nan 2.925816406250000000e+04 1.162298994007112469e+03
2.005707239732146263e-03 1.355858054012060165e-03 2.269166941709029953e-09 3.552907812500000000e+04 3.552230859375000000e+04 1.431004394531250000e+03 1.341554809570312500e+03 nan 3.552804687500000000e+04 1.268587553875671802e+03
2.214696491137146950e-03 1.497134799137711525e-03 2.261308494449764354e-09 4.311809765625000000e+04 4.310950000000000000e+04 1.257773071289062500e+03 1.197549682617187500e+03 nan 4.311678125000000000e+04 1.383009031633695258e+03
2.445461694151163101e-03 1.653132145293056965e-03 2.253477264686429142e-09 5.229464062500000000e+04 5.228348828125000000e+04 1.257025512695312500e+03 1.222294799804687500e+03 nan 5.229293359375000000e+04 1.505821770064373595e+03
2.700272016227245331e-03 1.825383864343166351e-03 2.245673160886940457e-09 6.337897656250000000e+04 6.336423437500000000e+04 1.390087280273437500e+03 1.219986938476562500e+03 nan 6.337672265625000000e+04 1.637205467026329416e+03
2.981632947921752930e-03 2.015583915635943413e-03 2.237896076485985185e-09 7.675203125000000000e+04 7.673231250000000000e+04 1.360303588867187500e+03 1.211806762695312500e+03 nan 7.674902343750000000e+04 1.777238800595148405e+03
3.292310982942581177e-03 2.225602278485894203e-03 2.230145925871712440e-09 9.286539843750000000e+04 9.283889843750000000e+04 1.216322021484375000e+03 1.202617431640625000e+03 nan 9.286135156250000000e+04 1.925871171024138675e+03
3.635360859334468842e-03 2.457503927871584892e-03 2.222422616889744185e-09 1.122528203125000000e+05 1.122171718750000000e+05 1.327582641601562500e+03 1.192323486328125000e+03 nan 1.122473671875000000e+05 2.082894659386343392e+03
4.014155361801385880e-03 2.713568974286317825e-03 2.214726058195065524e-09 1.355428125000000000e+05 1.354945312500000000e+05 1.354916137695312500e+03 1.180846313476562500e+03 nan 1.355354218750000000e+05 2.247911408866381407e+03
4.432419314980506897e-03 2.996315481141209602e-03 2.207056148657132701e-09 1.634725000000000000e+05 1.634062968750000000e+05 1.213372070312500000e+03 1.168098022460937500e+03 nan 1.634623750000000000e+05 2.420298087347634464e+03
4.894265439361333847e-03 3.308523446321487427e-03 2.199412800139309644e-09 1.969023281250000000e+05 1.968105312500000000e+05 1.362073730468750000e+03 1.153979370117187500e+03 nan 1.968882968750000000e+05 2.599169040506725651e+03
5.404234398156404495e-03 3.653262509033083916e-03 2.191795924301313793e-09 2.368316406250000000e+05 2.367037187500000000e+05 1.178083984375000000e+03 1.138409057617187500e+03 nan 2.368121093750000000e+05 2.783336081500096498e+03
5.967340432107448578e-03 4.033922217786312103e-03 2.184205430909534259e-09 2.844139062500000000e+05 2.842348437500000000e+05 1.248500610351562500e+03 1.121288208007812500e+03 nan 2.843865625000000000e+05 2.971264871781612783e+03
6.589121185243129730e-03 4.454245790839195251e-03 2.176641221197925960e-09 3.409714375000000000e+05 3.407188750000000000e+05 1.149111328125000000e+03 1.102528808593750000e+03 nan 3.409328437500000000e+05 3.161033620683303980e+03
7.275689393281936646e-03 4.918366204947233200e-03 2.169103203027300791e-09 4.080071562500000000e+05 4.076494062500000000e+05 1.121458007812500000e+03 1.082036621093750000e+03 nan 4.079524687500000000e+05 3.350286766742533928e+03
8.033796213567256927e-03 5.430846009403467178e-03 2.161591299930936394e-09 4.872123750000000000e+05 4.867041250000000000e+05 1.197243286132812500e+03 1.059721313476562500e+03 nan 4.871347187500000000e+05 3.536197183088254405e+03
8.870895951986312866e-03 5.996725521981716156e-03 2.154105401952956366e-09 5.804670625000000000e+05 5.797428125000000000e+05 1.081445922851562500e+03 1.035492431640625000e+03 nan 5.803564375000000000e+05 3.715423516105251565e+03
9.795218706130981445e-03 6.621567998081445694e-03 2.146645430474833453e-09 6.898293750000000000e+05 6.887962500000000000e+05 1.039652099609375000e+03 1.009260253906250000e+03 nan 6.896716250000000000e+05 3.884095365105670226e+03
1.081585418432950974e-02 7.311517372727394104e-03 2.139211293795359687e-09 8.175078125000000000e+05 8.160330625000000000e+05 1.013370727539062500e+03 9.809363403320312500e+02 nan 8.172824375000000000e+05 4.037789290362078646e+03
1.194283645600080490e-02 8.073357865214347839e-03 2.131802900090153706e-09 9.658108750000000000e+05 9.637077500000000000e+05 9.491745605468750000e+02 9.504375000000000000e+02 nan 9.654895625000000000e+05 4.171549042514082430e+03
1.318724639713764191e-02 8.914578706026077271e-03 2.124420174276236449e-09 1.137069125000000000e+06 1.134075000000000000e+06 9.726965332031250000e+02 9.176868286132812500e+02 nan 1.136611625000000000e+06 4.279967159348602763e+03
1.456132158637046814e-02 9.843453764915466309e-03 2.117063005254935590e-09 1.333517625000000000e+06 1.329269125000000000e+06 9.411066894531250000e+02 8.826239013671875000e+02 nan 1.332868500000000000e+06 4.357300318372714173e+03
1.607857085764408112e-02 1.086911372840404510e-02 2.109731324472420402e-09 1.557139125000000000e+06 1.551138250000000000e+06 8.397238769531250000e+02 8.452113037109375000e+02 nan 1.556222375000000000e+06 4.397727799417090864e+03
1.775391399860382080e-02 1.200164575129747391e-02 2.102425026951150955e-09 1.809470250000000000e+06 1.801046750000000000e+06 8.517569580078125000e+02 8.054538574218750000e+02 nan 1.808183375000000000e+06 4.395718117013553638e+03
1.960382424294948578e-02 1.325218472629785538e-02 2.095144031049849183e-09 2.091383250000000000e+06 2.079656250000000000e+06 8.354730224609375000e+02 7.634199218750000000e+02 nan 2.089591750000000000e+06 4.346577841408581662e+03
2.164648845791816711e-02 1.463302597403526306e-02 2.087888252770266929e-09 2.402893000000000000e+06 2.386736500000000000e+06 7.672941894531250000e+02 7.192723388671875000e+02 nan 2.400424500000000000e+06 4.247196989545049291e+03
2.390199340879917145e-02 1.615774817764759064e-02 2.080657597354892904e-09 2.743065250000000000e+06 2.721099000000000000e+06 7.169095458984375000e+02 6.733057861328125000e+02 nan 2.739709000000000000e+06 4.096935065681340348e+03
2.639251388609409332e-02 1.784133911132812500e-02 2.073451995948668221e-09 3.110165250000000000e+06 3.080790500000000000e+06 6.244429321289062500e+02 6.259885253906250000e+02 nan 3.105678000000000000e+06 3.898588661702665377e+03
2.914254181087017059e-02 1.970035769045352936e-02 2.066271340052806293e-09 3.502249000000000000e+06 3.463768500000000000e+06 6.439254760742187500e+02 5.780017700195312500e+02 nan 3.496370000000000000e+06 3.659213758442142989e+03
3.217911347746849060e-02 2.175308018922805786e-02 2.059115554147728899e-09 3.918388250000000000e+06 3.869257750000000000e+06 5.813880615234375000e+02 5.302595825195312500e+02 nan 3.910882000000000000e+06 3.390487241297588753e+03
3.553209081292152405e-02 2.401969395577907562e-02 2.051984539888671147e-09 4.360699500000000000e+06 4.299945000000000000e+06 4.960738525390625000e+02 4.838909606933593750e+02 nan 4.351418000000000000e+06 3.108227121682873076e+03
3.923443704843521118e-02 2.652247995138168335e-02 2.044878229365854235e-09 4.836971000000000000e+06 4.764765500000000000e+06 4.656241149902343750e+02 4.401527709960937500e+02 nan 4.825939500000000000e+06 2.830744937518607003e+03
4.332255572080612183e-02 2.928604744374752045e-02 2.037796533657790378e-09 5.363037500000000000e+06 5.281333000000000000e+06 3.862653503417968750e+02 4.002470397949218750e+02 nan 5.350554000000000000e+06 2.575899842792171967e+03
4.765481501817703247e-02 3.221465647220611572e-02 2.031010053452367756e-09 5.936570500000000000e+06 5.849579500000000000e+06 3.799511413574218750e+02 3.661936035156250000e+02 nan 5.923279500000000000e+06 2.363477867232473727e+03
5.198707059025764465e-02 3.514325991272926331e-02 2.024834231214258902e-09 6.544378000000000000e+06 6.457248500000000000e+06 3.520301818847656250e+02 3.392833862304687500e+02 nan 6.531067000000000000e+06 2.205610379631693377e+03
5.631932616233825684e-02 3.807186335325241089e-02 2.019169610001785353e-09 7.181087000000000000e+06 7.097942500000000000e+06 3.292314453125000000e+02 3.173098449707031250e+02 nan 7.168384500000000000e+06 2.082905513583612901e+03
6.065158173441886902e-02 4.100047051906585693e-02 2.013939112582009273e-09 7.838127000000000000e+06 7.760997500000000000e+06 3.099397888183593750e+02 2.987164916992187500e+02 nan 7.826343500000000000e+06 1.981678634924247945e+03
6.498383730649948120e-02 4.392907395958900452e-02 2.009081821590703985e-09 8.493947000000000000e+06 8.422155000000000000e+06 2.926482543945312500e+02 2.820509033203125000e+02 nan 8.482978000000000000e+06 1.887509929926528685e+03
6.931609660387039185e-02 4.685768112540245056e-02 2.004548729015451583e-09 9.121755000000000000e+06 9.051920000000000000e+06 2.762567443847656250e+02 2.662528991699218750e+02 nan 9.111085000000000000e+06 1.789615512897082681e+03
7.364834845066070557e-02 4.978628456592559814e-02 2.000299865353250301e-09 9.696154000000000000e+06 9.622821000000000000e+06 2.601247558593750000e+02 2.507050933837890625e+02 nan 9.684950000000000000e+06 1.682262352391307786e+03
7.798060774803161621e-02 5.271489173173904419e-02 1.996302173696350216e-09 1.020126100000000000e+07 1.011805600000000000e+07 2.440876922607421875e+02 2.352488861083984375e+02 nan 1.018854900000000000e+07 1.565534960369008104e+03
8.231285959482192993e-02 5.564349144697189331e-02 1.992528044667567094e-09 1.063466200000000000e+07 1.053570400000000000e+07 2.283344573974609375e+02 2.200662231445312500e+02 nan 1.061954500000000000e+07 1.443901240037411299e+03
8.664511889219284058e-02 5.857209861278533936e-02 1.988954134422163219e-09 1.100675000000000000e+07 1.088798600000000000e+07 2.132300262451171875e+02 2.055089416503906250e+02 nan 1.098860500000000000e+07 1.323729886637438767e+03
9.097737073898315430e-02 6.150070205330848694e-02 1.985560585482697045e-09 1.133682300000000000e+07 1.119701000000000000e+07 1.991557159423828125e+02 1.919443817138671875e+02 nan 1.131546300000000000e+07 1.211028463466730500e+03
9.636187553405761719e-02 6.514062732458114624e-02 1.981568674123380254e-09 1.172877400000000000e+07 1.156585700000000000e+07 1.836117706298828125e+02 1.769634246826171875e+02 nan 1.170388500000000000e+07 1.088647743512062334e+03
1.017463728785514832e-01 6.878054887056350708e-02 1.977801256732118934e-09 1.215541400000000000e+07 1.197770600000000000e+07 1.706630554199218750e+02 1.644835968017578125e+02 nan 1.212826400000000000e+07 9.914116325000788947e+02
1.071308776736259460e-01 7.242047041654586792e-02 1.974234781265857972e-09 1.266290700000000000e+07 1.248164500000000000e+07 1.603742218017578125e+02 1.545672607421875000e+02 nan 1.263521300000000000e+07 9.200477013283583574e+02
1.125153750181198120e-01 7.606039196252822876e-02 1.970849203820953451e-09 1.326141700000000000e+07 1.308737400000000000e+07 1.522937164306640625e+02 1.467792358398437500e+02 nan 1.323482700000000000e+07 8.695335897660471574e+02
1.178998723626136780e-01 7.970031350851058960e-02 1.967627323526894450e-09 1.392348900000000000e+07 1.376371300000000000e+07 1.456647796630859375e+02 1.403902130126953125e+02 nan 1.389907900000000000e+07 8.317400875590686837e+02
1.232843771576881409e-01 8.334024250507354736e-02 1.964554264128985100e-09 1.460090500000000000e+07 1.445662900000000000e+07 1.397365112304687500e+02 1.346764984130859375e+02 nan 1.457886400000000000e+07 7.987080133624572227e+02
1.286688745021820068e-01 8.698015660047531128e-02 1.961617102724775952e-09 1.524013500000000000e+07 1.510647200000000000e+07 1.339264373779296875e+02 1.290767517089843750e+02 nan 1.521971400000000000e+07 7.642933715488015878e+02
1.340533792972564697e-01 9.062008559703826904e-02 1.958804483640675406e-09 1.579426600000000000e+07 1.566176500000000000e+07 1.278776931762695312e+02 1.232470169067382812e+02 nan 1.577402200000000000e+07 7.248452888767650393e+02
1.394378840923309326e-01 9.426000714302062988e-02 1.956106446915437174e-09 1.623738900000000000e+07 1.609490500000000000e+07 1.215003356933593750e+02 1.171006317138671875e+02 nan 1.621562300000000000e+07 6.797845833808612497e+02
1.448223739862442017e-01 9.789992123842239380e-02 1.953514161287429418e-09 1.657369900000000000e+07 1.641170000000000000e+07 1.149474945068359375e+02 1.107851333618164062e+02 nan 1.654894900000000000e+07 6.313021555626506824e+02
1.502068787813186646e-01 1.015398502349853516e-01 1.951019758654691563e-09 1.683385600000000000e+07 1.664714600000000000e+07 1.085079879760742188e+02 1.045788879394531250e+02 nan 1.680533200000000000e+07 5.829725041327810686e+02
1.555913835763931274e-01 1.051797717809677124e-01 1.948616241255242070e-09 1.706570800000000000e+07 1.685481400000000000e+07 1.024993972778320312e+02 9.878792572021484375e+01 nan 1.703348600000000000e+07 5.384024953024784281e+02
1.609758734703063965e-01 1.088196933269500732e-01 1.946297314463125787e-09 1.732377400000000000e+07 1.709463800000000000e+07 9.719137573242187500e+01 9.367215728759765625e+01 nan 1.728876800000000000e+07 5.003806277466973143e+02
1.663603782653808594e-01 1.124596148729324341e-01 1.944057316713681798e-09 1.765263000000000000e+07 1.741477400000000000e+07 9.272555541992187500e+01 8.936804199218750000e+01 nan 1.761629000000000000e+07 4.701829480019811172e+02
1.717448830604553223e-01 1.160995438694953918e-01 1.941891129256332855e-09 1.806960600000000000e+07 1.783335000000000000e+07 8.906352233886718750e+01 8.583857727050781250e+01 nan 1.803351200000000000e+07 4.472593179307743867e+02
1.771293878555297852e-01 1.197394654154777527e-01 1.939794125595426991e-09 1.856151800000000000e+07 1.833511200000000000e+07 8.602282714843750000e+01 8.290795135498046875e+01 nan 1.852692800000000000e+07 4.297337003155412845e+02
1.825138777494430542e-01 1.233793795108795166e-01 1.937762091126241291e-09 1.909503600000000000e+07 1.888253200000000000e+07 8.336544036865234375e+01 8.034674072265625000e+01 nan 1.906256800000000000e+07 4.152813987790028705e+02
1.878983825445175171e-01 1.270193010568618774e-01 1.935791175107242678e-09 1.962714400000000000e+07 1.942754600000000000e+07 8.086048126220703125e+01 7.793244934082031250e+01 nan 1.959665000000000000e+07 4.016911979150476668e+02
1.932828873395919800e-01 1.306592375040054321e-01 1.933877861004656685e-09 2.011335400000000000e+07 1.992120000000000000e+07 7.831887054443359375e+01 7.548285675048828125e+01 nan 2.008399800000000000e+07 3.871742235679762985e+02
1.986673772335052490e-01 1.342991441488265991e-01 1.932018951816384183e-09 2.052028600000000000e+07 2.032739600000000000e+07 7.563266754150390625e+01 7.289391326904296875e+01 nan 2.049081600000000000e+07 3.707551918821532126e+02
2.040518820285797119e-01 1.379390656948089600e-01 1.930211465507478933e-09 2.083793800000000000e+07 2.063581200000000000e+07 7.279994964599609375e+01 7.016378021240234375e+01 nan 2.080706000000000000e+07 3.525179587937837482e+02
2.094363868236541748e-01 1.415790021419525146e-01 1.928452677645768952e-09 2.108049800000000000e+07 2.086263600000000000e+07 6.990187835693359375e+01 6.737068176269531250e+01 nan 2.104721400000000000e+07 3.333519084445181306e+02
2.148208767175674438e-01 1.452189087867736816e-01 1.926740094380007882e-09 2.127784200000000000e+07 2.104135200000000000e+07 6.705504608154296875e+01 6.462696075439453125e+01 nan 2.124171000000000000e+07 3.144398132689355521e+02
2.202053815126419067e-01 1.488588303327560425e-01 1.925071368159055733e-09 2.146705200000000000e+07 2.121316600000000000e+07 6.437584686279296875e+01 6.204479217529296875e+01 nan 2.142826400000000000e+07 2.968907041547835206e+02
2.255898863077163696e-01 1.524987667798995972e-01 1.923444343781293656e-09 2.168430400000000000e+07 2.141777400000000000e+07 6.195551681518554688e+01 5.971211624145507812e+01 nan 2.164358600000000000e+07 2.815142632932494280e+02
2.309743911027908325e-01 1.561386883258819580e-01 1.921857033120720865e-09 2.195458400000000000e+07 2.168218200000000000e+07 5.983610916137695312e+01 5.766946411132812500e+01 nan 2.191296800000000000e+07 2.686387396567147903e+02
2.363588809967041016e-01 1.597786098718643188e-01 1.920307567935778733e-09 2.228462400000000000e+07 2.201324000000000000e+07 5.800211715698242188e+01 5.590186309814453125e+01 nan 2.224316200000000000e+07 2.580799650586863550e+02
2.417433857917785645e-01 1.634185314178466797e-01 1.918794213956308179e-09 2.266422400000000000e+07 2.239905000000000000e+07 5.639597702026367188e+01 5.435387039184570312e+01 nan 2.262370800000000000e+07 2.493072380025448638e+02
2.471278905868530273e-01 1.670584529638290405e-01 1.917315352832477265e-09 2.307116200000000000e+07 2.281452000000000000e+07 5.493932723999023438e+01 5.294995880126953125e+01 nan 2.303195400000000000e+07 2.416328082306207250e+02
2.525123953819274902e-01 1.706983745098114014e-01 1.915869472055197894e-09 2.347538600000000000e+07 2.322637600000000000e+07 5.354776382446289062e+01 5.160876083374023438e+01 nan 2.343734400000000000e+07 2.343322458294713897e+02
2.578969001770019531e-01 1.743383109569549561e-01 1.914455150219987163e-09 2.384620000000000000e+07 2.360122000000000000e+07 5.214882278442382812e+01 5.026046752929687500e+01 nan 2.380877000000000000e+07 2.267951999652524080e+02
2.632813751697540283e-01 1.779782027006149292e-01 1.913071083197014340e-09 2.416372400000000000e+07 2.391764600000000000e+07 5.070457458496093750e+01 4.886851882934570312e+01 nan 2.412612600000000000e+07 2.187192952121851306e+02
2.686658799648284912e-01 1.816181391477584839e-01 1.911715991580206360e-09 2.442558000000000000e+07 2.417324200000000000e+07 4.921901321411132812e+01 4.743675231933593750e+01 nan 2.438702800000000000e+07 2.101668785135448161e+02
2.740503847599029541e-01 1.852580606937408447e-01 1.910388727493893778e-09 2.464291000000000000e+07 2.438042000000000000e+07 4.772229385375976562e+01 4.599423980712890625e+01 nan 2.460281000000000000e+07 2.014202863840529290e+02
2.794348895549774170e-01 1.888979822397232056e-01 1.909088184011114833e-09 2.483297200000000000e+07 2.455862200000000000e+07 4.625188827514648438e+01 4.457709121704101562e+01 nan 2.479106000000000000e+07 1.928102946107431137e+02
2.848193943500518799e-01 1.925379037857055664e-01 1.907813323590368924e-09 2.501612400000000000e+07 2.473061000000000000e+07 4.484531021118164062e+01 4.322145080566406250e+01 nan 2.497250200000000000e+07 1.846528218262275800e+02
2.902038991451263428e-01 1.961778402328491211e-01 1.906563162582237113e-09 2.521399200000000000e+07 2.492003600000000000e+07 4.353654861450195312e+01 4.196008682250976562e+01 nan 2.516908400000000000e+07 1.772202165636570044e+02
2.955884039402008057e-01 1.998177617788314819e-01 1.905336787226579552e-09 2.544312400000000000e+07 2.514458000000000000e+07 4.234569549560546875e+01 4.081235504150390625e+01 nan 2.539751000000000000e+07 1.706629091599421599e+02
3.009728789329528809e-01 2.034576684236526489e-01 1.904133323856378078e-09 2.570789800000000000e+07 2.540869000000000000e+07 4.126979827880859375e+01 3.977541351318359375e+01 nan 2.566218600000000000e+07 1.649441902956802437e+02
3.063573837280273438e-01 2.070975899696350098e-01 1.902951936232507350e-09 2.600051000000000000e+07 2.570362800000000000e+07 4.028667831420898438e+01 3.882788848876953125e+01 nan 2.595515800000000000e+07 1.598803898205104304e+02
3.117418885231018066e-01 2.107375115156173706e-01 1.901791846628511990e-09 2.630703200000000000e+07 2.601390600000000000e+07 3.936745834350585938e+01 3.794194793701171875e+01 nan 2.626225000000000000e+07 1.552422393136491223e+02
3.171263933181762695e-01 2.143774479627609253e-01 1.900652308391623192e-09 2.661235600000000000e+07 2.632264400000000000e+07 3.848509597778320312e+01 3.709152984619140625e+01 nan 2.656809400000000000e+07 1.508206259793996082e+02
3.225108981132507324e-01 2.180173695087432861e-01 1.899532626729035332e-09 2.690182600000000000e+07 2.661371600000000000e+07 3.761659622192382812e+01 3.625447463989257812e+01 nan 2.685780800000000000e+07 1.464420262526329566e+02
3.278954029083251953e-01 2.216572910547256470e-01 1.898432128189829179e-09 2.716368600000000000e+07 2.687450000000000000e+07 3.674590682983398438e+01 3.541531753540039062e+01 nan 2.711950400000000000e+07 1.419891372465340282e+02
3.332799077033996582e-01 2.252972126007080078e-01 1.897350177081271127e-09 2.739347000000000000e+07 2.710043600000000000e+07 3.586873245239257812e+01 3.456990432739257812e+01 nan 2.734870200000000000e+07 1.374367403464802635e+02
3.386643826961517334e-01 2.289371192455291748e-01 1.896286172945125672e-09 2.759600200000000000e+07 2.729696600000000000e+07 3.499325561523437500e+01 3.372613525390625000e+01 nan 2.755031600000000000e+07 1.328545273523176036e+02
3.440488874912261963e-01 2.325770407915115356e-01 1.895239531240720810e-09 2.778222600000000000e+07 2.747613200000000000e+07 3.413430786132812500e+01 3.289828872680664062e+01 nan 2.773546200000000000e+07 1.283590433208326544e+02
3.494333922863006592e-01 2.362169772386550903e-01 1.894209703480833635e-09 2.796398000000000000e+07 2.765100200000000000e+07 3.330597686767578125e+01 3.209995651245117188e+01 nan 2.791616400000000000e+07 1.240570506780514961e+02
3.548178970813751221e-01 2.398568987846374512e-01 1.893196174858241155e-09 2.815118000000000000e+07 2.783257600000000000e+07 3.251836776733398438e+01 3.134086799621582031e+01 nan 2.810250000000000000e+07 1.200220167854989342e+02
3.602024018764495850e-01 2.434968203306198120e-01 1.892198441798694543e-09 2.835125400000000000e+07 2.802892400000000000e+07 3.177741813659667969e+01 3.062675285339355469e+01 nan 2.830200600000000000e+07 1.162947623993458990e+02
3.655869066715240479e-01 2.471367418766021729e-01 1.891216027459402332e-09 2.856793800000000000e+07 2.824389000000000000e+07 3.108415985107421875e+01 2.995859336853027344e+01 nan 2.851843000000000000e+07 1.128796558179169125e+02
3.709714114665985107e-01 2.507766783237457275e-01 1.890248472221847833e-09 2.879953400000000000e+07 2.847539000000000000e+07 3.043353462219238281e+01 2.933152389526367188e+01 nan 2.875001000000000000e+07 1.097380200440404678e+02
3.763558864593505859e-01 2.544165849685668945e-01 1.889295352117686434e-09 2.903937800000000000e+07 2.871603200000000000e+07 2.981578445434570312e+01 2.873614311218261719e+01 nan 2.898998200000000000e+07 1.067989625384784773e+02
3.817403912544250488e-01 2.580564916133880615e-01 1.888356242191734645e-09 2.927906600000000000e+07 2.895653800000000000e+07 2.922037315368652344e+01 2.816229057312011719e+01 nan 2.922978800000000000e+07 1.039878836473656065e+02
3.871248960494995117e-01 2.616964280605316162e-01 1.887430735669950155e-09 2.951135200000000000e+07 2.918890800000000000e+07 2.863900947570800781e+01 2.760197639465332031e+01 nan 2.946209000000000000e+07 1.012475599211633437e+02
3.925094008445739746e-01 2.653363645076751709e-01 1.886518457772270655e-09 2.973096800000000000e+07 2.940739600000000000e+07 2.806616210937500000e+01 2.704987144470214844e+01 nan 2.968153400000000000e+07 9.854112670123771522e+01
3.978939056396484375e-01 2.689762711524963379e-01 1.885619049100158659e-09 2.993492600000000000e+07 2.960888000000000000e+07 2.749901199340820312e+01 2.650325965881347656e+01 nan 2.988511400000000000e+07 9.585111571160919652e+01
4.032784104347229004e-01 2.726162075996398926e-01 1.884732143174389957e-09 3.012384000000000000e+07 2.979420400000000000e+07 2.693830108642578125e+01 2.596285247802734375e+01 nan 3.007347600000000000e+07 9.318458110575755882e+01
4.086629152297973633e-01 2.762561440467834473e-01 1.883857409814700777e-09 3.030231000000000000e+07 2.996844000000000000e+07 2.638820075988769531e+01 2.543267059326171875e+01 nan 3.025130200000000000e+07 9.057166593076367178e+01
4.140473902225494385e-01 2.798960208892822266e-01 1.882994538868699288e-09 3.047658200000000000e+07 3.013842200000000000e+07 2.585384178161621094e+01 2.491766357421875000e+01 nan 3.042491800000000000e+07 8.804814099100441638e+01
4.194318950176239014e-01 2.835359573364257812e-01 1.882143190604211824e-09 3.065166000000000000e+07 3.030967600000000000e+07 2.533878135681152344e+01 2.442125320434570312e+01 nan 3.059941400000000000e+07 8.563770814624876948e+01
4.248163998126983643e-01 2.871758937835693359e-01 1.881303079826970542e-09 3.083068400000000000e+07 3.048569400000000000e+07 2.484465026855468750e+01 2.394501876831054688e+01 nan 3.077797400000000000e+07 8.335081705862582169e+01
4.302009046077728271e-01 2.908158004283905029e-01 1.880473925305205483e-09 3.101581400000000000e+07 3.066876800000000000e+07 2.437210273742675781e+01 2.348957824707031250e+01 nan 3.096279600000000000e+07 8.119111782082769935e+01
4.355854094028472900e-01 2.944557368755340576e-01 1.879655436356054805e-09 3.120773400000000000e+07 3.085945400000000000e+07 2.392049217224121094e+01 2.305432319641113281e+01 nan 3.115452400000000000e+07 7.915373665282878335e+01
4.409699141979217529e-01 2.980956733226776123e-01 1.878847353036435648e-09 3.140424200000000000e+07 3.105525200000000000e+07 2.348704147338867188e+01 2.263656425476074219e+01 nan 3.135092800000000000e+07 7.722000332700790182e+01
4.463544189929962158e-01 3.017355799674987793e-01 1.878049424887222573e-09 3.160103800000000000e+07 3.125148600000000000e+07 2.306764030456542969e+01 2.223235321044921875e+01 nan 3.154763600000000000e+07 7.536312187373279414e+01
4.517388939857482910e-01 3.053754866123199463e-01 1.877261397654174740e-09 3.179430800000000000e+07 3.144397800000000000e+07 2.265890312194824219e+01 2.183841514587402344e+01 nan 3.174078400000000000e+07 7.356136096046495254e+01
4.571233987808227539e-01 3.090154230594635010e-01 1.876483026309890802e-09 3.198196800000000000e+07 3.163038800000000000e+07 2.225894737243652344e+01 2.145293998718261719e+01 nan 3.192825600000000000e+07 7.180311837639956707e+01
4.625079035758972168e-01 3.126553297042846680e-01 1.875714093387305177e-09 3.216286200000000000e+07 3.180944800000000000e+07 2.186668777465820312e+01 2.107488441467285156e+01 nan 3.210886800000000000e+07 7.008213409621329504e+01
4.678924083709716797e-01 3.162952661514282227e-01 1.874954364165268396e-09 3.233630800000000000e+07 3.198052400000000000e+07 2.148147201538085938e+01 2.070361709594726562e+01 nan 3.228194800000000000e+07 6.839466715601685110e+01
4.732769131660461426e-01 3.199352025985717773e-01 1.874203630559428286e-09 3.250303800000000000e+07 3.214453400000000000e+07 2.110362243652343750e+01 2.033945083618164062e+01 nan 3.244826800000000000e+07 6.674325012761964615e+01
4.786614179611206055e-01 3.235751092433929443e-01 1.873461691551420399e-09 3.266572800000000000e+07 3.230438400000000000e+07 2.073466110229492188e+01 1.998385047912597656e+01 nan 3.261052200000000000e+07 6.513777792331008243e+01
4.840458929538726807e-01 3.272150158882141113e-01 1.872728340933758753e-09 3.282756800000000000e+07 3.246351200000000000e+07 2.037628555297851562e+01 1.963845443725585938e+01 nan 3.277194800000000000e+07 6.358889912807642020e+01
4.894303977489471436e-01 3.308549523353576660e-01 1.872003379495005729e-09 3.299046400000000000e+07 3.262400800000000000e+07 2.002925109863281250e+01 1.930398368835449219e+01 nan 3.293447800000000000e+07 6.210110235416043878e+01
4.948149025440216064e-01 3.344948589801788330e-01 1.871286632213937058e-09 3.315485600000000000e+07 3.278640200000000000e+07 1.969334220886230469e+01 1.898023605346679688e+01 nan 3.309856600000000000e+07 6.067293890294580194e+01
5.001994371414184570e-01 3.381348252296447754e-01 1.870577900826693527e-09 3.332082400000000000e+07 3.295076200000000000e+07 1.936813163757324219e+01 1.866680335998535156e+01 nan 3.326428800000000000e+07 5.930159432964617849e+01
5.055838823318481445e-01 3.417747020721435547e-01 1.869877039368293133e-09 3.348834200000000000e+07 3.311695400000000000e+07 1.905314254760742188e+01 1.836322021484375000e+01 nan 3.343160200000000000e+07 5.798415691085243395e+01
5.109683871269226074e-01 3.454146385192871094e-01 1.869183849789121820e-09 3.365660400000000000e+07 3.328403200000000000e+07 1.874748992919921875e+01 1.806863403320312500e+01 nan 3.359968800000000000e+07 5.671515893166044009e+01
5.163528919219970703e-01 3.490545451641082764e-01 1.868498185335105332e-09 3.382366400000000000e+07 3.344988600000000000e+07 1.844971466064453125e+01 1.778164291381835938e+01 nan 3.376656000000000000e+07 5.548593169535089231e+01
5.217373967170715332e-01 3.526944816112518311e-01 1.867819876059786520e-09 3.398762400000000000e+07 3.361248800000000000e+07 1.815850448608398438e+01 1.750097846984863281e+01 nan 3.393031200000000000e+07 5.428868976602730356e+01
5.271219015121459961e-01 3.563344180583953857e-01 1.867148773833358248e-09 3.414782000000000000e+07 3.377111200000000000e+07 1.787328720092773438e+01 1.722608947753906250e+01 nan 3.409026800000000000e+07 5.312028441189877270e+01
5.325064063072204590e-01 3.599743247032165527e-01 1.866484735032350672e-09 3.430460000000000000e+07 3.392608800000000000e+07 1.759406280517578125e+01 1.695697593688964844e+01 nan 3.424676800000000000e+07 5.198084992192860909e+01
5.378909111022949219e-01 3.636142611503601074e-01 1.865827604301946768e-09 3.445828000000000000e+07 3.407779200000000000e+07 1.732080268859863281e+01 1.669360923767089844e+01 nan 3.440014800000000000e+07 5.087034361757057610e+01
5.432754158973693848e-01 3.672541677951812744e-01 1.865177252290424566e-09 3.460901600000000000e+07 3.422646800000000000e+07 1.705340957641601562e+01 1.643589782714843750e+01 nan 3.455057200000000000e+07 4.978828419998919941e+01
5.486599206924438477e-01 3.708941042423248291e-01 1.864533532427482462e-09 3.475767600000000000e+07 3.437307600000000000e+07 1.679211807250976562e+01 1.618406867980957031e+01 nan 3.469891600000000000e+07 4.873607917361348996e+01
5.540444254875183105e-01 3.745340406894683838e-01 1.863896318172137942e-09 3.490574400000000000e+07 3.451920000000000000e+07 1.653744125366210938e+01 1.593861389160156250e+01 nan 3.484668800000000000e+07 4.771669576127106893e+01
5.594289302825927734e-01 3.781739473342895508e-01 1.863265486641235488e-09 3.505416800000000000e+07 3.466583200000000000e+07 1.628958702087402344e+01 1.569973754882812500e+01 nan 3.499484000000000000e+07 4.673132044699904952e+01
5.648134350776672363e-01 3.818138837814331055e-01 1.862640903204479876e-09 3.520277200000000000e+07 3.481280800000000000e+07 1.604823112487792969e+01 1.546711826324462891e+01 nan 3.514319200000000000e+07 4.577795973425848075e+01
5.701979398727416992e-01 3.854538202285766602e-01 1.862022452330667509e-09 3.535100400000000000e+07 3.495956400000000000e+07 1.581288909912109375e+01 1.524029636383056641e+01 nan 3.529120000000000000e+07 4.485388531083090413e+01
5.755824446678161621e-01 3.890937268733978271e-01 1.861410021730888845e-09 3.549881200000000000e+07 3.510598400000000000e+07 1.558331871032714844e+01 1.501904010772705078e+01 nan 3.543879600000000000e+07 4.395777777045279322e+01
5.809668898582458496e-01 3.927336037158966064e-01 1.860803497296447543e-09 3.564616400000000000e+07 3.525197200000000000e+07 1.535931015014648438e+01 1.480314159393310547e+01 nan 3.558594000000000000e+07 4.308843348978413701e+01
5.863513946533203125e-01 3.963735401630401611e-01 1.860202753428811389e-09 3.579237200000000000e+07 3.539679200000000000e+07 1.514037895202636719e+01 1.459213638305664062e+01 nan 3.573193600000000000e+07 4.224312526914769705e+01
5.917358994483947754e-01 4.000134766101837158e-01 1.859607692406273365e-09 3.593645600000000000e+07 3.553942400000000000e+07 1.492594432830810547e+01 1.438546943664550781e+01 nan 3.587579600000000000e+07 4.141872026525769002e+01
5.971204042434692383e-01 4.036533832550048828e-01 1.859018214291441706e-09 3.607818400000000000e+07 3.567961600000000000e+07 1.471578311920166016e+01 1.418291759490966797e+01 nan 3.601729600000000000e+07 4.061402485447094790e+01
6.025049090385437012e-01 4.072933197021484375e-01 1.858434207544148841e-09 3.621812000000000000e+07 3.581794400000000000e+07 1.450999069213867188e+01 1.398457717895507812e+01 nan 3.615698400000000000e+07 3.982959715993143845e+01
6.078894138336181641e-01 4.109332561492919922e-01 1.857855577876460681e-09 3.635662400000000000e+07 3.595479200000000000e+07 1.430858135223388672e+01 1.379046058654785156e+01 nan 3.629523200000000000e+07 3.906554990840340480e+01
6.132739186286926270e-01 4.145731627941131592e-01 1.857282233477322155e-09 3.649358800000000000e+07 3.609008800000000000e+07 1.411137771606445312e+01 1.360039806365966797e+01 nan 3.643194000000000000e+07 3.832095288274462064e+01
6.186584234237670898e-01 4.182130992412567139e-01 1.856714071034082293e-09 3.662914000000000000e+07 3.622400400000000000e+07 1.391830825805664062e+01 1.341432094573974609e+01 nan 3.656724400000000000e+07 3.759536355121873896e+01
6.240429282188415527e-01 4.218530058860778809e-01 1.856151008397507339e-09 3.676395600000000000e+07 3.635724400000000000e+07 1.372950077056884766e+01 1.323235130310058594e+01 nan 3.670182000000000000e+07 3.688953004969848593e+01
6.294274330139160156e-01 4.254929423332214355e-01 1.855592947277603754e-09 3.689862000000000000e+07 3.649039200000000000e+07 1.354503536224365234e+01 1.305456447601318359e+01 nan 3.683624800000000000e+07 3.620383318454118893e+01
6.556535363197326660e-01 4.432217776775360107e-01 1.852943630635520644e-09 3.754446400000000000e+07 3.712948000000000000e+07 1.270162200927734375e+01 1.224169158935546875e+01 nan 3.748106400000000000e+07 3.311460631783243969e+01
8.039034605026245117e-01 5.434387326240539551e-01 1.839770603253567837e-09 4.079494000000000000e+07 4.034413200000000000e+07 9.180383682250976562e+00 8.847958564758300781e+00 nan 4.072606800000000000e+07 2.105975328787802070e+01
9.932619333267211914e-01 6.714450716972351074e-01 1.826201010048688587e-09 4.422909200000000000e+07 4.374048000000000000e+07 6.519930839538574219e+00 6.283841609954833984e+00 nan 4.415444400000000000e+07 1.302752519696754518e+01
1.227223634719848633e+00 8.296031951904296875e-01 1.812731498599941669e-09 4.771741200000000000e+07 4.719039600000000000e+07 4.607785701751708984e+00 4.440936088562011719e+00 nan 4.763689600000000000e+07 7.980033412089230005e+00
1.516294717788696289e+00 1.025015234947204590e+00 1.799361337301671755e-09 5.125278800000000000e+07 5.068685600000000000e+07 3.242002248764038086e+00 3.124608039855957031e+00 nan 5.116632800000000000e+07 4.844971492509924538e+00
1.873456120491027832e+00 1.266456365585327148e+00 1.786089789356977996e-09 5.482809600000000000e+07 5.422280800000000000e+07 2.271848678588867188e+00 2.189584016799926758e+00 nan 5.473562400000000000e+07 2.917881809606009735e+00
2.314746379852294922e+00 1.564768552780151367e+00 1.772916133006574509e-09 5.843791600000000000e+07 5.779288000000000000e+07 1.586176037788391113e+00 1.528739690780639648e+00 nan 5.833937200000000000e+07 1.744440073702585803e+00
2.859982252120971680e+00 1.933347940444946289e+00 1.759839636962373426e-09 6.207736800000000000e+07 6.139226800000000000e+07 1.103749275207519531e+00 1.063781857490539551e+00 nan 6.197269600000000000e+07 1.035949035543875407e+00
3.533647537231445312e+00 2.388745784759521484e+00 1.746859588797865175e-09 6.574209200000000000e+07 6.501666000000000000e+07 7.657045722007751465e-01 7.379778027534484863e-01 nan 6.563126800000000000e+07 6.114542852595764577e-01
4.365993976593017578e+00 2.951411962509155273e+00 1.733975279535418463e-09 6.942837600000000000e+07 6.866240000000000000e+07 5.297066569328308105e-01 5.105255246162414551e-01 nan 6.931136000000000000e+07 3.588857565060608046e-01
5.394398689270019531e+00 3.646613597869873047e+00 1.721185999058096773e-09 7.313324000000000000e+07 7.232652800000000000e+07 3.655055761337280273e-01 3.522702753543853760e-01 nan 7.300999200000000000e+07 2.095641087184446361e-01
6.665042877197265625e+00 4.505568981170654297e+00 1.708491050912268841e-09 7.685344000000000000e+07 7.600588800000000000e+07 2.516075968742370605e-01 2.424965798854827881e-01 nan 7.672395200000000000e+07 1.217921012608091796e-01
8.234986305236816406e+00 5.566850662231445312e+00 1.695889732548296616e-09 8.058696000000000000e+07 7.969849600000000000e+07 1.728251576423645020e-01 1.665668487548828125e-01 nan 8.045122400000000000e+07 7.047373082463864735e-02
1.017472743988037109e+01 6.878115653991699219e+00 1.683381361073609185e-09 8.433132800000000000e+07 8.340196800000000000e+07 1.184714213013648987e-01 1.141812652349472046e-01 nan 8.418932800000000000e+07 4.061446298531808802e-02
1.257137203216552734e+01 8.498247146606445312e+00 1.670965250288532184e-09 8.808440000000000000e+07 8.711423200000000000e+07 8.106014132499694824e-02 7.812465727329254150e-02 nan 8.793616800000000000e+07 2.331879202142485633e-02
1.553254413604736328e+01 1.050000000000000000e+01 1.658640709094829109e-09 9.184424000000000000e+07 9.083352000000000000e+07 5.536632984876632690e-02 5.336122214794158936e-02 nan 9.168982400000000000e+07 1.334187933816666748e-02
