# k/h [h/Mpc]            k [1/Mpc]              Primoridal             T_cdm(k)                 T_bar(k)                 T_phot(k)                T_massless neutrions(k)  T_massive neutrinos(k)   T_total(k)               Linear Pk [(Mpc/h)^3]  
1.049045658874092624e-05 7.091548468451946974e-06 2.727206404909961128e-09 1.000000000000000000e+00 1.000000000000000000e+00 1.000000000000000000e+00 1.000000000000000000e+00 nan 1.000000000000000000e+00 2.403045686353009636e+00
1.158353370556142181e-05 7.830468348402064294e-06 2.717761705682844603e-09 1.219251394271850586e+00 1.219251394271850586e+00 1.219222664833068848e+00 1.219221949577331543e+00 nan 1.219251394271850586e+00 2.644246212525634743e+00
1.279050593439023942e-05 8.646382411825470626e-06 2.708349706436794825e-09 1.486574053764343262e+00 1.486574053764343262e+00 1.486495971679687500e+00 1.486494421958923340e+00 nan 1.486574053764343262e+00 2.909656598595285804e+00
1.412324218108551577e-05 9.547311492497101426e-06 2.698970312856197758e-09 1.812506914138793945e+00 1.812506914138793945e+00 1.812348365783691406e+00 1.812345147132873535e+00 nan 1.812506914138793945e+00 3.201706163367327829e+00
1.559484553581569344e-05 1.054211588780162856e-05 2.689623392481895528e-09 2.209901332855224609e+00 2.209901332855224609e+00 2.209613323211669922e+00 2.209607839584350586e+00 nan 2.209901332855224609e+00 3.523069025377738583e+00
1.721978514979127795e-05 1.164057448477251455e-05 2.680308856040028027e-09 2.694424390792846680e+00 2.694423913955688477e+00 2.693932294845581055e+00 2.693922758102416992e+00 nan 2.694424390792846680e+00 3.876688067144282712e+00
1.901403993542771786e-05 1.285349117097212002e-05 2.671026563908324178e-09 3.285179853439331055e+00 3.285179853439331055e+00 3.284370899200439453e+00 3.284354925155639648e+00 nan 3.285179853439331055e+00 4.265799170578716826e+00
2.099525045196060091e-05 1.419278942194068804e-05 2.661776424936157355e-09 4.005457878112792969e+00 4.005457401275634766e+00 4.004159927368164062e+00 4.004135131835937500e+00 nan 4.005457878112792969e+00 4.693965025080420794e+00
2.318289807590190321e-05 1.567163963045459241e-05 2.652558315858844083e-09 4.883656501770019531e+00 4.883656501770019531e+00 4.881613254547119141e+00 4.881573200225830078e+00 nan 4.883656501770019531e+00 5.165104615794890108e+00
2.559849235694855452e-05 1.730458097881637514e-05 2.643372135990062650e-09 5.954400062561035156e+00 5.954399108886718750e+00 5.951220989227294922e+00 5.951159954071044922e+00 nan 5.954400062561035156e+00 5.683531901045051349e+00
2.826578383974265307e-05 1.910767059598583728e-05 2.634217767634683471e-09 7.259902477264404297e+00 7.259902000427246094e+00 7.255005836486816406e+00 7.254910945892333984e+00 nan 7.259902477264404297e+00 6.253990858507350481e+00
3.121100235148333013e-05 2.109863817167934030e-05 2.625095097817206075e-09 8.851634979248046875e+00 8.851634025573730469e+00 8.844145774841308594e+00 8.844001770019531250e+00 nan 8.851634979248046875e+00 6.881704809642994469e+00
3.446310074650682509e-05 2.329705603187903762e-05 2.616004033478672110e-09 1.079234886169433594e+01 1.079234600067138672e+01 1.078096199035644531e+01 1.078074359893798828e+01 nan 1.079234886169433594e+01 7.572415426854652409e+00
3.805406231549568474e-05 2.572454650362487882e-05 2.606944439452153756e-09 1.315855979919433594e+01 1.315855789184570312e+01 1.314132404327392578e+01 1.314099407196044922e+01 nan 1.315855979919433594e+01 8.332446834689866577e+00
4.201919000479392707e-05 2.840497290890198201e-05 2.597916226597658093e-09 1.604354858398437500e+01 1.604354667663574219e+01 1.601755332946777344e+01 1.601705551147460938e+01 nan 1.604354858398437500e+01 9.168750526585997207e+00
4.639747567125596106e-05 3.136469240416772664e-05 2.588919279439887767e-09 1.956106185913085938e+01 1.956105232238769531e+01 1.952195739746093750e+01 1.952120780944824219e+01 nan 1.956105613708496094e+01 1.008898282717605710e+01
5.123196388012729585e-05 3.463280881987884641e-05 2.579953483847589841e-09 2.384975814819335938e+01 2.384975051879882812e+01 2.379107856750488281e+01 2.378995704650878906e+01 nan 2.384975624084472656e+01 1.110155869744224333e+01
5.657019573845900595e-05 3.824145096587017179e-05 2.571018745591721348e-09 2.907870674133300781e+01 2.907869911193847656e+01 2.899081039428710938e+01 2.898913955688476562e+01 nan 2.907870674133300781e+01 1.221573681450742299e+01
6.246465636650100350e-05 4.222610732540488243e-05 2.562114941593048984e-09 3.545405197143554688e+01 3.545403671264648438e+01 3.532259750366210938e+01 3.532009124755859375e+01 nan 3.545404815673828125e+01 1.344171002748913324e+01
6.897329876665025949e-05 4.662595165427774191e-05 2.553241977543412439e-09 4.322709655761718750e+01 4.322707366943359375e+01 4.303073120117187500e+01 4.302699279785156250e+01 nan 4.322708892822265625e+01 1.479068148044274267e+01
7.616012590005993843e-05 5.148424679646268487e-05 2.544399743325443185e-09 5.270423507690429688e+01 5.270420074462890625e+01 5.241122436523437500e+01 5.240565109252929688e+01 nan 5.270423126220703125e+01 1.627498040088394049e+01
8.409580186707898974e-05 5.684876305167563260e-05 2.535588130685252624e-09 6.425901794433593750e+01 6.425896453857421875e+01 6.382218551635742188e+01 6.381388092041015625e+01 nan 6.425901794433593750e+01 1.790816620057039898e+01
9.285835403716191649e-05 6.277224747464060783e-05 2.526807033334104165e-09 7.834688568115234375e+01 7.834679412841796875e+01 7.769611358642578125e+01 7.768375396728515625e+01 nan 7.834687042236328125e+01 1.970515220277556168e+01
1.025339443003758788e-04 6.931294774403795600e-05 2.518056339675267213e-09 9.552302551269531250e+01 9.552290344238281250e+01 9.455422210693359375e+01 9.453583526611328125e+01 nan 9.552301025390625000e+01 2.168232055595281693e+01
1.132176985265687108e-04 7.653516513528302312e-05 2.509335958204897443e-09 1.164643249511718750e+02 1.164641265869140625e+02 1.150229415893554688e+02 1.149956130981445312e+02 nan 1.164643020629882812e+02 2.385770987070332794e+01
1.250146742677316070e-04 8.450992027064785361e-05 2.500645773867358897e-09 1.419959106445312500e+02 1.419956207275390625e+02 1.398526763916015625e+02 1.398120880126953125e+02 nan 1.419958801269531250e+02 2.625113262837712824e+01
1.380408502882346511e-04 9.331561159342527390e-05 2.491985695624705562e-09 1.731236724853515625e+02 1.731232299804687500e+02 1.699386444091796875e+02 1.698783874511718750e+02 nan 1.731235961914062500e+02 2.888436534070914519e+01
1.524243270978331566e-04 1.030388448270969093e-04 2.483355596498544299e-09 2.110738220214843750e+02 2.110731811523437500e+02 2.063433685302734375e+02 2.062540130615234375e+02 nan 2.110737152099609375e+02 3.178132212302082138e+01
1.683065347606316209e-04 1.137752187787555158e-04 2.474755379885282393e-09 2.573410034179687500e+02 2.573400573730468750e+02 2.503195648193359375e+02 2.501872253417968750e+02 nan 2.573408813476562500e+02 3.496829848455205081e+01
1.858436153270304203e-04 1.256302784895524383e-04 2.466184957973141175e-09 3.137468261718750000e+02 3.137454528808593750e+02 3.033319702148437500e+02 3.031361389160156250e+02 nan 3.137466430664062500e+02 3.847411999188064158e+01
2.052080089924857020e-04 1.387206139042973518e-04 2.457644209414643305e-09 3.825118408203125000e+02 3.825097351074218750e+02 3.670752258300781250e+02 3.667858276367187500e+02 nan 3.825114746093750000e+02 4.233046061251802428e+01
2.265901130158454180e-04 1.531749148853123188e-04 2.449133045395065615e-09 4.663417053222656250e+02 4.663385925292968750e+02 4.434820556640625000e+02 4.430550537109375000e+02 nan 4.663412475585937500e+02 4.657203295071119697e+01
2.502001880202442408e-04 1.691353245405480266e-04 2.440651351248999153e-09 5.685338134765625000e+02 5.685292358398437500e+02 5.347164916992187500e+02 5.340875854492187500e+02 nan 5.685331420898437500e+02 5.123687659725673882e+01
2.762703516054898500e-04 1.867587561719119549e-04 2.432199034655000626e-09 6.931055297851562500e+02 6.930987548828125000e+02 6.431387939453125000e+02 6.422145385742187500e+02 nan 6.931044311523437500e+02 5.636664099127155936e+01
3.050569503102451563e-04 2.062184939859434962e-04 2.423775992290330563e-09 8.449509887695312500e+02 8.449409179687500000e+02 7.712299194335937500e+02 7.698750610351562500e+02 nan 8.449494628906250000e+02 6.200687983818687599e+01
3.368430479895323515e-04 2.277058956678956747e-04 2.415382114947829304e-09 1.030031494140625000e+03 1.030016845703125000e+03 9.214529418945312500e+02 9.194731445312500000e+02 nan 1.030029174804687500e+03 6.820736236618924409e+01
3.719411906786262989e-04 2.514322404749691486e-04 2.407017301830847028e-09 1.255606567382812500e+03 1.255584960937500000e+03 1.096024658203125000e+03 1.093142944335937500e+03 nan 1.255603149414062500e+03 7.502235749778309071e+01
4.106964333914220333e-04 2.776307810563594103e-04 2.398681465071051552e-09 1.530513793945312500e+03 1.530482177734375000e+03 1.296564331054687500e+03 1.292389648437500000e+03 nan 1.530508789062500000e+03 8.251092561573530304e+01
4.534898616839200258e-04 3.065591445192694664e-04 2.390374494355455649e-09 1.865510131835937500e+03 1.865463500976562500e+03 1.523587158203125000e+03 1.517573730468750000e+03 nan 1.865502929687500000e+03 9.073725423863628237e+01
5.007422878406941891e-04 3.385017917025834322e-04 2.382096284987275655e-09 2.273683105468750000e+03 2.273614990234375000e+03 1.775802246093750000e+03 1.767200195312500000e+03 nan 2.273672607421875000e+03 9.977079706176233742e+01
5.529182380996644497e-04 3.737727238330990076e-04 2.373846756225058361e-09 2.770947509765625000e+03 2.770848632812500000e+03 2.049210693359375000e+03 2.037010131835937500e+03 nan 2.770932128906250000e+03 1.096866263483779278e+02
6.105307838879525661e-04 4.127188003621995449e-04 2.365625794166928840e-09 3.376650390625000000e+03 3.376507080078125000e+03 2.336038574218750000e+03 2.318912109375000000e+03 nan 3.376628173828125000e+03 1.205654190962693804e+02
6.741464603692293167e-04 4.557229985948652029e-04 2.357433293568910220e-09 4.114296386718750000e+03 4.114090332031250000e+03 2.623631103515625000e+03 2.599891357421875000e+03 nan 4.114264648437500000e+03 1.324936195960979148e+02
7.443906506523489952e-04 5.032080807723104954e-04 2.349269171114912410e-09 5.012417968750000000e+03 5.012123046875000000e+03 2.893606689453125000e+03 2.861199951171875000e+03 nan 5.012373535156250000e+03 1.455632666315441099e+02
8.219541050493717194e-04 5.556409596465528011e-04 2.341133324843220307e-09 6.105633789062500000e+03 6.105214355468750000e+03 3.121808837890625000e+03 3.078383544921875000e+03 nan 6.105570312500000000e+03 1.598719188227538837e+02
9.075994603335857391e-04 6.135372095741331577e-04 2.333025652639057309e-09 7.435904296875000000e+03 7.435312988281250000e+03 3.279879150390625000e+03 3.222975341796875000e+03 nan 7.435813964843750000e+03 1.755220136304927792e+02
1.002168864943087101e-03 6.774661596864461899e-04 2.324946049885245546e-09 9.054046875000000000e+03 9.053223632812500000e+03 3.339542968750000000e+03 3.266934082031250000e+03 nan 9.053921875000000000e+03 1.926206202122009472e+02
1.106592128053307533e-03 7.480562780983746052e-04 2.316894434325377400e-09 1.102154296875000000e+04 1.102040625000000000e+04 3.280595458984375000e+03 3.190779296875000000e+03 nan 1.102136914062500000e+04 2.112785721977840581e+02
1.221895916387438774e-03 8.260016329586505890e-04 2.308870708568745277e-09 1.341268847656250000e+04 1.341114160156250000e+04 3.102696044921875000e+03 2.995398681640625000e+03 nan 1.341245117187500000e+04 2.316092291164131893e+02
1.349214115180075169e-03 9.120687609538435936e-04 2.300874762407135126e-09 1.631718750000000000e+04 1.631510449218750000e+04 2.838620361328125000e+03 2.714986328125000000e+03 nan 1.631686914062500000e+04 2.537278209234166013e+02
1.489798538386821747e-03 1.007103826850652695e-03 2.292906509188567727e-09 1.984318945312500000e+04 1.984041796875000000e+04 2.562276611328125000e+03 2.424194335937500000e+03 nan 1.984276562500000000e+04 2.777498008923375323e+02
1.645031501539051533e-03 1.112041296437382698e-03 2.284965850418265676e-09 2.412091992187500000e+04 2.411726562500000000e+04 2.379641601562500000e+03 2.227660644531250000e+03 nan 2.412036132812500000e+04 3.037889247913201416e+02
1.816439209505915642e-03 1.227912958711385727e-03 2.277052691606405739e-09 2.930698242187500000e+04 2.930217578125000000e+04 2.389573486328125000e+03 2.219622070312500000e+03 nan 2.930625000000000000e+04 3.319554614645822426e+02
2.005707239732146263e-03 1.355858054012060165e-03 2.269166941709029953e-09 3.558936328125000000e+04 3.558300781250000000e+04 2.614142089843750000e+03 2.415175537109375000e+03 nan 3.558838671875000000e+04 3.623526352937561228e+02
2.214696491137146950e-03 1.497134799137711525e-03 2.261308494449764354e-09 4.319328906250000000e+04 4.318477343750000000e+04 2.933960205078125000e+03 2.691048828125000000e+03 nan 4.319198828125000000e+04 3.950725873930964553e+02
2.445461694151163101e-03 1.653132145293056965e-03 2.253477264686429142e-09 5.238798046875000000e+04 5.237633984375000000e+04 3.110864501953125000e+03 2.817323486328125000e+03 nan 5.238620312500000000e+04 4.301907051742304020e+02
2.700272016227245331e-03 1.825383864343166351e-03 2.245673160886940457e-09 6.349442968750000000e+04 6.347819921875000000e+04 2.971849609375000000e+03 2.643833984375000000e+03 nan 6.349195312500000000e+04 4.677593088492799325e+02
2.981632947921752930e-03 2.015583915635943413e-03 2.237896076485985185e-09 7.689432031250000000e+04 7.687141406250000000e+04 2.661723632812500000e+03 2.332168212890625000e+03 nan 7.689081250000000000e+04 5.078003958847164654e+02
3.292310982942581177e-03 2.225602278485894203e-03 2.230145925871712440e-09 9.304013281250000000e+04 9.300771093750000000e+04 2.600635009765625000e+03 2.277281738281250000e+03 nan 9.303516406250000000e+04 5.502987313413933634e+02
3.635360859334468842e-03 2.457503927871584892e-03 2.222422616889744185e-09 1.124667187500000000e+05 1.124208125000000000e+05 2.901605468750000000e+03 2.428200927734375000e+03 nan 1.124597031250000000e+05 5.951950144923079051e+02
4.014155361801385880e-03 2.713568974286317825e-03 2.214726058195065524e-09 1.358040000000000000e+05 1.357388281250000000e+05 2.991802246093750000e+03 2.405053955078125000e+03 nan 1.357940468750000000e+05 6.423767359639755341e+02
4.432419314980506897e-03 2.996315481141209602e-03 2.207056148657132701e-09 1.637907812500000000e+05 1.636975937500000000e+05 2.608539794921875000e+03 2.379300781250000000e+03 nan 1.637765625000000000e+05 6.916668054171051381e+02
4.894265439361333847e-03 3.308523446321487427e-03 2.199412800139309644e-09 1.972895000000000000e+05 1.971552968750000000e+05 2.586284667968750000e+03 2.350708251953125000e+03 nan 1.972689687500000000e+05 7.428126691937574151e+02
5.404234398156404495e-03 3.653262509033083916e-03 2.191795924301313793e-09 2.373018125000000000e+05 2.371082343750000000e+05 2.801337646484375000e+03 2.319105712890625000e+03 nan 2.372722343750000000e+05 7.954754578386333606e+02
5.967340432107448578e-03 4.033922217786312103e-03 2.184205430909534259e-09 2.849840625000000000e+05 2.847046875000000000e+05 2.414674804687500000e+03 2.284346191406250000e+03 nan 2.849413750000000000e+05 8.492182217920886842e+02
6.589121185243129730e-03 4.454245790839195251e-03 2.176641221197925960e-09 3.416620000000000000e+05 3.412576562500000000e+05 2.684775878906250000e+03 2.246203125000000000e+03 nan 3.416001875000000000e+05 9.034932735380845088e+02
7.275689393281936646e-03 4.918366204947233200e-03 2.169103203027300791e-09 4.088427500000000000e+05 4.082570000000000000e+05 2.517656738281250000e+03 2.204523193359375000e+03 nan 4.087532812500000000e+05 9.576294918875514668e+02
8.033796213567256927e-03 5.430846009403467178e-03 2.161591299930936394e-09 4.882227500000000000e+05 4.873744375000000000e+05 2.382185058593750000e+03 2.159114746093750000e+03 nan 4.880930937500000000e+05 1.010821270026782486e+03
8.870895951986312866e-03 5.996725521981716156e-03 2.154105401952956366e-09 5.816881250000000000e+05 5.804595000000000000e+05 2.407214355468750000e+03 2.109790771484375000e+03 nan 5.815004375000000000e+05 1.062116327356428201e+03
9.795218706130981445e-03 6.621567998081445694e-03 2.146645430474833453e-09 6.913047500000000000e+05 6.895276875000000000e+05 2.475985107421875000e+03 2.056373046875000000e+03 nan 6.910331875000000000e+05 1.110411651923473983e+03
1.081585418432950974e-02 7.311517372727394104e-03 2.139211293795359687e-09 8.192901250000000000e+05 8.167242500000000000e+05 2.124187011718750000e+03 1.998689819335937500e+03 nan 8.188981250000000000e+05 1.154446553709432010e+03
1.194283645600080490e-02 8.073357865214347839e-03 2.131802900090153706e-09 9.679648125000000000e+05 9.642699375000000000e+05 1.977677734375000000e+03 1.936563232421875000e+03 nan 9.674003750000000000e+05 1.192808724103784243e+03
1.318724639713764191e-02 8.914578706026077271e-03 2.124420174276236449e-09 1.139673125000000000e+06 1.134370625000000000e+06 2.031875366210937500e+03 1.869841308593750000e+03 nan 1.138863125000000000e+06 1.223956016973293799e+03
1.456132158637046814e-02 9.843453764915466309e-03 2.117063005254935590e-09 1.336667875000000000e+06 1.329093750000000000e+06 1.861984985351562500e+03 1.798402832031250000e+03 nan 1.335510750000000000e+06 1.246251014554556377e+03
1.607857085764408112e-02 1.086911372840404510e-02 2.109731324472420402e-09 1.560952500000000000e+06 1.550195500000000000e+06 1.813173828125000000e+03 1.722170776367187500e+03 nan 1.559309000000000000e+06 1.258031106570892689e+03
1.775391399860382080e-02 1.200164575129747391e-02 2.102425026951150955e-09 1.814089125000000000e+06 1.798921625000000000e+06 1.829012695312500000e+03 1.641156982421875000e+03 nan 1.811771875000000000e+06 1.257715937462721513e+03
1.960382424294948578e-02 1.325218472629785538e-02 2.095144031049849183e-09 2.096978375000000000e+06 2.075784125000000000e+06 1.751694213867187500e+03 1.555501586914062500e+03 nan 2.093740125000000000e+06 1.243960399575245219e+03
2.164648845791816711e-02 1.463302597403526306e-02 2.087888252770266929e-09 2.409666250000000000e+06 2.380378250000000000e+06 1.733143676757812500e+03 1.465536621093750000e+03 nan 2.405191750000000000e+06 1.215866395403459819e+03
2.390199340879917145e-02 1.615774817764759064e-02 2.080657597354892904e-09 2.751250500000000000e+06 2.711330750000000000e+06 1.496116455078125000e+03 1.371864257812500000e+03 nan 2.745151500000000000e+06 1.173236657553131408e+03
2.639251388609409332e-02 1.784133911132812500e-02 2.073451995948668221e-09 3.120021500000000000e+06 3.066526500000000000e+06 1.378126708984375000e+03 1.275439331054687500e+03 nan 3.111848750000000000e+06 1.116848138608601175e+03
2.914254181087017059e-02 1.970035769045352936e-02 2.066271340052806293e-09 3.514043500000000000e+06 3.443846500000000000e+06 1.351138671875000000e+03 1.177651367187500000e+03 nan 3.503318750000000000e+06 1.048688648293238884e+03
3.217911347746849060e-02 2.175308018922805786e-02 2.059115554147728899e-09 3.932368000000000000e+06 3.842617750000000000e+06 1.316952636718750000e+03 1.080364746093750000e+03 nan 3.918656250000000000e+06 9.720621714801748112e+02
3.553209081292152405e-02 2.401969395577907562e-02 2.051984539888671147e-09 4.377044500000000000e+06 4.265930000000000000e+06 1.075877441406250000e+03 9.858820800781250000e+02 nan 4.360068500000000000e+06 8.914577947588068128e+02
3.923443704843521118e-02 2.652247995138168335e-02 2.044878229365854235e-09 4.855729500000000000e+06 4.723546000000000000e+06 1.016707641601562500e+03 8.967651367187500000e+02 nan 4.835534500000000000e+06 8.120845647839926187e+02
4.332255572080612183e-02 2.928604744374752045e-02 2.037796533657790378e-09 5.384063500000000000e+06 5.234373500000000000e+06 8.840126342773437500e+02 8.154645996093750000e+02 nan 5.361194000000000000e+06 7.390368537904996629e+02
4.765481501817703247e-02 3.221465647220611572e-02 2.031010053452367756e-09 5.959423000000000000e+06 5.799952000000000000e+06 8.097854614257812500e+02 7.460947265625000000e+02 nan 5.935058500000000000e+06 6.779961798483310531e+02
5.198707059025764465e-02 3.514325991272926331e-02 2.024834231214258902e-09 6.568466500000000000e+06 6.408679000000000000e+06 7.502972412109375000e+02 6.912819213867187500e+02 nan 6.544054500000000000e+06 6.324971149587851187e+02
5.631932616233825684e-02 3.807186335325241089e-02 2.019169610001785353e-09 7.205939500000000000e+06 7.053436500000000000e+06 7.017258911132812500e+02 6.465272216796875000e+02 nan 7.182640000000000000e+06 5.970474976232738982e+02
6.065158173441886902e-02 4.100047051906585693e-02 2.013939112582009273e-09 7.863520000000000000e+06 7.722068500000000000e+06 6.606252441406250000e+02 6.086564331054687500e+02 nan 7.841909000000000000e+06 5.677812499199103513e+02
6.498383730649948120e-02 4.392907395958900452e-02 2.009081821590703985e-09 8.519955000000000000e+06 8.388357500000000000e+06 6.237811279296875000e+02 5.747084960937500000e+02 nan 8.499850000000000000e+06 5.406090116505165497e+02
6.931609660387039185e-02 4.685768112540245056e-02 2.004548729015451583e-09 9.148750000000000000e+06 9.020830000000000000e+06 5.888479614257812500e+02 5.425225830078125000e+02 nan 9.129207000000000000e+06 5.124659178515020130e+02
7.364834845066070557e-02 4.978628456592559814e-02 2.000299865353250301e-09 9.724720000000000000e+06 9.590487000000000000e+06 5.544611816406250000e+02 5.108412475585937500e+02 nan 9.704213000000000000e+06 4.817119671578241196e+02
7.798060774803161621e-02 5.271489173173904419e-02 1.996302173696350216e-09 1.023207400000000000e+07 1.007982600000000000e+07 5.202714843750000000e+02 4.793424987792968750e+02 nan 1.020881400000000000e+07 4.483538045972659916e+02
8.231285959482192993e-02 5.564349144697189331e-02 1.992528044667567094e-09 1.066833100000000000e+07 1.048725400000000000e+07 4.866838378906250000e+02 4.483989562988281250e+02 nan 1.064066600000000000e+07 4.136390849652735255e+02
8.664511889219284058e-02 5.857209861278533936e-02 1.988954134422163219e-09 1.104367200000000000e+07 1.082629900000000000e+07 4.544786987304687500e+02 4.187292785644531250e+02 nan 1.101046300000000000e+07 3.793557513434512316e+02
9.097737073898315430e-02 6.150070205330848694e-02 1.985560585482697045e-09 1.137708000000000000e+07 1.112108800000000000e+07 4.244707641601562500e+02 3.910836181640625000e+02 nan 1.133797100000000000e+07 3.471936957984606238e+02
9.636187553405761719e-02 6.514062732458114624e-02 1.981568674123380254e-09 1.177276200000000000e+07 1.147431900000000000e+07 3.913327331542968750e+02 3.605536499023437500e+02 nan 1.172716600000000000e+07 3.122319490729018412e+02
1.017463728785514832e-01 6.878054887056350708e-02 1.977801256732118934e-09 1.220214400000000000e+07 1.187646800000000000e+07 3.637322998046875000e+02 3.351245422363281250e+02 nan 1.215238900000000000e+07 2.843971943396710458e+02
1.071308776736259460e-01 7.242047041654586792e-02 1.974234781265857972e-09 1.271111600000000000e+07 1.237881000000000000e+07 3.418067932128906250e+02 3.149229431152343750e+02 nan 1.266034800000000000e+07 2.639061212203333184e+02
1.125153750181198120e-01 7.606039196252822876e-02 1.970849203820953451e-09 1.330991200000000000e+07 1.299076700000000000e+07 3.245917358398437500e+02 2.990605773925781250e+02 nan 1.326115300000000000e+07 2.493419716872051026e+02
1.178998723626136780e-01 7.970031350851058960e-02 1.967627323526894450e-09 1.397149000000000000e+07 1.367848700000000000e+07 3.104714355468750000e+02 2.860494384765625000e+02 nan 1.392672500000000000e+07 2.384050252714611702e+02
1.232843771576881409e-01 8.334024250507354736e-02 1.964554264128985100e-09 1.464827900000000000e+07 1.438373900000000000e+07 2.978431091308593750e+02 2.744131164550781250e+02 nan 1.460786200000000000e+07 2.288443160148956679e+02
1.286688745021820068e-01 8.698015660047531128e-02 1.961617102724775952e-09 1.528741700000000000e+07 1.504242800000000000e+07 2.854635620117187500e+02 2.630066223144531250e+02 nan 1.524998800000000000e+07 2.189218614089421919e+02
1.340533792972564697e-01 9.062008559703826904e-02 1.958804483640675406e-09 1.584248500000000000e+07 1.559973700000000000e+07 2.725716552734375000e+02 2.511286926269531250e+02 nan 1.580540000000000000e+07 2.076020015496219742e+02
1.394378840923309326e-01 9.426000714302062988e-02 1.956106446915437174e-09 1.628774500000000000e+07 1.602679200000000000e+07 2.589761352539062500e+02 2.386031494140625000e+02 nan 1.624787800000000000e+07 1.947149534613020876e+02
1.448223739862442017e-01 9.789992123842239380e-02 1.953514161287429418e-09 1.662719500000000000e+07 1.633051700000000000e+07 2.450046234130859375e+02 2.257315216064453125e+02 nan 1.658186900000000000e+07 1.808734322895123512e+02
1.502068787813186646e-01 1.015398502349853516e-01 1.951019758654691563e-09 1.689100800000000000e+07 1.654902800000000000e+07 2.312743072509765625e+02 2.130821990966796875e+02 nan 1.683876000000000000e+07 1.670822905903650053e+02
1.555913835763931274e-01 1.051797717809677124e-01 1.948616241255242070e-09 1.712640200000000000e+07 1.674002800000000000e+07 2.184633941650390625e+02 2.012797851562500000e+02 nan 1.706737200000000000e+07 1.543580005305869349e+02
1.609758734703063965e-01 1.088196933269500732e-01 1.946297314463125787e-09 1.738731200000000000e+07 1.696741000000000000e+07 2.071476745605468750e+02 1.908545532226562500e+02 nan 1.732316000000000000e+07 1.434890801541333758e+02
1.663603782653808594e-01 1.124596148729324341e-01 1.944057316713681798e-09 1.771794200000000000e+07 1.728196000000000000e+07 1.976291046142578125e+02 1.820847320556640625e+02 nan 1.765133400000000000e+07 1.348382562364066359e+02
1.717448830604553223e-01 1.160995438694953918e-01 1.941891129256332855e-09 1.813555800000000000e+07 1.770243000000000000e+07 1.898256378173828125e+02 1.748947448730468750e+02 nan 1.806938600000000000e+07 1.282514792505643868e+02
1.771293878555297852e-01 1.197394654154777527e-01 1.939794125595426991e-09 1.862720400000000000e+07 1.821209800000000000e+07 1.833475646972656250e+02 1.689257354736328125e+02 nan 1.856378200000000000e+07 1.231987234791751860e+02
1.825138777494430542e-01 1.233793795108795166e-01 1.937762091126241291e-09 1.916001200000000000e+07 1.877040400000000000e+07 1.776866912841796875e+02 1.637095642089843750e+02 nan 1.910048800000000000e+07 1.190231901418557356e+02
1.878983825445175171e-01 1.270193010568618774e-01 1.935791175107242678e-09 1.969153000000000000e+07 1.932564000000000000e+07 1.723500518798828125e+02 1.587922363281250000e+02 nan 1.963563000000000000e+07 1.151000543465208779e+02
1.932828873395919800e-01 1.306592375040054321e-01 1.933877861004656685e-09 2.017775200000000000e+07 1.982558000000000000e+07 1.669341278076171875e+02 1.538021087646484375e+02 nan 2.012394800000000000e+07 1.109229686141531204e+02
1.986673772335052490e-01 1.342991441488265991e-01 1.932018951816384183e-09 2.058557200000000000e+07 2.023213400000000000e+07 1.612087402343750000e+02 1.485270996093750000e+02 nan 2.053157600000000000e+07 1.062147637191836651e+02
2.040518820285797119e-01 1.379390656948089600e-01 1.930211465507478933e-09 2.090502400000000000e+07 2.053471200000000000e+07 1.551699981689453125e+02 1.429635314941406250e+02 nan 2.084844800000000000e+07 1.009977347049138245e+02
2.094363868236541748e-01 1.415790021419525146e-01 1.928452677645768952e-09 2.115006000000000000e+07 2.075093000000000000e+07 1.489912719726562500e+02 1.372711791992187500e+02 nan 2.108908200000000000e+07 9.552189049770232998e+01
2.148208767175674438e-01 1.452189087867736816e-01 1.926740094380007882e-09 2.135016200000000000e+07 2.091687000000000000e+07 1.429216766357421875e+02 1.316793670654296875e+02 nan 2.128396800000000000e+07 9.012043299491355697e+01
2.202053815126419067e-01 1.488588303327560425e-01 1.925071368159055733e-09 2.154196400000000000e+07 2.107673600000000000e+07 1.372097625732421875e+02 1.264170074462890625e+02 nan 2.147089000000000000e+07 8.510615267403943562e+01
2.255898863077163696e-01 1.524987667798995972e-01 1.923444343781293656e-09 2.176126600000000000e+07 2.127279400000000000e+07 1.320502624511718750e+02 1.216635131835937500e+02 nan 2.168664000000000000e+07 8.070793715433606508e+01
2.309743911027908325e-01 1.561386883258819580e-01 1.921857033120720865e-09 2.203284000000000000e+07 2.153354600000000000e+07 1.275329360961914062e+02 1.175015258789062500e+02 nan 2.195655800000000000e+07 7.701895968861693120e+01
2.363588809967041016e-01 1.597786098718643188e-01 1.920307567935778733e-09 2.236341400000000000e+07 2.186593200000000000e+07 1.236245651245117188e+02 1.139004745483398438e+02 nan 2.228741000000000000e+07 7.398749701405154156e+01
2.417433857917785645e-01 1.634185314178466797e-01 1.918794213956308179e-09 2.274298200000000000e+07 2.225687000000000000e+07 1.202022323608398438e+02 1.107471466064453125e+02 nan 2.266871200000000000e+07 7.146386370349677009e+01
2.471278905868530273e-01 1.670584529638290405e-01 1.917315352832477265e-09 2.314964600000000000e+07 2.267918600000000000e+07 1.170986175537109375e+02 1.078874740600585938e+02 nan 2.307776800000000000e+07 6.925388667405955800e+01
2.525123953819274902e-01 1.706983745098114014e-01 1.915869472055197894e-09 2.355370000000000000e+07 2.309726400000000000e+07 1.141334838867187500e+02 1.051554260253906250e+02 nan 2.348396800000000000e+07 6.715266255493742165e+01
2.578969001770019531e-01 1.743383109569549561e-01 1.914455150219987163e-09 2.392472800000000000e+07 2.347573400000000000e+07 1.111522598266601562e+02 1.024085922241210938e+02 nan 2.385613400000000000e+07 6.498722720092536065e+01
2.632813751697540283e-01 1.779782027006149292e-01 1.913071083197014340e-09 2.424301400000000000e+07 2.379206400000000000e+07 1.080739822387695312e+02 9.957247924804687500e+01 nan 2.417411800000000000e+07 6.267165478213602370e+01
2.686658799648284912e-01 1.816181391477584839e-01 1.911715991580206360e-09 2.450618600000000000e+07 2.404378400000000000e+07 1.049072799682617188e+02 9.665493011474609375e+01 nan 2.443553800000000000e+07 6.022327672977559132e+01
2.740503847599029541e-01 1.852580606937408447e-01 1.910388727493893778e-09 2.472523600000000000e+07 2.424424200000000000e+07 1.017165832519531250e+02 9.371532440185546875e+01 nan 2.465175200000000000e+07 5.772163064379694219e+01
2.794348895549774170e-01 1.888979822397232056e-01 1.909088184011114833e-09 2.491718200000000000e+07 2.441444000000000000e+07 9.858190917968750000e+01 9.082734680175781250e+01 nan 2.484037400000000000e+07 5.525978139375998666e+01
2.848193943500518799e-01 1.925379037857055664e-01 1.907813323590368924e-09 2.510212000000000000e+07 2.457888800000000000e+07 9.558338928222656250e+01 8.806478881835937500e+01 nan 2.502217800000000000e+07 5.292674921500619689e+01
2.902038991451263428e-01 1.961778402328491211e-01 1.906563162582237113e-09 2.530146200000000000e+07 2.476271600000000000e+07 9.279357910156250000e+01 8.549449157714843750e+01 nan 2.521915200000000000e+07 5.079953476806566215e+01
2.955884039402008057e-01 1.998177617788314819e-01 1.905336787226579552e-09 2.553163400000000000e+07 2.498444000000000000e+07 9.025535583496093750e+01 8.315592193603515625e+01 nan 2.544803200000000000e+07 4.892084892448820455e+01
3.009728789329528809e-01 2.034576684236526489e-01 1.904133323856378078e-09 2.579702600000000000e+07 2.524858200000000000e+07 8.796235656738281250e+01 8.104326629638671875e+01 nan 2.571323600000000000e+07 4.728045769439819423e+01
3.063573837280273438e-01 2.070975899696350098e-01 1.902951936232507350e-09 2.608992800000000000e+07 2.554574200000000000e+07 8.586725616455078125e+01 7.911289215087890625e+01 nan 2.600678600000000000e+07 4.582638782863322291e+01
3.117418885231018066e-01 2.107375115156173706e-01 1.901791846628511990e-09 2.639657800000000000e+07 2.585928200000000000e+07 8.390839385986328125e+01 7.730805969238281250e+01 nan 2.631449000000000000e+07 4.449384447031367529e+01
3.171263933181762695e-01 2.143774479627609253e-01 1.900652308391623192e-09 2.670207200000000000e+07 2.617106000000000000e+07 8.202802276611328125e+01 7.557553863525390625e+01 nan 2.662094800000000000e+07 4.322375907709863441e+01
3.225108981132507324e-01 2.180173695087432861e-01 1.899532626729035332e-09 2.699191000000000000e+07 2.646386000000000000e+07 8.017707061767578125e+01 7.387015533447265625e+01 nan 2.691123600000000000e+07 4.196699795609045225e+01
3.278954029083251953e-01 2.216572910547256470e-01 1.898432128189829179e-09 2.725442400000000000e+07 2.672442800000000000e+07 7.832131958007812500e+01 7.216036987304687500e+01 nan 2.717345200000000000e+07 4.069023571415798557e+01
3.332799077033996582e-01 2.252972126007080078e-01 1.897350177081271127e-09 2.748514800000000000e+07 2.694812200000000000e+07 7.645159912109375000e+01 7.043772888183593750e+01 nan 2.740310400000000000e+07 3.938614619867216504e+01
3.386643826961517334e-01 2.289371192455291748e-01 1.896286172945125672e-09 2.768884800000000000e+07 2.714082600000000000e+07 7.458541107177734375e+01 6.871838378906250000e+01 nan 2.760512200000000000e+07 3.807432841802409484e+01
3.440488874912261963e-01 2.325770407915115356e-01 1.895239531240720810e-09 2.787634000000000000e+07 2.731537000000000000e+07 7.275442504882812500e+01 6.703145599365234375e+01 nan 2.779063800000000000e+07 3.678767973764804822e+01
3.494333922863006592e-01 2.362169772386550903e-01 1.894209703480833635e-09 2.805932800000000000e+07 2.748573400000000000e+07 7.098871612548828125e+01 6.540468597412109375e+01 nan 2.797169600000000000e+07 3.555629705175783783e+01
3.548178970813751221e-01 2.398568987846374512e-01 1.893196174858241155e-09 2.824761800000000000e+07 2.766369200000000000e+07 6.930986785888671875e+01 6.385792541503906250e+01 nan 2.815840800000000000e+07 3.440090928237889045e+01
3.602024018764495850e-01 2.434968203306198120e-01 1.892198441798694543e-09 2.844857000000000000e+07 2.785778800000000000e+07 6.773058319091796875e+01 6.240286636352539062e+01 nan 2.835831000000000000e+07 3.333303899395044567e+01
3.655869066715240479e-01 2.471367418766021729e-01 1.891216027459402332e-09 2.866590200000000000e+07 2.807196000000000000e+07 6.625299835205078125e+01 6.104150009155273438e+01 nan 2.857516000000000000e+07 3.235397409250017375e+01
3.709714114665985107e-01 2.507766783237457275e-01 1.890248472221847833e-09 2.889797400000000000e+07 2.830384800000000000e+07 6.486634826660156250e+01 5.976390457153320312e+01 nan 2.880720400000000000e+07 3.145280957532121136e+01
3.763558864593505859e-01 2.544165849685668945e-01 1.889295352117686434e-09 2.913819800000000000e+07 2.854552800000000000e+07 6.354979705810546875e+01 5.855088424682617188e+01 nan 2.904764800000000000e+07 3.060949790624789202e+01
3.817403912544250488e-01 2.580564916133880615e-01 1.888356242191734645e-09 2.937824800000000000e+07 2.878709600000000000e+07 6.228083801269531250e+01 5.738173294067382812e+01 nan 2.928793400000000000e+07 2.980290494660507150e+01
3.871248960494995117e-01 2.616964280605316162e-01 1.887430735669950155e-09 2.961098800000000000e+07 2.902000400000000000e+07 6.104178619384765625e+01 5.624013519287109375e+01 nan 2.952069600000000000e+07 2.901687509907420548e+01
3.925094008445739746e-01 2.653363645076751709e-01 1.886518457772270655e-09 2.983118000000000000e+07 2.923813800000000000e+07 5.982083511352539062e+01 5.511522293090820312e+01 nan 2.974057800000000000e+07 2.824091947476818731e+01
3.978939056396484375e-01 2.689762711524963379e-01 1.885619049100158659e-09 3.003585800000000000e+07 2.943829200000000000e+07 5.861199188232421875e+01 5.400146102905273438e+01 nan 2.994456200000000000e+07 2.747004659381332914e+01
4.032784104347229004e-01 2.726162075996398926e-01 1.884732143174389957e-09 3.022560000000000000e+07 2.962146000000000000e+07 5.741682815551757812e+01 5.290032196044921875e+01 nan 3.013330000000000000e+07 2.670617838295780189e+01
4.086629152297973633e-01 2.762561440467834473e-01 1.883857409814700777e-09 3.040496400000000000e+07 2.979306600000000000e+07 5.624426269531250000e+01 5.182001113891601562e+01 nan 3.031148000000000000e+07 2.595782891535837322e+01
4.140473902225494385e-01 2.798960208892822266e-01 1.882994538868699288e-09 3.058012800000000000e+07 2.996036000000000000e+07 5.510526275634765625e+01 5.077061462402343750e+01 nan 3.048544200000000000e+07 2.523508526662386942e+01
4.194318950176239014e-01 2.835359573364257812e-01 1.882143190604211824e-09 3.075604400000000000e+07 3.012925200000000000e+07 5.400740051269531250e+01 4.975912475585937500e+01 nan 3.066028400000000000e+07 2.454462734522860501e+01
4.248163998126983643e-01 2.871758937835693359e-01 1.881303079826970542e-09 3.093580600000000000e+07 3.030349800000000000e+07 5.295418167114257812e+01 4.878875732421875000e+01 nan 3.083920000000000000e+07 2.388938170320142973e+01
4.302009046077728271e-01 2.908158004283905029e-01 1.880473925305205483e-09 3.112156800000000000e+07 3.048548400000000000e+07 5.194699478149414062e+01 4.786079406738281250e+01 nan 3.102439000000000000e+07 2.327038553437702362e+01
4.355854094028472900e-01 2.944557368755340576e-01 1.879655436356054805e-09 3.131402800000000000e+07 3.067567000000000000e+07 5.098445129394531250e+01 4.697396469116210938e+01 nan 3.121650400000000000e+07 2.268627988921553751e+01
4.409699141979217529e-01 2.980956733226776123e-01 1.878847353036435648e-09 3.151101600000000000e+07 3.087136400000000000e+07 5.006063079833984375e+01 4.612279891967773438e+01 nan 3.141329200000000000e+07 2.213178734511745915e+01
4.463544189929962158e-01 3.017355799674987793e-01 1.878049424887222573e-09 3.170827200000000000e+07 3.106759800000000000e+07 4.916675567626953125e+01 4.529923248291015625e+01 nan 3.161039200000000000e+07 2.159930846506631852e+01
4.517388939857482910e-01 3.053754866123199463e-01 1.877261397654174740e-09 3.190202400000000000e+07 3.125992800000000000e+07 4.829559326171875000e+01 4.449658966064453125e+01 nan 3.180392600000000000e+07 2.108268799281843187e+01
4.571233987808227539e-01 3.090154230594635010e-01 1.876483026309890802e-09 3.209021600000000000e+07 3.144583200000000000e+07 4.744313430786132812e+01 4.371118545532226562e+01 nan 3.199177000000000000e+07 2.057863982966701499e+01
4.625079035758972168e-01 3.126553297042846680e-01 1.875714093387305177e-09 3.227170000000000000e+07 3.162396200000000000e+07 4.660707473754882812e+01 4.294088363647460938e+01 nan 3.217274000000000000e+07 2.008538404520720633e+01
4.678924083709716797e-01 3.162952661514282227e-01 1.874954364165268396e-09 3.244578800000000000e+07 3.179371400000000000e+07 4.578599929809570312e+01 4.218440246582031250e+01 nan 3.234616800000000000e+07 1.960182692977623375e+01
4.732769131660461426e-01 3.199352025985717773e-01 1.874203630559428286e-09 3.261320200000000000e+07 3.195613200000000000e+07 4.498062515258789062e+01 4.144238281250000000e+01 nan 3.251281600000000000e+07 1.912867194775158097e+01
4.786614179611206055e-01 3.235751092433929443e-01 1.873461691551420399e-09 3.277657400000000000e+07 3.211430200000000000e+07 4.419418716430664062e+01 4.071781539916992188e+01 nan 3.267539600000000000e+07 1.866869195981368179e+01
4.840458929538726807e-01 3.272150158882141113e-01 1.872728340933758753e-09 3.293908000000000000e+07 3.227183400000000000e+07 4.343032836914062500e+01 4.001404190063476562e+01 nan 3.283714200000000000e+07 1.822490674670072508e+01
4.894303977489471436e-01 3.308549523353576660e-01 1.872003379495005729e-09 3.310260600000000000e+07 3.243095600000000000e+07 4.269063949584960938e+01 3.933254241943359375e+01 nan 3.299999000000000000e+07 1.779857748759530622e+01
4.948149025440216064e-01 3.344948589801788330e-01 1.871286632213937058e-09 3.326757800000000000e+07 3.259226400000000000e+07 4.197467803955078125e+01 3.867290115356445312e+01 nan 3.316440800000000000e+07 1.738928165721712915e+01
5.001994371414184570e-01 3.381348252296447754e-01 1.870577900826693527e-09 3.343408400000000000e+07 3.275581200000000000e+07 4.128152847290039062e+01 3.803427124023437500e+01 nan 3.333045800000000000e+07 1.699621597365626968e+01
5.055838823318481445e-01 3.417747020721435547e-01 1.869877039368293133e-09 3.360210400000000000e+07 3.292140400000000000e+07 4.061016464233398438e+01 3.741572189331054688e+01 nan 3.349810800000000000e+07 1.661856287212087224e+01
5.109683871269226074e-01 3.454146385192871094e-01 1.869183849789121820e-09 3.377084800000000000e+07 3.308797800000000000e+07 3.995870590209960938e+01 3.681549835205078125e+01 nan 3.366652400000000000e+07 1.625477781091036533e+01
5.163528919219970703e-01 3.490545451641082764e-01 1.868498185335105332e-09 3.393839600000000000e+07 3.325331400000000000e+07 3.932403564453125000e+01 3.623075103759765625e+01 nan 3.383372800000000000e+07 1.590239955180952336e+01
5.217373967170715332e-01 3.526944816112518311e-01 1.867819876059786520e-09 3.410285200000000000e+07 3.341529000000000000e+07 3.870335006713867188e+01 3.565888595581054688e+01 nan 3.399780800000000000e+07 1.555921418298815873e+01
5.271219015121459961e-01 3.563344180583953857e-01 1.867148773833358248e-09 3.426356800000000000e+07 3.357312400000000000e+07 3.809543991088867188e+01 3.509879684448242188e+01 nan 3.415808000000000000e+07 1.522432516970237870e+01
5.325064063072204590e-01 3.599743247032165527e-01 1.866484735032350672e-09 3.442088800000000000e+07 3.372714400000000000e+07 3.750028991699218750e+01 3.455046463012695312e+01 nan 3.431489600000000000e+07 1.489776890417474675e+01
5.378909111022949219e-01 3.636142611503601074e-01 1.865827604301946768e-09 3.457512400000000000e+07 3.387775600000000000e+07 3.691785430908203125e+01 3.401384735107421875e+01 nan 3.446858000000000000e+07 1.457952846105578715e+01
5.432754158973693848e-01 3.672541677951812744e-01 1.865177252290424566e-09 3.472642000000000000e+07 3.402527200000000000e+07 3.634791946411132812e+01 3.348873901367187500e+01 nan 3.461930000000000000e+07 1.426944863357446991e+01
5.486599206924438477e-01 3.708941042423248291e-01 1.864533532427482462e-09 3.487563600000000000e+07 3.417073200000000000e+07 3.579099273681640625e+01 3.297562789916992188e+01 nan 3.476794000000000000e+07 1.396792559733104966e+01
5.540444254875183105e-01 3.745340406894683838e-01 1.863896318172137942e-09 3.502424400000000000e+07 3.431577200000000000e+07 3.524816513061523438e+01 3.247550201416015625e+01 nan 3.491600400000000000e+07 1.367579588662687406e+01
5.594289302825927734e-01 3.781739473342895508e-01 1.863265486641235488e-09 3.517319600000000000e+07 3.446143600000000000e+07 3.471989059448242188e+01 3.198878097534179688e+01 nan 3.506445200000000000e+07 1.339339918703095655e+01
5.648134350776672363e-01 3.818138837814331055e-01 1.862640903204479876e-09 3.532230000000000000e+07 3.460756000000000000e+07 3.420545959472656250e+01 3.151481056213378906e+01 nan 3.521310400000000000e+07 1.312016057309871364e+01
5.701979398727416992e-01 3.854538202285766602e-01 1.862022452330667509e-09 3.547101600000000000e+07 3.475356000000000000e+07 3.370384597778320312e+01 3.105265235900878906e+01 nan 3.536140400000000000e+07 1.285530389494051384e+01
5.755824446678161621e-01 3.890937268733978271e-01 1.861410021730888845e-09 3.561929200000000000e+07 3.489928800000000000e+07 3.321454238891601562e+01 3.060184097290039062e+01 nan 3.550929600000000000e+07 1.259845159608429555e+01
5.809668898582458496e-01 3.927336037158966064e-01 1.860803497296447543e-09 3.576711200000000000e+07 3.504462000000000000e+07 3.273708724975585938e+01 3.016194725036621094e+01 nan 3.565672800000000000e+07 1.234927054592444051e+01
5.863513946533203125e-01 3.963735401630401611e-01 1.860202753428811389e-09 3.591378800000000000e+07 3.518874800000000000e+07 3.227045822143554688e+01 2.973201560974121094e+01 nan 3.580301600000000000e+07 1.210698197893839456e+01
5.917358994483947754e-01 4.000134766101837158e-01 1.859607692406273365e-09 3.605834000000000000e+07 3.533064000000000000e+07 3.181340980529785156e+01 2.931092262268066406e+01 nan 3.594716400000000000e+07 1.187069417567970575e+01
5.971204042434692383e-01 4.036533832550048828e-01 1.859018214291441706e-09 3.620054800000000000e+07 3.547003200000000000e+07 3.136546897888183594e+01 2.889821624755859375e+01 nan 3.608894400000000000e+07 1.164006637868682326e+01
6.025049090385437012e-01 4.072933197021484375e-01 1.858434207544148841e-09 3.634096800000000000e+07 3.560750000000000000e+07 3.092683792114257812e+01 2.849409103393554688e+01 nan 3.622891200000000000e+07 1.141525424255651089e+01
6.078894138336181641e-01 4.109332561492919922e-01 1.857855577876460681e-09 3.647995200000000000e+07 3.574345600000000000e+07 3.049754714965820312e+01 2.809856986999511719e+01 nan 3.636743200000000000e+07 1.119628275540211604e+01
6.132739186286926270e-01 4.145731627941131592e-01 1.857282233477322155e-09 3.661740000000000000e+07 3.587785200000000000e+07 3.007722473144531250e+01 2.771130943298339844e+01 nan 3.650441600000000000e+07 1.098289065493297123e+01
6.186584234237670898e-01 4.182130992412567139e-01 1.856714071034082293e-09 3.675343200000000000e+07 3.601088400000000000e+07 2.966571044921875000e+01 2.733216667175292969e+01 nan 3.663998800000000000e+07 1.077494661511603802e+01
6.240429282188415527e-01 4.218530058860778809e-01 1.856151008397507339e-09 3.688872000000000000e+07 3.614327200000000000e+07 2.926328659057617188e+01 2.696139335632324219e+01 nan 3.677483200000000000e+07 1.057265842910321751e+01
6.294274330139160156e-01 4.254929423332214355e-01 1.855592947277603754e-09 3.702383600000000000e+07 3.627561600000000000e+07 2.887010955810546875e+01 2.659914779663085938e+01 nan 3.690952400000000000e+07 1.037613540204912610e+01
6.556535363197326660e-01 4.432217776775360107e-01 1.852943630635520644e-09 3.767183200000000000e+07 3.691122000000000000e+07 2.707245254516601562e+01 2.494289588928222656e+01 nan 3.755562800000000000e+07 9.490731375458636876e+00
8.039034605026245117e-01 5.434387326240539551e-01 1.839770603253567837e-09 4.093332000000000000e+07 4.010703600000000000e+07 1.956722640991210938e+01 1.802804183959960938e+01 nan 4.080708000000000000e+07 6.035775104450556761e+00
9.932619333267211914e-01 6.714450716972351074e-01 1.826201010048688587e-09 4.437910000000000000e+07 4.348351600000000000e+07 1.389669227600097656e+01 1.280355739593505859e+01 nan 4.424227200000000000e+07 3.733716972885477769e+00
1.227223634719848633e+00 8.296031951904296875e-01 1.812731498599941669e-09 4.787923600000000000e+07 4.691323600000000000e+07 9.821113586425781250e+00 9.048569679260253906e+00 nan 4.773165200000000000e+07 2.287093259374610277e+00
1.516294717788696289e+00 1.025015234947204590e+00 1.799361337301671755e-09 5.142659200000000000e+07 5.038922000000000000e+07 6.910059452056884766e+00 6.366503238677978516e+00 nan 5.126810800000000000e+07 1.388577612411253437e+00
1.873456120491027832e+00 1.266456365585327148e+00 1.786089789356977996e-09 5.501401600000000000e+07 5.390443600000000000e+07 4.842257499694824219e+00 4.461357116699218750e+00 nan 5.484450000000000000e+07 8.362699555921060401e-01
2.314746379852294922e+00 1.564768552780151367e+00 1.772916133006574509e-09 5.863606400000000000e+07 5.745354000000000000e+07 3.380802392959594727e+00 3.114862203598022461e+00 nan 5.845539600000000000e+07 4.999594072188198735e-01
2.859982252120971680e+00 1.933347940444946289e+00 1.759839636962373426e-09 6.228785200000000000e+07 6.103172800000000000e+07 2.352549314498901367e+00 2.167492866516113281e+00 nan 6.209594400000000000e+07 2.969046651553230998e-01
3.533647537231445312e+00 2.388745784759521484e+00 1.746859588797865175e-09 6.596501200000000000e+07 6.463469600000000000e+07 1.632034659385681152e+00 1.503654837608337402e+00 nan 6.576176400000000000e+07 1.752438349261368211e-01
4.365993976593017578e+00 2.951411962509155273e+00 1.733975279535418463e-09 6.966380800000000000e+07 6.825874400000000000e+07 1.129024386405944824e+00 1.040212035179138184e+00 nan 6.944914400000000000e+07 1.028572870775991688e-01
5.394398689270019531e+00 3.646613597869873047e+00 1.721185999058096773e-09 7.338124800000000000e+07 7.190087200000000000e+07 7.790433764457702637e-01 7.177608013153076172e-01 nan 7.315508000000000000e+07 6.006147241606025339e-02
6.665042877197265625e+00 4.505568981170654297e+00 1.708491050912268841e-09 7.711410400000000000e+07 7.555778400000000000e+07 5.362789630889892578e-01 4.940925240516662598e-01 nan 7.687633600000000000e+07 3.490588732824571189e-02
8.234986305236816406e+00 5.566850662231445312e+00 1.695889732548296616e-09 8.086036800000000000e+07 7.922733600000000000e+07 3.683605194091796875e-01 3.393827378749847412e-01 nan 8.061088000000000000e+07 2.019796192350323955e-02
1.017472743988037109e+01 6.878115653991699219e+00 1.683381361073609185e-09 8.461755200000000000e+07 8.290680800000000000e+07 2.525098919868469238e-01 2.326449900865554810e-01 nan 8.435619200000000000e+07 1.164024891475725146e-02
1.257137203216552734e+01 8.498247146606445312e+00 1.670965250288532184e-09 8.838356800000000000e+07 8.659366400000000000e+07 1.727706789970397949e-01 1.591780930757522583e-01 nan 8.811012000000000000e+07 6.683279733039681342e-03
1.553254413604736328e+01 1.050000000000000000e+01 1.658640709094829109e-09 9.215651200000000000e+07 9.028534400000000000e+07 1.180063188076019287e-01 1.087214872241020203e-01 nan 9.187064000000000000e+07 3.823875152902651061e-03
