# k/h [h/Mpc]            k [1/Mpc]              Primoridal             T_cdm(k)                 T_bar(k)                 T_phot(k)                T_massless neutrions(k)  T_massive neutrinos(k)   T_total(k)               Linear Pk [(Mpc/h)^3]  
1.049045658874092624e-05 7.091548468451946974e-06 2.727206404909961128e-09 1.000000000000000000e+00 1.000000000000000000e+00 1.000000000000000000e+00 1.000000000000000000e+00 nan 1.000000000000000000e+00 4.103074788771209569e+00
1.158353370556142181e-05 7.830468348402064294e-06 2.717761705682844603e-09 1.219251394271850586e+00 1.219251394271850586e+00 1.219213604927062988e+00 1.219212651252746582e+00 nan 1.219251394271850586e+00 4.514912566235997460e+00
1.279050593439023942e-05 8.646382411825470626e-06 2.708349706436794825e-09 1.486573934555053711e+00 1.486573815345764160e+00 1.486471772193908691e+00 1.486469388008117676e+00 nan 1.486573934555053711e+00 4.968086315007178122e+00
1.412324218108551577e-05 9.547311492497101426e-06 2.698970312856197758e-09 1.812506914138793945e+00 1.812506914138793945e+00 1.812298893928527832e+00 1.812294006347656250e+00 nan 1.812506914138793945e+00 5.466745971146138139e+00
1.559484553581569344e-05 1.054211588780162856e-05 2.689623392481895528e-09 2.209901332855224609e+00 2.209901094436645508e+00 2.209523916244506836e+00 2.209514617919921875e+00 nan 2.209901094436645508e+00 6.015457229793482519e+00
1.721978514979127795e-05 1.164057448477251455e-05 2.680308856040028027e-09 2.694424152374267578e+00 2.694423675537109375e+00 2.693779468536376953e+00 2.693763732910156250e+00 nan 2.694424152374267578e+00 6.619241348266994507e+00
1.901403993542771786e-05 1.285349117097212002e-05 2.671026563908324178e-09 3.285178899765014648e+00 3.285178899765014648e+00 3.284119367599487305e+00 3.284093618392944336e+00 nan 3.285178899765014648e+00 7.283626277139203076e+00
2.099525045196060091e-05 1.419278942194068804e-05 2.661776424936157355e-09 4.005456447601318359e+00 4.005456447601318359e+00 4.003757476806640625e+00 4.003716468811035156e+00 nan 4.005456447601318359e+00 8.014696904168404856e+00
2.318289807590190321e-05 1.567163963045459241e-05 2.652558315858844083e-09 4.883655071258544922e+00 4.883654594421386719e+00 4.880978107452392578e+00 4.880913734436035156e+00 nan 4.883655071258544922e+00 8.819141776419053613e+00
2.559849235694855452e-05 1.730458097881637514e-05 2.643372135990062650e-09 5.954398155212402344e+00 5.954396724700927734e+00 5.950233936309814453e+00 5.950133800506591797e+00 nan 5.954398155212402344e+00 9.704327917011861260e+00
2.826578383974265307e-05 1.910767059598583728e-05 2.634217767634683471e-09 7.259899616241455078e+00 7.259898662567138672e+00 7.253485202789306641e+00 7.253330230712890625e+00 nan 7.259899616241455078e+00 1.067835360593474725e+01
3.121100235148333013e-05 2.109863817167934030e-05 2.625095097817206075e-09 8.851629257202148438e+00 8.851628303527832031e+00 8.841821670532226562e+00 8.841585159301757812e+00 nan 8.851629257202148438e+00 1.175013779772505096e+01
3.446310074650682509e-05 2.329705603187903762e-05 2.616004033478672110e-09 1.079234123229980469e+01 1.079233837127685547e+01 1.077742862701416016e+01 1.077706909179687500e+01 nan 1.079234123229980469e+01 1.292948596973039344e+01
3.805406231549568474e-05 2.572454650362487882e-05 2.606944439452153756e-09 1.315854930877685547e+01 1.315854549407958984e+01 1.313597679138183594e+01 1.313543319702148438e+01 nan 1.315854930877685547e+01 1.422719332393424629e+01
4.201919000479392707e-05 2.840497290890198201e-05 2.597916226597658093e-09 1.604353332519531250e+01 1.604352569580078125e+01 1.600948905944824219e+01 1.600866889953613281e+01 nan 1.604353332519531250e+01 1.565513027310424654e+01
4.639747567125596106e-05 3.136469240416772664e-05 2.588919279439887767e-09 1.956103324890136719e+01 1.956102561950683594e+01 1.950982856750488281e+01 1.950859832763671875e+01 nan 1.956103324890136719e+01 1.722636478262742799e+01
5.123196388012729585e-05 3.463280881987884641e-05 2.579953483847589841e-09 2.384971809387207031e+01 2.384970855712890625e+01 2.377288436889648438e+01 2.377103805541992188e+01 nan 2.384971618652343750e+01 1.895526621924161859e+01
5.657019573845900595e-05 3.824145096587017179e-05 2.571018745591721348e-09 2.907864952087402344e+01 2.907863044738769531e+01 2.896357345581054688e+01 2.896080589294433594e+01 nan 2.907864952087402344e+01 2.085765006083741113e+01
6.246465636650100350e-05 4.222610732540488243e-05 2.562114941593048984e-09 3.545396804809570312e+01 3.545394134521484375e+01 3.528187561035156250e+01 3.527774047851562500e+01 nan 3.545396423339843750e+01 2.295090495886898196e+01
6.897329876665025949e-05 4.662595165427774191e-05 2.553241977543412439e-09 4.322696304321289062e+01 4.322692489624023438e+01 4.296994400024414062e+01 4.296376800537109375e+01 nan 4.322695922851562500e+01 2.525416370226856344e+01
7.616012590005993843e-05 5.148424679646268487e-05 2.544399743325443185e-09 5.270404052734375000e+01 5.270397567749023438e+01 5.232057189941406250e+01 5.231135940551757812e+01 nan 5.270402526855468750e+01 2.778847340806014188e+01
8.409580186707898974e-05 5.684876305167563260e-05 2.535588130685252624e-09 6.425872802734375000e+01 6.425864410400390625e+01 6.368714523315429688e+01 6.367341995239257812e+01 nan 6.425872039794921875e+01 3.057698165145048108e+01
9.285835403716191649e-05 6.277224747464060783e-05 2.526807033334104165e-09 7.834643554687500000e+01 7.834631347656250000e+01 7.749514007568359375e+01 7.747470855712890625e+01 nan 7.834642028808593750e+01 3.364512982410289510e+01
1.025339443003758788e-04 6.931294774403795600e-05 2.518056339675267213e-09 9.552236938476562500e+01 9.552217864990234375e+01 9.425537872314453125e+01 9.422499847412109375e+01 nan 9.552234649658203125e+01 3.702092184556569521e+01
1.132176985265687108e-04 7.653516513528302312e-05 2.509335958204897443e-09 1.164633483886718750e+02 1.164630584716796875e+02 1.145789718627929688e+02 1.145338211059570312e+02 nan 1.164633026123046875e+02 4.073511300948744918e+01
1.250146742677316070e-04 8.450992027064785361e-05 2.500645773867358897e-09 1.419944610595703125e+02 1.419940490722656250e+02 1.391936798095703125e+02 1.391266479492187500e+02 nan 1.419944000244140625e+02 4.482151949115386458e+01
1.380408502882346511e-04 9.331561159342527390e-05 2.491985695624705562e-09 1.731214752197265625e+02 1.731208801269531250e+02 1.689614257812500000e+02 1.688619995117187500e+02 nan 1.731213836669921875e+02 4.931729673774456302e+01
1.524243270978331566e-04 1.030388448270969093e-04 2.483355596498544299e-09 2.110705871582031250e+02 2.110696716308593750e+02 2.048957672119140625e+02 2.047484436035156250e+02 nan 2.110704498291015625e+02 5.426329191273767805e+01
1.683065347606316209e-04 1.137752187787555158e-04 2.474755379885282393e-09 2.573362121582031250e+02 2.573348693847656250e+02 2.481777801513671875e+02 2.479597015380859375e+02 nan 2.573359985351562500e+02 5.970432371333599519e+01
1.858436153270304203e-04 1.256302784895524383e-04 2.466184957973141175e-09 3.137397155761718750e+02 3.137377624511718750e+02 3.001674804687500000e+02 2.998450622558593750e+02 nan 3.137394409179687500e+02 6.568957766041185664e+01
2.052080089924857020e-04 1.387206139042973518e-04 2.457644209414643305e-09 3.825012817382812500e+02 3.824982910156250000e+02 3.624072875976562500e+02 3.619313659667968750e+02 nan 3.825008544921875000e+02 7.227307528745075160e+01
2.265901130158454180e-04 1.531749148853123188e-04 2.449133045395065615e-09 4.663261108398437500e+02 4.663216857910156250e+02 4.366098022460937500e+02 4.359084167480468750e+02 nan 4.663254089355468750e+02 7.951399198794844381e+01
2.502001880202442408e-04 1.691353245405480266e-04 2.440651351248999153e-09 5.685106201171875000e+02 5.685042724609375000e+02 5.246223754882812500e+02 5.235910644531250000e+02 nan 5.685096435546875000e+02 8.747716222551977694e+01
2.762703516054898500e-04 1.867587561719119549e-04 2.432199034655000626e-09 6.930712890625000000e+02 6.930617675781250000e+02 6.283541870117187500e+02 6.268414916992187500e+02 nan 6.930698242187500000e+02 9.623358978235137329e+01
3.050569503102451563e-04 2.062184939859434962e-04 2.423775992290330563e-09 8.449003295898437500e+02 8.448862915039062500e+02 7.496492309570312500e+02 7.474372558593750000e+02 nan 8.448982543945312500e+02 1.058608357471034509e+02
3.368430479895323515e-04 2.277058956678956747e-04 2.415382114947829304e-09 1.029956909179687500e+03 1.029936157226562500e+03 8.900830078125000000e+02 8.868605957031250000e+02 nan 1.029953735351562500e+03 1.164436641389625180e+02
3.719411906786262989e-04 2.514322404749691486e-04 2.407017301830847028e-09 1.255496826171875000e+03 1.255466430664062500e+03 1.050656738281250000e+03 1.045983398437500000e+03 nan 1.255492065429687500e+03 1.280743630555879520e+02
4.106964333914220333e-04 2.776307810563594103e-04 2.398681465071051552e-09 1.530352416992187500e+03 1.530307739257812500e+03 1.231360961914062500e+03 1.224620605468750000e+03 nan 1.530345703125000000e+03 1.408534002964904062e+02
4.534898616839200258e-04 3.065591445192694664e-04 2.390374494355455649e-09 1.865273437500000000e+03 1.865208374023437500e+03 1.430591430664062500e+03 1.420934326171875000e+03 nan 1.865263671875000000e+03 1.548898251952363410e+02
5.007422878406941891e-04 3.385017917025834322e-04 2.382096284987275655e-09 2.273337158203125000e+03 2.273242431640625000e+03 1.644415283203125000e+03 1.630691162109375000e+03 nan 2.273322753906250000e+03 1.703016443307381280e+02
5.529182380996644497e-04 3.737727238330990076e-04 2.373846756225058361e-09 2.770443847656250000e+03 2.770306396484375000e+03 1.865737060546875000e+03 1.846424316406250000e+03 nan 2.770422607421875000e+03 1.872161407470672145e+02
6.105307838879525661e-04 4.127188003621995449e-04 2.365625794166928840e-09 3.375920166015625000e+03 3.375722656250000000e+03 2.083510986328125000e+03 2.056657470703125000e+03 nan 3.375890136718750000e+03 2.057701470223388185e+02
6.741464603692293167e-04 4.557229985948652029e-04 2.357433293568910220e-09 4.113243164062500000e+03 4.112959960937500000e+03 2.282270751953125000e+03 2.245468750000000000e+03 nan 4.113199707031250000e+03 2.261101263324413821e+02
7.443906506523489952e-04 5.032080807723104954e-04 2.349269171114912410e-09 5.010908691406250000e+03 5.010506835937500000e+03 2.442468505859375000e+03 2.392907714843750000e+03 nan 5.010847167968750000e+03 2.483920373149565535e+02
8.219541050493717194e-04 5.556409596465528011e-04 2.341133324843220307e-09 6.103485351562500000e+03 6.102920410156250000e+03 2.542337402343750000e+03 2.476981201171875000e+03 nan 6.103399902343750000e+03 2.727808915381221482e+02
9.075994603335857391e-04 6.135372095741331577e-04 2.333025652639057309e-09 7.432875000000000000e+03 7.432089355468750000e+03 2.562083496093750000e+03 2.478021728515625000e+03 nan 7.432754394531250000e+03 2.994505614982819566e+02
1.002168864943087101e-03 6.774661596864461899e-04 2.324946049885245546e-09 9.049819335937500000e+03 9.048738281250000000e+03 2.491007812500000000e+03 2.385993896484375000e+03 nan 9.049654296875000000e+03 3.285825872913675312e+02
1.106592128053307533e-03 7.480562780983746052e-04 2.316894434325377400e-09 1.101570800781250000e+04 1.101424609375000000e+04 2.337045654296875000e+03 2.210126953125000000e+03 nan 1.101548437500000000e+04 3.603652694845615656e+02
1.221895916387438774e-03 8.260016329586505890e-04 2.308870708568745277e-09 1.340474511718750000e+04 1.340279882812500000e+04 2.135872314453125000e+03 1.987847045898437500e+03 nan 1.340444824218750000e+04 3.949923637138417689e+02
1.349214115180075169e-03 9.120687609538435936e-04 2.300874762407135126e-09 1.630653027343750000e+04 1.630397753906250000e+04 1.953009277343750000e+03 1.786247680664062500e+03 nan 1.630613964843750000e+04 4.326613189968044821e+02
1.489798538386821747e-03 1.007103826850652695e-03 2.292906509188567727e-09 1.982911132812500000e+04 1.982581835937500000e+04 1.869105468750000000e+03 1.686293823242187500e+03 nan 1.982860742187500000e+04 4.735706527018750194e+02
1.645031501539051533e-03 1.112041296437382698e-03 2.284965850418265676e-09 2.410262304687500000e+04 2.409841992187500000e+04 1.940828247070312500e+03 1.742817138671875000e+03 nan 2.410198242187500000e+04 5.179171505559132811e+02
1.816439209505915642e-03 1.227912958711385727e-03 2.277052691606405739e-09 2.928355273437500000e+04 2.927821484375000000e+04 2.145649658203125000e+03 1.930103393554687500e+03 nan 2.928273828125000000e+04 5.658906739686012770e+02
2.005707239732146263e-03 1.355858054012060165e-03 2.269166941709029953e-09 3.555974218750000000e+04 3.555292578125000000e+04 2.351455322265625000e+03 2.115543457031250000e+03 nan 3.555869921875000000e+04 6.176688572031645208e+02
2.214696491137146950e-03 1.497134799137711525e-03 2.261308494449764354e-09 4.315619531250000000e+04 4.314736328125000000e+04 2.378428466796875000e+03 2.127189697265625000e+03 nan 4.315484765625000000e+04 6.734077959404928606e+02
2.445461694151163101e-03 1.653132145293056965e-03 2.253477264686429142e-09 5.234182031250000000e+04 5.233008593750000000e+04 2.174673583984375000e+03 1.928273925781250000e+03 nan 5.234003515625000000e+04 7.332344084021916615e+02
2.700272016227245331e-03 1.825383864343166351e-03 2.245673160886940457e-09 6.343719921875000000e+04 6.342127734375000000e+04 1.953730834960937500e+03 1.737484375000000000e+03 nan 6.343476953125000000e+04 7.972355936164249215e+02
2.981632947921752930e-03 2.015583915635943413e-03 2.237896076485985185e-09 7.682360156250000000e+04 7.680173437500000000e+04 1.997947387695312500e+03 1.813753173828125000e+03 nan 7.682025781250000000e+04 8.654485869695040492e+02
3.292310982942581177e-03 2.225602278485894203e-03 2.230145925871712440e-09 9.295309375000000000e+04 9.292294531250000000e+04 2.179065429687500000e+03 1.841815917968750000e+03 nan 9.294848437500000000e+04 9.378490691030132211e+02
3.635360859334468842e-03 2.457503927871584892e-03 2.222422616889744185e-09 1.123599921875000000e+05 1.123184218750000000e+05 2.046126708984375000e+03 1.826150634765625000e+03 nan 1.123536406250000000e+05 1.014336724039058709e+03
4.014155361801385880e-03 2.713568974286317825e-03 2.214726058195065524e-09 1.356735468750000000e+05 1.356158593750000000e+05 1.786941772460937500e+03 1.808660400390625000e+03 nan 1.356647031250000000e+05 1.094718454179735318e+03
4.432419314980506897e-03 2.996315481141209602e-03 2.207056148657132701e-09 1.636316093750000000e+05 1.635507343750000000e+05 1.957260498046875000e+03 1.789185913085937500e+03 nan 1.636192656250000000e+05 1.178690731182968875e+03
4.894265439361333847e-03 3.308523446321487427e-03 2.199412800139309644e-09 1.970957031250000000e+05 1.969812656250000000e+05 1.953639892578125000e+03 1.767612304687500000e+03 nan 1.970782187500000000e+05 1.265823345001010921e+03
5.404234398156404495e-03 3.653262509033083916e-03 2.191795924301313793e-09 2.370663125000000000e+05 2.369037968750000000e+05 1.827838500976562500e+03 1.743803466796875000e+03 nan 2.370414687500000000e+05 1.355538414974786974e+03
5.967340432107448578e-03 4.033922217786312103e-03 2.184205430909534259e-09 2.846983437500000000e+05 2.844669687500000000e+05 2.112194335937500000e+03 1.717605468750000000e+03 nan 2.846629375000000000e+05 1.447089854564187362e+03
6.589121185243129730e-03 4.454245790839195251e-03 2.176641221197925960e-09 3.413157187500000000e+05 3.409847500000000000e+05 1.792293334960937500e+03 1.688899291992187500e+03 nan 3.412651562500000000e+05 1.539542293177787542e+03
7.275689393281936646e-03 4.918366204947233200e-03 2.169103203027300791e-09 4.084236250000000000e+05 4.079487500000000000e+05 1.836704711914062500e+03 1.657528930664062500e+03 nan 4.083510937500000000e+05 1.631751773966392420e+03
8.033796213567256927e-03 5.430846009403467178e-03 2.161591299930936394e-09 4.877158437500000000e+05 4.870337812500000000e+05 1.715856079101562500e+03 1.623363525390625000e+03 nan 4.876116250000000000e+05 1.722342376626257419e+03
8.870895951986312866e-03 5.996725521981716156e-03 2.154105401952956366e-09 5.810753125000000000e+05 5.800943750000000000e+05 1.615514404296875000e+03 1.586260864257812500e+03 nan 5.809255000000000000e+05 1.809689031359211413e+03
9.795218706130981445e-03 6.621567998081445694e-03 2.146645430474833453e-09 6.905642500000000000e+05 6.891536250000000000e+05 1.816533691406250000e+03 1.546083984375000000e+03 nan 6.903486875000000000e+05 1.891910761092389521e+03
1.081585418432950974e-02 7.311517372727394104e-03 2.139211293795359687e-09 8.183953750000000000e+05 8.163685000000000000e+05 1.606637695312500000e+03 1.502703002929687500e+03 nan 8.180857500000000000e+05 1.966854337336491199e+03
1.194283645600080490e-02 8.073357865214347839e-03 2.131802900090153706e-09 9.668835000000000000e+05 9.639765625000000000e+05 1.585925292968750000e+03 1.455985961914062500e+03 nan 9.664395000000000000e+05 2.032111215793823931e+03
1.318724639713764191e-02 8.914578706026077271e-03 2.124420174276236449e-09 1.138365875000000000e+06 1.134208000000000000e+06 1.480774536132812500e+03 1.405818237304687500e+03 nan 1.137730875000000000e+06 2.085049791316083883e+03
1.456132158637046814e-02 9.843453764915466309e-03 2.117063005254935590e-09 1.335086625000000000e+06 1.329163500000000000e+06 1.387688232421875000e+03 1.352105834960937500e+03 nan 1.334181625000000000e+06 2.122876987997005017e+03
1.607857085764408112e-02 1.086911372840404510e-02 2.109731324472420402e-09 1.559038625000000000e+06 1.550645625000000000e+06 1.411944458007812500e+03 1.294791748046875000e+03 nan 1.557756375000000000e+06 2.142758279189601581e+03
1.775391399860382080e-02 1.200164575129747391e-02 2.102425026951150955e-09 1.811771000000000000e+06 1.799958875000000000e+06 1.317452636718750000e+03 1.233885009765625000e+03 nan 1.809966500000000000e+06 2.142000045918854994e+03
1.960382424294948578e-02 1.325218472629785538e-02 2.095144031049849183e-09 2.094171000000000000e+06 2.077690125000000000e+06 1.208011718750000000e+03 1.169489624023437500e+03 nan 2.091652875000000000e+06 2.118314528227671417e+03
2.164648845791816711e-02 1.463302597403526306e-02 2.087888252770266929e-09 2.406268250000000000e+06 2.383522000000000000e+06 1.126035766601562500e+03 1.101855224609375000e+03 nan 2.402793250000000000e+06 2.070177581932628073e+03
2.390199340879917145e-02 1.615774817764759064e-02 2.080657597354892904e-09 2.747145000000000000e+06 2.716174000000000000e+06 1.176934936523437500e+03 1.031433837890625000e+03 nan 2.742413000000000000e+06 1.997266114080520538e+03
2.639251388609409332e-02 1.784133911132812500e-02 2.073451995948668221e-09 3.115078750000000000e+06 3.073611500000000000e+06 1.082884277343750000e+03 9.589434204101562500e+02 nan 3.108743500000000000e+06 1.900922803207648030e+03
2.914254181087017059e-02 1.970035769045352936e-02 2.066271340052806293e-09 3.508129250000000000e+06 3.453754250000000000e+06 9.307545776367187500e+02 8.854278564453125000e+02 nan 3.499822000000000000e+06 1.784559131117435072e+03
3.217911347746849060e-02 2.175308018922805786e-02 2.059115554147728899e-09 3.925359250000000000e+06 3.855879250000000000e+06 7.817281494140625000e+02 8.122880249023437500e+02 nan 3.914744250000000000e+06 1.653834073707381776e+03
3.553209081292152405e-02 2.401969395577907562e-02 2.051984539888671147e-09 4.368850500000000000e+06 4.282874000000000000e+06 8.313555297851562500e+02 7.412538452148437500e+02 nan 4.355715500000000000e+06 1.516424192206296311e+03
3.923443704843521118e-02 2.652247995138168335e-02 2.044878229365854235e-09 4.846325500000000000e+06 4.744089500000000000e+06 7.475649414062500000e+02 6.742514648437500000e+02 nan 4.830706000000000000e+06 1.381226383606907802e+03
4.332255572080612183e-02 2.928604744374752045e-02 2.037796533657790378e-09 5.373521500000000000e+06 5.257787500000000000e+06 6.355872802734375000e+02 6.131226196289062500e+02 nan 5.355840000000000000e+06 1.256930397497412287e+03
4.765481501817703247e-02 3.221465647220611572e-02 2.031010053452367756e-09 5.947962500000000000e+06 5.824703000000000000e+06 5.953575439453125000e+02 5.609610595703125000e+02 nan 5.929130500000000000e+06 1.153194893360920105e+03
5.198707059025764465e-02 3.514325991272926331e-02 2.024834231214258902e-09 6.556383000000000000e+06 6.432906000000000000e+06 5.516135864257812500e+02 5.197430419921875000e+02 nan 6.537518000000000000e+06 1.075986068382628673e+03
5.631932616233825684e-02 3.807186335325241089e-02 2.019169610001785353e-09 7.193468500000000000e+06 7.075636500000000000e+06 5.158955688476562500e+02 4.860874938964843750e+02 nan 7.175466000000000000e+06 1.015901933678584101e+03
6.065158173441886902e-02 4.100047051906585693e-02 2.013939112582009273e-09 7.850773000000000000e+06 7.741483000000000000e+06 4.856718444824218750e+02 4.576088562011718750e+02 nan 7.834075000000000000e+06 9.663164779459660849e+02
6.498383730649948120e-02 4.392907395958900452e-02 2.009081821590703985e-09 8.506894000000000000e+06 8.405206000000000000e+06 4.585801086425781250e+02 4.320816955566406250e+02 nan 8.491359000000000000e+06 9.202338694741448535e+02
6.931609660387039185e-02 4.685768112540245056e-02 2.004548729015451583e-09 9.135192000000000000e+06 9.036320000000000000e+06 4.328963317871093750e+02 4.078816833496093750e+02 nan 9.120087000000000000e+06 8.724172743675720767e+02
7.364834845066070557e-02 4.978628456592559814e-02 2.000299865353250301e-09 9.710375000000000000e+06 9.606588000000000000e+06 4.076170349121093750e+02 3.840632324218750000e+02 nan 9.694519000000000000e+06 8.200733432501212974e+02
7.798060774803161621e-02 5.271489173173904419e-02 1.996302173696350216e-09 1.021660300000000000e+07 1.009886300000000000e+07 3.824848327636718750e+02 3.603837280273437500e+02 nan 1.019861500000000000e+07 7.632275860312255418e+02
8.231285959482192993e-02 5.564349144697189331e-02 1.992528044667567094e-09 1.065143200000000000e+07 1.051138400000000000e+07 3.577964477539062500e+02 3.371225585937500000e+02 nan 1.063003600000000000e+07 7.040313849119324914e+02
8.664511889219284058e-02 5.857209861278533936e-02 1.988954134422163219e-09 1.102514600000000000e+07 1.085703200000000000e+07 3.341246337890625000e+02 3.148192443847656250e+02 nan 1.099946300000000000e+07 6.455588129978557390e+02
9.097737073898315430e-02 6.150070205330848694e-02 1.985560585482697045e-09 1.135688700000000000e+07 1.115892500000000000e+07 3.120674438476562500e+02 2.940371704101562500e+02 nan 1.132664300000000000e+07 5.907126441223535949e+02
9.636187553405761719e-02 6.514062732458114624e-02 1.981568674123380254e-09 1.175070300000000000e+07 1.151995300000000000e+07 2.877081298828125000e+02 2.710858459472656250e+02 nan 1.171544800000000000e+07 5.311237566212987531e+02
1.017463728785514832e-01 6.878054887056350708e-02 1.977801256732118934e-09 1.217871000000000000e+07 1.192695000000000000e+07 2.674173889160156250e+02 2.519676055908203125e+02 nan 1.214024700000000000e+07 4.837300130145025037e+02
1.071308776736259460e-01 7.242047041654586792e-02 1.974234781265857972e-09 1.268693800000000000e+07 1.243009700000000000e+07 2.512964324951171875e+02 2.367778472900390625e+02 nan 1.264769900000000000e+07 4.488932700617294813e+02
1.125153750181198120e-01 7.606039196252822876e-02 1.970849203820953451e-09 1.328558400000000000e+07 1.303895300000000000e+07 2.386370391845703125e+02 2.248493347167968750e+02 nan 1.324790400000000000e+07 4.241835012662820077e+02
1.178998723626136780e-01 7.970031350851058960e-02 1.967627323526894450e-09 1.394740100000000000e+07 1.372099600000000000e+07 2.282524719238281250e+02 2.150641937255859375e+02 nan 1.391281200000000000e+07 4.056617367450548954e+02
1.232843771576881409e-01 8.334024250507354736e-02 1.964554264128985100e-09 1.462449700000000000e+07 1.442008700000000000e+07 2.189653778076171875e+02 2.063132171630859375e+02 nan 1.459326800000000000e+07 3.894720429598424971e+02
1.286688745021820068e-01 8.698015660047531128e-02 1.961617102724775952e-09 1.526367700000000000e+07 1.507435400000000000e+07 2.098624572753906250e+02 1.977359771728515625e+02 nan 1.523475200000000000e+07 3.726376051766244473e+02
1.340533792972564697e-01 9.062008559703826904e-02 1.958804483640675406e-09 1.581827300000000000e+07 1.563064600000000000e+07 2.003843841552734375e+02 1.888055419921875000e+02 nan 1.578960700000000000e+07 3.533869164886708631e+02
1.394378840923309326e-01 9.426000714302062988e-02 1.956106446915437174e-09 1.626246400000000000e+07 1.606073200000000000e+07 1.903903808593750000e+02 1.793891448974609375e+02 nan 1.623164300000000000e+07 3.314343939706425886e+02
1.448223739862442017e-01 9.789992123842239380e-02 1.953514161287429418e-09 1.660034400000000000e+07 1.637097200000000000e+07 1.801207580566406250e+02 1.697132263183593750e+02 nan 1.656530000000000000e+07 3.078353134260285628e+02
1.502068787813186646e-01 1.015398502349853516e-01 1.951019758654691563e-09 1.686233000000000000e+07 1.659793100000000000e+07 1.700286254882812500e+02 1.602045593261718750e+02 nan 1.682193800000000000e+07 2.843164702691310026e+02
1.555913835763931274e-01 1.051797717809677124e-01 1.948616241255242070e-09 1.709595400000000000e+07 1.679725000000000000e+07 1.606119995117187500e+02 1.513322906494140625e+02 nan 1.705031800000000000e+07 2.626219736576628634e+02
1.609758734703063965e-01 1.088196933269500732e-01 1.946297314463125787e-09 1.735544400000000000e+07 1.703084800000000000e+07 1.522937927246093750e+02 1.434948425292968750e+02 nan 1.730585200000000000e+07 2.441028169835683741e+02
1.663603782653808594e-01 1.124596148729324341e-01 1.944057316713681798e-09 1.768518200000000000e+07 1.734819000000000000e+07 1.452959594726562500e+02 1.369013519287109375e+02 nan 1.763369600000000000e+07 2.293786809449577788e+02
1.717448830604553223e-01 1.160995438694953918e-01 1.941891129256332855e-09 1.810247400000000000e+07 1.776772200000000000e+07 1.395582427978515625e+02 1.314950256347656250e+02 nan 1.805133000000000000e+07 2.181844640767522208e+02
1.771293878555297852e-01 1.197394654154777527e-01 1.939794125595426991e-09 1.859424600000000000e+07 1.827344600000000000e+07 1.347944946289062500e+02 1.270063323974609375e+02 nan 1.854523600000000000e+07 2.096117158834149166e+02
1.825138777494430542e-01 1.233793795108795166e-01 1.937762091126241291e-09 1.912740400000000000e+07 1.882632000000000000e+07 1.306314544677734375e+02 1.230836105346679688e+02 nan 1.908140600000000000e+07 2.025347139861409289e+02
1.878983825445175171e-01 1.270193010568618774e-01 1.935791175107242678e-09 1.965921200000000000e+07 1.937645200000000000e+07 1.267070236206054688e+02 1.193857803344726562e+02 nan 1.961601200000000000e+07 1.958827792239721646e+02
1.932828873395919800e-01 1.306592375040054321e-01 1.933877861004656685e-09 2.014542600000000000e+07 1.987325000000000000e+07 1.227248153686523438e+02 1.156335678100585938e+02 nan 2.010384200000000000e+07 1.887888124469023410e+02
1.986673772335052490e-01 1.342991441488265991e-01 1.932018951816384183e-09 2.055280000000000000e+07 2.027961800000000000e+07 1.185156250000000000e+02 1.116675720214843750e+02 nan 2.051106400000000000e+07 1.807791521446297338e+02
2.040518820285797119e-01 1.379390656948089600e-01 1.930211465507478933e-09 2.087135200000000000e+07 2.058510400000000000e+07 1.140764999389648438e+02 1.074850158691406250e+02 nan 2.082761800000000000e+07 1.718932511547293700e+02
2.094363868236541748e-01 1.415790021419525146e-01 1.928452677645768952e-09 2.111514800000000000e+07 2.080661200000000000e+07 1.095347442626953125e+02 1.032058029174804688e+02 nan 2.106801000000000000e+07 1.625606502700593410e+02
2.148208767175674438e-01 1.452189087867736816e-01 1.926740094380007882e-09 2.131387400000000000e+07 2.097892400000000000e+07 1.050732574462890625e+02 9.900222015380859375e+01 nan 2.126270200000000000e+07 1.533533096052444762e+02
2.202053815126419067e-01 1.488588303327560425e-01 1.925071368159055733e-09 2.150437800000000000e+07 2.114475600000000000e+07 1.008745651245117188e+02 9.504621887207031250e+01 nan 2.144943600000000000e+07 1.448076661129191791e+02
2.255898863077163696e-01 1.524987667798995972e-01 1.923444343781293656e-09 2.172265400000000000e+07 2.134508200000000000e+07 9.708172607421875000e+01 9.147257232666015625e+01 nan 2.166497200000000000e+07 1.373159956979337153e+02
2.309743911027908325e-01 1.561386883258819580e-01 1.921857033120720865e-09 2.199357800000000000e+07 2.160766400000000000e+07 9.376068115234375000e+01 8.834342193603515625e+01 nan 2.193462000000000000e+07 1.310376116800012198e+02
2.363588809967041016e-01 1.597786098718643188e-01 1.920307567935778733e-09 2.232388400000000000e+07 2.193938800000000000e+07 9.088705444335937500e+01 8.563578796386718750e+01 nan 2.226514200000000000e+07 1.258835827454096261e+02
2.417433857917785645e-01 1.634185314178466797e-01 1.918794213956308179e-09 2.270346200000000000e+07 2.232776600000000000e+07 8.837060546875000000e+01 8.326467895507812500e+01 nan 2.264606600000000000e+07 1.215971329620813322e+02
2.471278905868530273e-01 1.670584529638290405e-01 1.917315352832477265e-09 2.311026000000000000e+07 2.274667000000000000e+07 8.608843994140625000e+01 8.111429595947265625e+01 nan 2.305471200000000000e+07 1.178453758168418943e+02
2.525123953819274902e-01 1.706983745098114014e-01 1.915869472055197894e-09 2.351439400000000000e+07 2.316164000000000000e+07 8.390817260742187500e+01 7.905994415283203125e+01 nan 2.346050200000000000e+07 1.142773167518382422e+02
2.578969001770019531e-01 1.743383109569549561e-01 1.914455150219987163e-09 2.388531600000000000e+07 2.353829600000000000e+07 8.171622467041015625e+01 7.699461364746093750e+01 nan 2.383229800000000000e+07 1.105969973897090739e+02
2.632813751697540283e-01 1.779782027006149292e-01 1.913071083197014340e-09 2.420321600000000000e+07 2.385466800000000000e+07 7.945314025878906250e+01 7.486228179931640625e+01 nan 2.414996600000000000e+07 1.066575248458237439e+02
2.686658799648284912e-01 1.816181391477584839e-01 1.911715991580206360e-09 2.446573000000000000e+07 2.410832000000000000e+07 7.712519073486328125e+01 7.266886138916015625e+01 nan 2.441112600000000000e+07 1.024888875002816633e+02
2.740503847599029541e-01 1.852580606937408447e-01 1.910388727493893778e-09 2.468392000000000000e+07 2.431213200000000000e+07 7.477970123291015625e+01 7.045893096923828125e+01 nan 2.462711800000000000e+07 9.822756426838354571e+01
2.794348895549774170e-01 1.888979822397232056e-01 1.909088184011114833e-09 2.487492400000000000e+07 2.448632000000000000e+07 7.247541046142578125e+01 6.828781890869140625e+01 nan 2.481555800000000000e+07 9.403342608086578025e+01
2.848193943500518799e-01 1.925379037857055664e-01 1.907813323590368924e-09 2.505896800000000000e+07 2.465453600000000000e+07 7.027117919921875000e+01 6.621099090576171875e+01 nan 2.499718000000000000e+07 9.005922941511802549e+01
2.902038991451263428e-01 1.961778402328491211e-01 1.906563162582237113e-09 2.525757200000000000e+07 2.484115600000000000e+07 6.822029113769531250e+01 6.427862548828125000e+01 nan 2.519395600000000000e+07 8.643690491871673487e+01
2.955884039402008057e-01 1.998177617788314819e-01 1.905336787226579552e-09 2.548722200000000000e+07 2.506429000000000000e+07 6.635424804687500000e+01 6.252040100097656250e+01 nan 2.542260800000000000e+07 8.323945184994992985e+01
3.009728789329528809e-01 2.034576684236526489e-01 1.904133323856378078e-09 2.575230400000000000e+07 2.532841800000000000e+07 6.466840362548828125e+01 6.093195343017578125e+01 nan 2.568754400000000000e+07 8.044925898310832224e+01
3.063573837280273438e-01 2.070975899696350098e-01 1.902951936232507350e-09 2.604505800000000000e+07 2.562447000000000000e+07 6.312799072265625000e+01 5.948051834106445312e+01 nan 2.598080200000000000e+07 7.797726576891355421e+01
3.117418885231018066e-01 2.107375115156173706e-01 1.901791846628511990e-09 2.635164400000000000e+07 2.593638000000000000e+07 6.168772506713867188e+01 5.812344360351562500e+01 nan 2.628820000000000000e+07 7.571249557693464283e+01
3.171263933181762695e-01 2.143774479627609253e-01 1.900652308391623192e-09 2.665705000000000000e+07 2.624663800000000000e+07 6.030518341064453125e+01 5.682075881958007812e+01 nan 2.659434600000000000e+07 7.355364105260299823e+01
3.225108981132507324e-01 2.180173695087432861e-01 1.899532626729035332e-09 2.694670000000000000e+07 2.653857600000000000e+07 5.894432449340820312e+01 5.553851699829101562e+01 nan 2.688434600000000000e+07 7.141662531188161722e+01
3.278954029083251953e-01 2.216572910547256470e-01 1.898432128189829179e-09 2.720888400000000000e+07 2.679924800000000000e+07 5.757999420166015625e+01 5.425301742553710938e+01 nan 2.714630200000000000e+07 6.924448446615103592e+01
3.332799077033996582e-01 2.252972126007080078e-01 1.897350177081271127e-09 2.743914000000000000e+07 2.702406000000000000e+07 5.620545196533203125e+01 5.295789718627929688e+01 nan 2.737572200000000000e+07 6.702482604134806365e+01
3.386643826961517334e-01 2.289371192455291748e-01 1.896286172945125672e-09 2.764225200000000000e+07 2.721867200000000000e+07 5.483354949951171875e+01 5.166527938842773438e+01 nan 2.757754000000000000e+07 6.479131363565227275e+01
3.440488874912261963e-01 2.325770407915115356e-01 1.895239531240720810e-09 2.782911400000000000e+07 2.739551800000000000e+07 5.348753356933593750e+01 5.039704895019531250e+01 nan 2.776286800000000000e+07 6.260038245467628570e+01
3.494333922863006592e-01 2.362169772386550903e-01 1.894209703480833635e-09 2.801148200000000000e+07 2.756813200000000000e+07 5.218949508666992188e+01 4.917403030395507812e+01 nan 2.794374800000000000e+07 6.050365496814844590e+01
3.548178970813751221e-01 2.398568987846374512e-01 1.893196174858241155e-09 2.819922400000000000e+07 2.774789600000000000e+07 5.095529937744140625e+01 4.801114654541015625e+01 nan 2.813026800000000000e+07 5.853666864097934308e+01
3.602024018764495850e-01 2.434968203306198120e-01 1.892198441798694543e-09 2.839973600000000000e+07 2.794311400000000000e+07 4.979424285888671875e+01 4.691718673706054688e+01 nan 2.832997600000000000e+07 5.671919679794275027e+01
3.655869066715240479e-01 2.471367418766021729e-01 1.891216027459402332e-09 2.861674600000000000e+07 2.815768400000000000e+07 4.870793914794921875e+01 4.589363861083984375e+01 nan 2.854660800000000000e+07 5.505342517900388088e+01
3.709714114665985107e-01 2.507766783237457275e-01 1.890248472221847833e-09 2.884857600000000000e+07 2.838938200000000000e+07 4.768846130371093750e+01 4.493305587768554688e+01 nan 2.877842000000000000e+07 5.352058992269986959e+01
3.763558864593505859e-01 2.544165849685668945e-01 1.889295352117686434e-09 2.908860800000000000e+07 2.863054400000000000e+07 4.672050094604492188e+01 4.402102279663085938e+01 nan 2.901862800000000000e+07 5.208637745033101396e+01
3.817403912544250488e-01 2.580564916133880615e-01 1.888356242191734645e-09 2.932847600000000000e+07 2.887158000000000000e+07 4.578754425048828125e+01 4.314196014404296875e+01 nan 2.925867400000000000e+07 5.071463225137379283e+01
3.871248960494995117e-01 2.616964280605316162e-01 1.887430735669950155e-09 2.956098600000000000e+07 2.910422000000000000e+07 4.487659072875976562e+01 4.228363418579101562e+01 nan 2.949120000000000000e+07 4.937762330210676964e+01
3.925094008445739746e-01 2.653363645076751709e-01 1.886518457772270655e-09 2.978088800000000000e+07 2.932252800000000000e+07 4.397896194458007812e+01 4.143786621093750000e+01 nan 2.971086200000000000e+07 4.805744978576305471e+01
3.978939056396484375e-01 2.689762711524963379e-01 1.885619049100158659e-09 2.998520400000000000e+07 2.952334400000000000e+07 4.309024810791015625e+01 4.060050582885742188e+01 nan 2.991464400000000000e+07 4.674559974856677513e+01
4.032784104347229004e-01 2.726162075996398926e-01 1.884732143174389957e-09 3.017453200000000000e+07 2.970758600000000000e+07 4.221161270141601562e+01 3.977264404296875000e+01 nan 3.010319200000000000e+07 4.544545867191938271e+01
4.086629152297973633e-01 2.762561440467834473e-01 1.883857409814700777e-09 3.035345000000000000e+07 2.988050600000000000e+07 4.134959793090820312e+01 3.896044158935546875e+01 nan 3.028119400000000000e+07 4.417158130046999531e+01
4.140473902225494385e-01 2.798960208892822266e-01 1.882994538868699288e-09 3.052817000000000000e+07 3.004914200000000000e+07 4.051225280761718750e+01 3.817148208618164062e+01 nan 3.045498200000000000e+07 4.294129302519363733e+01
4.194318950176239014e-01 2.835359573364257812e-01 1.882143190604211824e-09 3.070366400000000000e+07 3.021921000000000000e+07 3.970515060424804688e+01 3.741101074218750000e+01 nan 3.062965000000000000e+07 4.176604661126348361e+01
4.248163998126983643e-01 2.871758937835693359e-01 1.881303079826970542e-09 3.088305200000000000e+07 3.039434200000000000e+07 3.893085479736328125e+01 3.668145751953125000e+01 nan 3.080838600000000000e+07 4.065088309517511078e+01
4.302009046077728271e-01 2.908158004283905029e-01 1.880473925305205483e-09 3.106850200000000000e+07 3.057686800000000000e+07 3.819038391113281250e+01 3.598377227783203125e+01 nan 3.099339200000000000e+07 3.959758304650610228e+01
4.355854094028472900e-01 2.944557368755340576e-01 1.879655436356054805e-09 3.126068600000000000e+07 3.076730400000000000e+07 3.748273468017578125e+01 3.531700897216796875e+01 nan 3.118531000000000000e+07 3.860378896439367935e+01
4.409699141979217529e-01 2.980956733226776123e-01 1.878847353036435648e-09 3.145743800000000000e+07 3.096305200000000000e+07 3.680354309082031250e+01 3.467705535888671875e+01 nan 3.138190200000000000e+07 3.766047411844103010e+01
4.463544189929962158e-01 3.017355799674987793e-01 1.878049424887222573e-09 3.165445800000000000e+07 3.115928200000000000e+07 3.614636611938476562e+01 3.405784988403320312e+01 nan 3.157880600000000000e+07 3.675462456443373327e+01
4.517388939857482910e-01 3.053754866123199463e-01 1.877261397654174740e-09 3.184796800000000000e+07 3.135169400000000000e+07 3.550589752197265625e+01 3.345438385009765625e+01 nan 3.177215000000000000e+07 3.587569806146408524e+01
4.571233987808227539e-01 3.090154230594635010e-01 1.876483026309890802e-09 3.203589200000000000e+07 3.153785200000000000e+07 3.487918090820312500e+01 3.286387252807617188e+01 nan 3.195980400000000000e+07 3.501809339214172923e+01
4.625079035758972168e-01 3.126553297042846680e-01 1.875714093387305177e-09 3.221708200000000000e+07 3.171644400000000000e+07 3.426451873779296875e+01 3.228473281860351562e+01 nan 3.214059600000000000e+07 3.417875286469447360e+01
4.678924083709716797e-01 3.162952661514282227e-01 1.874954364165268396e-09 3.239084600000000000e+07 3.188685800000000000e+07 3.366089248657226562e+01 3.171598052978515625e+01 nan 3.231385000000000000e+07 3.335584637058850888e+01
4.732769131660461426e-01 3.199352025985717773e-01 1.874203630559428286e-09 3.255792000000000000e+07 3.205006800000000000e+07 3.306880950927734375e+01 3.115810966491699219e+01 nan 3.248033000000000000e+07 3.255057548152443303e+01
4.786614179611206055e-01 3.235751092433929443e-01 1.873461691551420399e-09 3.272095000000000000e+07 3.220907200000000000e+07 3.249064254760742188e+01 3.061335372924804688e+01 nan 3.264274800000000000e+07 3.176771567356580661e+01
4.840458929538726807e-01 3.272150158882141113e-01 1.872728340933758753e-09 3.288312000000000000e+07 3.236740400000000000e+07 3.192907714843750000e+01 3.008423423767089844e+01 nan 3.280432800000000000e+07 3.101243829578832845e+01
4.894303977489471436e-01 3.308549523353576660e-01 1.872003379495005729e-09 3.304633000000000000e+07 3.252721000000000000e+07 3.138527679443359375e+01 2.957185745239257812e+01 nan 3.296702000000000000e+07 3.028690517538413474e+01
4.948149025440216064e-01 3.344948589801788330e-01 1.871286632213937058e-09 3.321101200000000000e+07 3.268905800000000000e+07 3.085891914367675781e+01 2.907590866088867188e+01 nan 3.313127000000000000e+07 2.959040573471356694e+01
5.001994371414184570e-01 3.381348252296447754e-01 1.870577900826693527e-09 3.337725200000000000e+07 3.285301400000000000e+07 3.034932518005371094e+01 2.859576034545898438e+01 nan 3.329715800000000000e+07 2.892157460634839694e+01
5.055838823318481445e-01 3.417747020721435547e-01 1.869877039368293133e-09 3.354501600000000000e+07 3.301890400000000000e+07 2.985575294494628906e+01 2.813070487976074219e+01 nan 3.346463600000000000e+07 2.827899756673824072e+01
5.109683871269226074e-01 3.454146385192871094e-01 1.869183849789121820e-09 3.371352000000000000e+07 3.318573200000000000e+07 2.937680244445800781e+01 2.767942810058593750e+01 nan 3.363288800000000000e+07 2.766003379690587494e+01
5.163528919219970703e-01 3.490545451641082764e-01 1.868498185335105332e-09 3.388082000000000000e+07 3.335132000000000000e+07 2.891020393371582031e+01 2.723978614807128906e+01 nan 3.379992800000000000e+07 2.706046800226211957e+01
5.217373967170715332e-01 3.526944816112518311e-01 1.867819876059786520e-09 3.404502800000000000e+07 3.351361600000000000e+07 2.845388412475585938e+01 2.680983161926269531e+01 nan 3.396384000000000000e+07 2.647653260974557554e+01
5.271219015121459961e-01 3.563344180583953857e-01 1.867148773833358248e-09 3.420548000000000000e+07 3.367184000000000000e+07 2.800696182250976562e+01 2.638873291015625000e+01 nan 3.412395600000000000e+07 2.590667863046167341e+01
5.325064063072204590e-01 3.599743247032165527e-01 1.866484735032350672e-09 3.436252800000000000e+07 3.382633600000000000e+07 2.756942176818847656e+01 2.597647285461425781e+01 nan 3.428061200000000000e+07 2.535098379118504042e+01
5.378909111022949219e-01 3.636142611503601074e-01 1.865827604301946768e-09 3.451648400000000000e+07 3.397749200000000000e+07 2.714122772216796875e+01 2.557302284240722656e+01 nan 3.443414000000000000e+07 2.480941960136236446e+01
5.432754158973693848e-01 3.672541677951812744e-01 1.865177252290424566e-09 3.466750400000000000e+07 3.412558800000000000e+07 2.672222518920898438e+01 2.517823028564453125e+01 nan 3.458470800000000000e+07 2.428173457470596475e+01
5.486599206924438477e-01 3.708941042423248291e-01 1.864533532427482462e-09 3.481644000000000000e+07 3.427162000000000000e+07 2.631278991699218750e+01 2.479245376586914062e+01 nan 3.473320000000000000e+07 2.376860909947193790e+01
5.540444254875183105e-01 3.745340406894683838e-01 1.863896318172137942e-09 3.496477600000000000e+07 3.441720000000000000e+07 2.591371726989746094e+01 2.441643714904785156e+01 nan 3.488112000000000000e+07 2.327148156411618629e+01
5.594289302825927734e-01 3.781739473342895508e-01 1.863265486641235488e-09 3.511346000000000000e+07 3.456334800000000000e+07 2.552534103393554688e+01 2.405050086975097656e+01 nan 3.502941600000000000e+07 2.279092330486096785e+01
5.648134350776672363e-01 3.818138837814331055e-01 1.862640903204479876e-09 3.526232000000000000e+07 3.470990000000000000e+07 2.514713859558105469e+01 2.369415283203125000e+01 nan 3.517792000000000000e+07 2.232597119372154637e+01
5.701979398727416992e-01 3.854538202285766602e-01 1.862022452330667509e-09 3.541078800000000000e+07 3.485627200000000000e+07 2.477836418151855469e+01 2.334668159484863281e+01 nan 3.532607600000000000e+07 2.187528555043781608e+01
5.755824446678161621e-01 3.890937268733978271e-01 1.861410021730888845e-09 3.555883200000000000e+07 3.500234800000000000e+07 2.441863632202148438e+01 2.300774002075195312e+01 nan 3.547381600000000000e+07 2.143823279682500171e+01
5.809668898582458496e-01 3.927336037158966064e-01 1.860803497296447543e-09 3.570642000000000000e+07 3.514800400000000000e+07 2.406762313842773438e+01 2.267700576782226562e+01 nan 3.562110400000000000e+07 2.101423438292754042e+01
5.863513946533203125e-01 3.963735401630401611e-01 1.860202753428811389e-09 3.585286000000000000e+07 3.529248000000000000e+07 2.372456169128417969e+01 2.235376548767089844e+01 nan 3.576724800000000000e+07 2.060196050238156573e+01
5.917358994483947754e-01 4.000134766101837158e-01 1.859607692406273365e-09 3.599717200000000000e+07 3.543474000000000000e+07 2.338854980468750000e+01 2.203717041015625000e+01 nan 3.591124400000000000e+07 2.019988513987934553e+01
5.971204042434692383e-01 4.036533832550048828e-01 1.859018214291441706e-09 3.613914400000000000e+07 3.557452800000000000e+07 2.305923271179199219e+01 2.172688102722167969e+01 nan 3.605288400000000000e+07 1.980743740550775556e+01
6.025049090385437012e-01 4.072933197021484375e-01 1.858434207544148841e-09 3.627931600000000000e+07 3.571242800000000000e+07 2.273676109313964844e+01 2.142304039001464844e+01 nan 3.619271200000000000e+07 1.942487523444757258e+01
6.078894138336181641e-01 4.109332561492919922e-01 1.857855577876460681e-09 3.641806400000000000e+07 3.584882800000000000e+07 2.242115783691406250e+01 2.112567329406738281e+01 nan 3.633109600000000000e+07 1.905225980710140021e+01
6.132739186286926270e-01 4.145731627941131592e-01 1.857282233477322155e-09 3.655526800000000000e+07 3.598367600000000000e+07 2.211214447021484375e+01 2.083451843261718750e+01 nan 3.646794000000000000e+07 1.868912664489462117e+01
6.186584234237670898e-01 4.182130992412567139e-01 1.856714071034082293e-09 3.669106000000000000e+07 3.611714000000000000e+07 2.180960845947265625e+01 2.054945945739746094e+01 nan 3.660337200000000000e+07 1.833526890274481858e+01
6.240429282188415527e-01 4.218530058860778809e-01 1.856151008397507339e-09 3.682611200000000000e+07 3.624995600000000000e+07 2.151375389099121094e+01 2.027070045471191406e+01 nan 3.673808800000000000e+07 1.799104174911288823e+01
6.294274330139160156e-01 4.254929423332214355e-01 1.855592947277603754e-09 3.696100000000000000e+07 3.638270000000000000e+07 2.122470283508300781e+01 1.999834632873535156e+01 nan 3.687264800000000000e+07 1.765662384678100594e+01
6.556535363197326660e-01 4.432217776775360107e-01 1.852943630635520644e-09 3.760791600000000000e+07 3.702004400000000000e+07 1.990309715270996094e+01 1.875310707092285156e+01 nan 3.751810400000000000e+07 1.614998776444617334e+01
8.039034605026245117e-01 5.434387326240539551e-01 1.839770603253567837e-09 4.086387600000000000e+07 4.022524800000000000e+07 1.438541316986083984e+01 1.355423164367675781e+01 nan 4.076631200000000000e+07 1.027083357666191255e+01
9.932619333267211914e-01 6.714450716972351074e-01 1.826201010048688587e-09 4.430382000000000000e+07 4.361163200000000000e+07 1.021655559539794922e+01 9.626247406005859375e+00 nan 4.419807200000000000e+07 6.353517368336021320e+00
1.227223634719848633e+00 8.296031951904296875e-01 1.812731498599941669e-09 4.779802800000000000e+07 4.705143600000000000e+07 7.220276355743408203e+00 6.803091526031494141e+00 nan 4.768396000000000000e+07 3.891856514484352658e+00
1.516294717788696289e+00 1.025015234947204590e+00 1.799361337301671755e-09 5.133937200000000000e+07 5.053762800000000000e+07 5.080131053924560547e+00 4.786602497100830078e+00 nan 5.121688400000000000e+07 2.362888316413932710e+00
1.873456120491027832e+00 1.266456365585327148e+00 1.786089789356977996e-09 5.492071600000000000e+07 5.406318000000000000e+07 3.559925794601440430e+00 3.354234695434570312e+00 nan 5.478970400000000000e+07 1.423048269499280760e+00
2.314746379852294922e+00 1.564768552780151367e+00 1.772916133006574509e-09 5.853662400000000000e+07 5.762274400000000000e+07 2.485495090484619141e+00 2.341883659362792969e+00 nan 5.839700800000000000e+07 8.507616419974840527e-01
2.859982252120971680e+00 1.933347940444946289e+00 1.759839636962373426e-09 6.218222400000000000e+07 6.121151200000000000e+07 1.729545235633850098e+00 1.629612207412719727e+00 nan 6.203392000000000000e+07 5.052312813816463022e-01
3.533647537231445312e+00 2.388745784759521484e+00 1.746859588797865175e-09 6.585314400000000000e+07 6.482517600000000000e+07 1.199838161468505859e+00 1.130511403083801270e+00 nan 6.569609200000000000e+07 2.982056820840139899e-01
4.365993976593017578e+00 2.951411962509155273e+00 1.733975279535418463e-09 6.954566400000000000e+07 6.846005600000000000e+07 8.300356864929199219e-01 7.820758819580078125e-01 nan 6.937980800000000000e+07 1.750282761812163301e-01
5.394398689270019531e+00 3.646613597869873047e+00 1.721185999058096773e-09 7.325678400000000000e+07 7.211317600000000000e+07 5.727370977401733398e-01 5.396438241004943848e-01 nan 7.308206400000000000e+07 1.022042451934004753e-01
6.665042877197265625e+00 4.505568981170654297e+00 1.708491050912268841e-09 7.698328800000000000e+07 7.578132000000000000e+07 3.942619562149047852e-01 3.714808225631713867e-01 nan 7.679964800000000000e+07 5.939793360395673183e-02
8.234986305236816406e+00 5.566850662231445312e+00 1.695889732548296616e-09 8.072314400000000000e+07 7.946244800000000000e+07 2.708119451999664307e-01 2.551636397838592529e-01 nan 8.053054400000000000e+07 3.437001829972995137e-02
1.017472743988037109e+01 6.878115653991699219e+00 1.683381361073609185e-09 8.447388800000000000e+07 8.315400000000000000e+07 1.856410652399063110e-01 1.749138385057449341e-01 nan 8.427224800000000000e+07 1.980768591106506563e-02
1.257137203216552734e+01 8.498247146606445312e+00 1.670965250288532184e-09 8.823339200000000000e+07 8.685371200000000000e+07 1.270185708999633789e-01 1.196784675121307373e-01 nan 8.802260800000000000e+07 1.137260661022583205e-02
1.553254413604736328e+01 1.050000000000000000e+01 1.658640709094829109e-09 9.199973600000000000e+07 9.055943200000000000e+07 8.675702661275863647e-02 8.174318820238113403e-02 nan 9.177969600000000000e+07 6.506871831288436533e-03
