# k/h [h/Mpc]            k [1/Mpc]              Primoridal             T_cdm(k)                 T_bar(k)                 T_phot(k)                T_massless neutrions(k)  T_massive neutrinos(k)   T_total(k)               Linear Pk [(Mpc/h)^3]  
1.049045658874092624e-05 7.091548468451946974e-06 2.727206404909961128e-09 1.000000000000000000e+00 1.000000000000000000e+00 1.000000000000000000e+00 1.000000000000000000e+00 nan 1.000000000000000000e+00 1.303806904838087810e+01
1.158353370556142181e-05 7.830468348402064294e-06 2.717761705682844603e-09 1.219251275062561035e+00 1.219251275062561035e+00 1.219182848930358887e+00 1.219180941581726074e+00 nan 1.219251275062561035e+00 1.434673538554076622e+01
1.279050593439023942e-05 8.646382411825470626e-06 2.708349706436794825e-09 1.486573815345764160e+00 1.486573815345764160e+00 1.486388444900512695e+00 1.486383676528930664e+00 nan 1.486573815345764160e+00 1.578675424819406992e+01
1.412324218108551577e-05 9.547311492497101426e-06 2.698970312856197758e-09 1.812506556510925293e+00 1.812506556510925293e+00 1.812129735946655273e+00 1.812119483947753906e+00 nan 1.812506556510925293e+00 1.737130988693984790e+01
1.559484553581569344e-05 1.054211588780162856e-05 2.689623392481895528e-09 2.209900856018066406e+00 2.209900617599487305e+00 2.209216594696044922e+00 2.209197998046875000e+00 nan 2.209900856018066406e+00 1.911490645682421885e+01
1.721978514979127795e-05 1.164057448477251455e-05 2.680308856040028027e-09 2.694422960281372070e+00 2.694422721862792969e+00 2.693254947662353516e+00 2.693222999572753906e+00 nan 2.694422960281372070e+00 2.103350751251770490e+01
1.901403993542771786e-05 1.285349117097212002e-05 2.671026563908324178e-09 3.285177707672119141e+00 3.285177469253540039e+00 3.283257246017456055e+00 3.283204555511474609e+00 nan 3.285177469253540039e+00 2.314467999230698680e+01
2.099525045196060091e-05 1.419278942194068804e-05 2.661776424936157355e-09 4.005455017089843750e+00 4.005454063415527344e+00 4.002375125885009766e+00 4.002290248870849609e+00 nan 4.005454063415527344e+00 2.546774813983217456e+01
2.318289807590190321e-05 1.567163963045459241e-05 2.652558315858844083e-09 4.883652210235595703e+00 4.883651733398437500e+00 4.878801345825195312e+00 4.878667354583740234e+00 nan 4.883652210235595703e+00 2.802396555763609243e+01
2.559849235694855452e-05 1.730458097881637514e-05 2.643372135990062650e-09 5.954392910003662109e+00 5.954392433166503906e+00 5.946848869323730469e+00 5.946640968322753906e+00 nan 5.954392433166503906e+00 3.083674518381251417e+01
2.826578383974265307e-05 1.910767059598583728e-05 2.634217767634683471e-09 7.259891986846923828e+00 7.259891033172607422e+00 7.248271942138671875e+00 7.247951507568359375e+00 nan 7.259891986846923828e+00 3.393182564678287605e+01
3.121100235148333013e-05 2.109863817167934030e-05 2.625095097817206075e-09 8.851618766784667969e+00 8.851616859436035156e+00 8.833851814270019531e+00 8.833360671997070312e+00 nan 8.851617813110351562e+00 3.733753941932563691e+01
3.446310074650682509e-05 2.329705603187903762e-05 2.616004033478672110e-09 1.079232311248779297e+01 1.079232025146484375e+01 1.076531410217285156e+01 1.076456737518310547e+01 nan 1.079232311248779297e+01 4.108503412932582677e+01
3.805406231549568474e-05 2.572454650362487882e-05 2.606944439452153756e-09 1.315852165222167969e+01 1.315851688385009766e+01 1.311764717102050781e+01 1.311651515960693359e+01 nan 1.315852165222167969e+01 4.520862394596027656e+01
4.201919000479392707e-05 2.840497290890198201e-05 2.597916226597658093e-09 1.604349517822265625e+01 1.604348754882812500e+01 1.598185062408447266e+01 1.598014736175537109e+01 nan 1.604349327087402344e+01 4.974602764112764675e+01
4.639747567125596106e-05 3.136469240416772664e-05 2.588919279439887767e-09 1.956097412109375000e+01 1.956096458435058594e+01 1.946828269958496094e+01 1.946572113037109375e+01 nan 1.956097412109375000e+01 5.473875186084053013e+01
5.123196388012729585e-05 3.463280881987884641e-05 2.579953483847589841e-09 2.384962844848632812e+01 2.384961318969726562e+01 2.371057510375976562e+01 2.370673179626464844e+01 nan 2.384962844848632812e+01 6.023244049320955185e+01
5.657019573845900595e-05 3.824145096587017179e-05 2.571018745591721348e-09 2.907851791381835938e+01 2.907849502563476562e+01 2.887030982971191406e+01 2.886455917358398438e+01 nan 2.907851409912109375e+01 6.627736460547592401e+01
6.246465636650100350e-05 4.222610732540488243e-05 2.562114941593048984e-09 3.545376968383789062e+01 3.545373535156250000e+01 3.514251708984375000e+01 3.513392257690429688e+01 nan 3.545376586914062500e+01 7.292875710720451821e+01
6.897329876665025949e-05 4.662595165427774191e-05 2.553241977543412439e-09 4.322666931152343750e+01 4.322661972045898438e+01 4.276200103759765625e+01 4.274917221069335938e+01 nan 4.322666168212890625e+01 8.024738933506695560e+01
7.616012590005993843e-05 5.148424679646268487e-05 2.544399743325443185e-09 5.270360183715820312e+01 5.270352935791015625e+01 5.201070022583007812e+01 5.199158096313476562e+01 nan 5.270358657836914062e+01 8.830013046383903941e+01
8.409580186707898974e-05 5.684876305167563260e-05 2.535588130685252624e-09 6.425807189941406250e+01 6.425796508789062500e+01 6.322591018676757812e+01 6.319745254516601562e+01 nan 6.425806427001953125e+01 9.716045572358878246e+01
9.285835403716191649e-05 6.277224747464060783e-05 2.526807033334104165e-09 7.834546661376953125e+01 7.834530639648437500e+01 7.680937194824218750e+01 7.676706695556640625e+01 nan 7.834545135498046875e+01 1.069092552927222641e+02
1.025339443003758788e-04 6.931294774403795600e-05 2.518056339675267213e-09 9.552092742919921875e+01 9.552067565917968750e+01 9.323690032958984375e+01 9.317408752441406250e+01 nan 9.552088928222656250e+01 1.176353686824947999e+02
1.132176985265687108e-04 7.653516513528302312e-05 2.509335958204897443e-09 1.164611968994140625e+02 1.164608306884765625e+02 1.130680923461914062e+02 1.129748916625976562e+02 nan 1.164611434936523438e+02 1.294364866958151765e+02
1.250146742677316070e-04 8.450992027064785361e-05 2.500645773867358897e-09 1.419912719726562500e+02 1.419907073974609375e+02 1.369550933837890625e+02 1.368169860839843750e+02 nan 1.419911804199218750e+02 1.424199662671195199e+02
1.380408502882346511e-04 9.331561159342527390e-05 2.491985695624705562e-09 1.731167449951171875e+02 1.731159515380859375e+02 1.656490783691406250e+02 1.654447479248046875e+02 nan 1.731166381835937500e+02 1.567037290264273395e+02
1.524243270978331566e-04 1.030388448270969093e-04 2.483355596498544299e-09 2.110635528564453125e+02 2.110623626708984375e+02 2.000021820068359375e+02 1.997003326416015625e+02 nan 2.110633850097656250e+02 1.724173706742460013e+02
1.683065347606316209e-04 1.137752187787555158e-04 2.474755379885282393e-09 2.573258056640625000e+02 2.573240356445312500e+02 2.409610137939453125e+02 2.405158691406250000e+02 nan 2.573255310058593750e+02 1.897030831900530643e+02
1.858436153270304203e-04 1.256302784895524383e-04 2.466184957973141175e-09 3.137243041992187500e+02 3.137216796875000000e+02 2.895469360351562500e+02 2.888919067382812500e+02 nan 3.137238769531250000e+02 2.087168646143801425e+02
2.052080089924857020e-04 1.387206139042973518e-04 2.457644209414643305e-09 3.824784240722656250e+02 3.824745178222656250e+02 3.468168029785156250e+02 3.458553161621093750e+02 nan 3.824778442382812500e+02 2.296298872877770521e+02
2.265901130158454180e-04 1.531749148853123188e-04 2.449133045395065615e-09 4.662922668457031250e+02 4.662865600585937500e+02 4.137925415039062500e+02 4.123855285644531250e+02 nan 4.662913818359375000e+02 2.526296865586190563e+02
2.502001880202442408e-04 1.691353245405480266e-04 2.440651351248999153e-09 5.684606933593750000e+02 5.684523315429687500e+02 4.913501586914062500e+02 4.892986450195312500e+02 nan 5.684594116210937500e+02 2.779215662137551135e+02
2.762703516054898500e-04 1.867587561719119549e-04 2.432199034655000626e-09 6.929976196289062500e+02 6.929851684570312500e+02 5.800510253906250000e+02 5.770728759765625000e+02 nan 6.929957275390625000e+02 3.057300882673357592e+02
3.050569503102451563e-04 2.062184939859434962e-04 2.423775992290330563e-09 8.447918701171875000e+02 8.447736206054687500e+02 6.799025268554687500e+02 6.756026000976562500e+02 nan 8.447891845703125000e+02 3.363005897797716557e+02
3.368430479895323515e-04 2.277058956678956747e-04 2.415382114947829304e-09 1.029797485351562500e+03 1.029770751953125000e+03 7.900363769531250000e+02 7.838685302734375000e+02 nan 1.029793457031250000e+03 3.699007707067098636e+02
3.719411906786262989e-04 2.514322404749691486e-04 2.407017301830847028e-09 1.255263427734375000e+03 1.255224121093750000e+03 9.083037719726562500e+02 8.995270996093750000e+02 nan 1.255257446289062500e+03 4.068220864208540206e+02
4.106964333914220333e-04 2.776307810563594103e-04 2.398681465071051552e-09 1.530011474609375000e+03 1.529954101562500000e+03 1.030815795898437500e+03 1.018448120117187500e+03 nan 1.530002563476562500e+03 4.473811030951744669e+02
4.534898616839200258e-04 3.065591445192694664e-04 2.390374494355455649e-09 1.864777221679687500e+03 1.864694335937500000e+03 1.151505249023437500e+03 1.134284301757812500e+03 nan 1.864764648437500000e+03 4.919212524367454193e+02
5.007422878406941891e-04 3.385017917025834322e-04 2.382096284987275655e-09 2.272618408203125000e+03 2.272498535156250000e+03 1.261860229492187500e+03 1.238229858398437500e+03 nan 2.272600341796875000e+03 5.408140344447298276e+02
5.529182380996644497e-04 3.737727238330990076e-04 2.373846756225058361e-09 2.769408447265625000e+03 2.769235839843750000e+03 1.351096435546875000e+03 1.319247192382812500e+03 nan 2.769381835937500000e+03 5.944597024567694916e+02
6.105307838879525661e-04 4.127188003621995449e-04 2.365625794166928840e-09 3.374437988281250000e+03 3.374191894531250000e+03 1.407150634765625000e+03 1.365156860351562500e+03 nan 3.374400634765625000e+03 6.532880823641271490e+02
6.741464603692293167e-04 4.557229985948652029e-04 2.357433293568910220e-09 4.111137695312500000e+03 4.110790039062500000e+03 1.418939819335937500e+03 1.365042480468750000e+03 nan 4.111084960937500000e+03 7.177597805574907852e+02
7.443906506523489952e-04 5.032080807723104954e-04 2.349269171114912410e-09 5.007943847656250000e+03 5.007457031250000000e+03 1.380193359375000000e+03 1.313265136718750000e+03 nan 5.007869140625000000e+03 7.883650703307466756e+02
8.219541050493717194e-04 5.556409596465528011e-04 2.341133324843220307e-09 6.099354492187500000e+03 6.098680664062500000e+03 1.294589843750000000e+03 1.214766235351562500e+03 nan 6.099251464843750000e+03 8.656248111496021238e+02
9.075994603335857391e-04 6.135372095741331577e-04 2.333025652639057309e-09 7.427187011718750000e+03 7.426265625000000000e+03 1.180629150390625000e+03 1.089975708007812500e+03 nan 7.427046386718750000e+03 9.500884020351329582e+02
1.002168864943087101e-03 6.774661596864461899e-04 2.324946049885245546e-09 9.042089843750000000e+03 9.040850585937500000e+03 1.072711181640625000e+03 9.756270141601562500e+02 nan 9.041899414062500000e+03 1.042332252568198328e+03
1.106592128053307533e-03 7.480562780983746052e-04 2.316894434325377400e-09 1.100535449218750000e+04 1.100371875000000000e+04 1.013195861816406250e+03 9.161031494140625000e+02 nan 1.100510449218750000e+04 1.142957312778906498e+03
1.221895916387438774e-03 8.260016329586505890e-04 2.308870708568745277e-09 1.339108886718750000e+04 1.338896582031250000e+04 1.031560546875000000e+03 9.415432739257812500e+02 nan 1.339076367187500000e+04 1.252584797730488617e+03
1.349214115180075169e-03 9.120687609538435936e-04 2.300874762407135126e-09 1.628878906250000000e+04 1.628608398437500000e+04 1.115472778320312500e+03 1.038141967773437500e+03 nan 1.628837597656250000e+04 1.371849212156507065e+03
1.489798538386821747e-03 1.007103826850652695e-03 2.292906509188567727e-09 1.980639062500000000e+04 1.980299414062500000e+04 1.195973388671875000e+03 1.133909545898437500e+03 nan 1.980587109375000000e+04 1.501387249580357320e+03
1.645031501539051533e-03 1.112041296437382698e-03 2.284965850418265676e-09 2.407386914062500000e+04 2.406966015625000000e+04 1.182227661132812500e+03 1.135714233398437500e+03 nan 2.407322460937500000e+04 1.641826323778068854e+03
1.816439209505915642e-03 1.227912958711385727e-03 2.277052691606405739e-09 2.924749804687500000e+04 2.924230468750000000e+04 1.054774536132812500e+03 1.024154785156250000e+03 nan 2.924670117187500000e+04 1.793767992323554381e+03
2.005707239732146263e-03 1.355858054012060165e-03 2.269166941709029953e-09 3.551480859375000000e+04 3.550837109375000000e+04 9.333997802734375000e+02 9.178616943359375000e+02 nan 3.551382031250000000e+04 1.957768262275448251e+03
2.214696491137146950e-03 1.497134799137711525e-03 2.261308494449764354e-09 4.310044921875000000e+04 4.309233984375000000e+04 9.657130737304687500e+02 8.979251708984375000e+02 nan 4.309920703125000000e+04 2.134318058421801197e+03
2.445461694151163101e-03 1.653132145293056965e-03 2.253477264686429142e-09 5.227289843750000000e+04 5.226247265625000000e+04 1.077639526367187500e+03 8.932409057617187500e+02 nan 5.227130078125000000e+04 2.323818115141644284e+03
2.700272016227245331e-03 1.825383864343166351e-03 2.245673160886940457e-09 6.335228125000000000e+04 6.333864453125000000e+04 1.035235839843750000e+03 8.879426879882812500e+02 nan 6.335020312500000000e+04 2.526544944597772883e+03
2.981632947921752930e-03 2.015583915635943413e-03 2.237896076485985185e-09 7.671933593750000000e+04 7.670128906250000000e+04 9.343837280273437500e+02 8.819714355468750000e+02 nan 7.671658593750000000e+04 2.742618964628810772e+03
3.292310982942581177e-03 2.225602278485894203e-03 2.230145925871712440e-09 9.282543750000000000e+04 9.280145312500000000e+04 1.021994262695312500e+03 8.752617797851562500e+02 nan 9.282178125000000000e+04 2.971961494977007533e+03
3.635360859334468842e-03 2.457503927871584892e-03 2.222422616889744185e-09 1.122040859375000000e+05 1.121721875000000000e+05 9.827427978515625000e+02 8.677583618164062500e+02 nan 1.121992265625000000e+05 3.214251598960921910e+03
4.014155361801385880e-03 2.713568974286317825e-03 2.214726058195065524e-09 1.354834843750000000e+05 1.354407500000000000e+05 9.090093994140625000e+02 8.593959350585937500e+02 nan 1.354769843750000000e+05 3.468875690359347573e+03
4.432419314980506897e-03 2.996315481141209602e-03 2.207056148657132701e-09 1.634004062500000000e+05 1.633424218750000000e+05 1.025619750976562500e+03 8.501056518554687500e+02 nan 1.633915312500000000e+05 3.734869805790902774e+03
4.894265439361333847e-03 3.308523446321487427e-03 2.199412800139309644e-09 1.968148281250000000e+05 1.967351875000000000e+05 8.913417358398437500e+02 8.398258056640625000e+02 nan 1.968026562500000000e+05 4.010866852056683001e+03
5.404234398156404495e-03 3.653262509033083916e-03 2.191795924301313793e-09 2.367255781250000000e+05 2.366155781250000000e+05 9.231206665039062500e+02 8.284866333007812500e+02 nan 2.367087812500000000e+05 4.295031063440878825e+03
5.967340432107448578e-03 4.033922217786312103e-03 2.184205430909534259e-09 2.842855000000000000e+05 2.841327812500000000e+05 8.712702636718750000e+02 8.160228271484375000e+02 nan 2.842621875000000000e+05 4.584994935663222350e+03
6.589121185243129730e-03 4.454245790839195251e-03 2.176641221197925960e-09 3.408160312500000000e+05 3.406024375000000000e+05 8.101820678710937500e+02 8.023660278320312500e+02 nan 3.407833750000000000e+05 4.877787359263439612e+03
7.275689393281936646e-03 4.918366204947233200e-03 2.169103203027300791e-09 4.078192500000000000e+05 4.075185937500000000e+05 8.658222045898437500e+02 7.874495239257812500e+02 nan 4.077733125000000000e+05 5.169774165490413907e+03
8.033796213567256927e-03 5.430846009403467178e-03 2.161591299930936394e-09 4.869853750000000000e+05 4.865608750000000000e+05 8.710214233398437500e+02 7.712073974609375000e+02 nan 4.869205000000000000e+05 5.456592110491316816e+03
8.870895951986312866e-03 5.996725521981716156e-03 2.154105401952956366e-09 5.801928750000000000e+05 5.795909375000000000e+05 7.993742065429687500e+02 7.535728149414062500e+02 nan 5.801008125000000000e+05 5.733075795154154548e+03
9.795218706130981445e-03 6.621567998081445694e-03 2.146645430474833453e-09 6.894981875000000000e+05 6.886434375000000000e+05 7.728511352539062500e+02 7.344810180664062500e+02 nan 6.893675625000000000e+05 5.993251335278240731e+03
1.081585418432950974e-02 7.311517372727394104e-03 2.139211293795359687e-09 8.171076875000000000e+05 8.158921250000000000e+05 8.295903930664062500e+02 7.138673706054687500e+02 nan 8.169219375000000000e+05 6.230289504848571596e+03
1.194283645600080490e-02 8.073357865214347839e-03 2.131802900090153706e-09 9.653273750000000000e+05 9.635994375000000000e+05 7.431240844726562500e+02 6.916714477539062500e+02 nan 9.650633750000000000e+05 6.436536079409139347e+03
1.318724639713764191e-02 8.914578706026077271e-03 2.124420174276236449e-09 1.136484500000000000e+06 1.134030875000000000e+06 7.267501831054687500e+02 6.678372192382812500e+02 nan 1.136109625000000000e+06 6.603641534860708816e+03
1.456132158637046814e-02 9.843453764915466309e-03 2.117063005254935590e-09 1.332810250000000000e+06 1.329336625000000000e+06 6.761637573242187500e+02 6.423204345703125000e+02 nan 1.332279750000000000e+06 6.722741486925770914e+03
1.607857085764408112e-02 1.086911372840404510e-02 2.109731324472420402e-09 1.556282625000000000e+06 1.551385375000000000e+06 6.128573608398437500e+02 6.150938110351562500e+02 nan 1.555534500000000000e+06 6.784849806821147467e+03
1.775391399860382080e-02 1.200164575129747391e-02 2.102425026951150955e-09 1.808432625000000000e+06 1.801568875000000000e+06 6.452927856445312500e+02 5.861610717773437500e+02 nan 1.807383875000000000e+06 6.781429459569596474e+03
1.960382424294948578e-02 1.325218472629785538e-02 2.095144031049849183e-09 2.090125500000000000e+06 2.080582000000000000e+06 5.945726318359375000e+02 5.555717773437500000e+02 nan 2.088667500000000000e+06 6.705245804057118221e+03
2.164648845791816711e-02 1.463302597403526306e-02 2.087888252770266929e-09 2.401369250000000000e+06 2.388235000000000000e+06 5.261043090820312500e+02 5.234444580078125000e+02 nan 2.399362500000000000e+06 6.551507744521675704e+03
2.390199340879917145e-02 1.615774817764759064e-02 2.080657597354892904e-09 2.741222750000000000e+06 2.723381000000000000e+06 4.867118530273437500e+02 4.899934997558593750e+02 nan 2.738497000000000000e+06 6.319246111808773094e+03
2.639251388609409332e-02 1.784133911132812500e-02 2.073451995948668221e-09 3.107946250000000000e+06 3.084103000000000000e+06 4.716994323730468750e+02 4.555594482421875000e+02 nan 3.104303250000000000e+06 6.012805887837012961e+03
2.914254181087017059e-02 1.970035769045352936e-02 2.066271340052806293e-09 3.499591500000000000e+06 3.468375750000000000e+06 4.551325683593750000e+02 4.206382141113281250e+02 nan 3.494822750000000000e+06 5.643107183820095088e+03
3.217911347746849060e-02 2.175308018922805786e-02 2.059115554147728899e-09 3.915236750000000000e+06 3.875400750000000000e+06 3.777088928222656250e+02 3.858948059082031250e+02 nan 3.909151000000000000e+06 5.228209981508643978e+03
3.553209081292152405e-02 2.401969395577907562e-02 2.051984539888671147e-09 4.357015000000000000e+06 4.307771500000000000e+06 3.596828002929687500e+02 3.521506958007812500e+02 nan 4.349492000000000000e+06 4.792567364852304308e+03
3.923443704843521118e-02 2.652247995138168335e-02 2.044878229365854235e-09 4.832741500000000000e+06 4.774235000000000000e+06 3.586956787109375000e+02 3.203205261230468750e+02 nan 4.823803000000000000e+06 4.364461406813577014e+03
4.332255572080612183e-02 2.928604744374752045e-02 2.037796533657790378e-09 5.358298500000000000e+06 5.292110000000000000e+06 3.011784973144531250e+02 2.912790527343750000e+02 nan 5.348186500000000000e+06 3.971465613905867031e+03
4.765481501817703247e-02 3.221465647220611572e-02 2.031010053452367756e-09 5.931422000000000000e+06 5.860961500000000000e+06 2.741715087890625000e+02 2.664961853027343750e+02 nan 5.920657000000000000e+06 3.644078790332858716e+03
5.198707059025764465e-02 3.514325991272926331e-02 2.024834231214258902e-09 6.538956000000000000e+06 6.468385500000000000e+06 2.540229492187500000e+02 2.469115753173828125e+02 nan 6.528175000000000000e+06 3.400937545860344926e+03
5.631932616233825684e-02 3.807186335325241089e-02 2.019169610001785353e-09 7.175499500000000000e+06 7.108152500000000000e+06 2.375705871582031250e+02 2.309196777343750000e+02 nan 7.165211000000000000e+06 3.212056746990989268e+03
6.065158173441886902e-02 4.100047051906585693e-02 2.013939112582009273e-09 7.832425500000000000e+06 7.769940000000000000e+06 2.236490631103515625e+02 2.173878021240234375e+02 nan 7.822878500000000000e+06 3.056263980928531964e+03
6.498383730649948120e-02 4.392907395958900452e-02 2.009081821590703985e-09 8.488110000000000000e+06 8.429935000000000000e+06 2.111711425781250000e+02 2.052591552734375000e+02 nan 8.479222000000000000e+06 2.911266443450896077e+03
6.931609660387039185e-02 4.685768112540245056e-02 2.004548729015451583e-09 9.115699000000000000e+06 9.059094000000000000e+06 1.993430023193359375e+02 1.937621002197265625e+02 nan 9.107052000000000000e+06 2.760404248038181777e+03
7.364834845066070557e-02 4.978628456592559814e-02 2.000299865353250301e-09 9.689745000000000000e+06 9.630293000000000000e+06 1.877024383544921875e+02 1.824474487304687500e+02 nan 9.680662000000000000e+06 2.594831591887349532e+03
7.798060774803161621e-02 5.271489173173904419e-02 1.996302173696350216e-09 1.019434400000000000e+07 1.012688700000000000e+07 1.761305999755859375e+02 1.711996154785156250e+02 nan 1.018403800000000000e+07 2.414701056159097334e+03
8.231285959482192993e-02 5.564349144697189331e-02 1.992528044667567094e-09 1.062709700000000000e+07 1.054687700000000000e+07 1.647637023925781250e+02 1.601509857177734375e+02 nan 1.061484200000000000e+07 2.226943240866335145e+03
8.664511889219284058e-02 5.857209861278533936e-02 1.988954134422163219e-09 1.099844600000000000e+07 1.090218700000000000e+07 1.538650207519531250e+02 1.495575103759765625e+02 nan 1.098373900000000000e+07 2.041425691311953642e+03
9.097737073898315430e-02 6.150070205330848694e-02 1.985560585482697045e-09 1.132776100000000000e+07 1.121446600000000000e+07 1.437095642089843750e+02 1.396864013671875000e+02 nan 1.131045200000000000e+07 1.867452688347632829e+03
9.636187553405761719e-02 6.514062732458114624e-02 1.981568674123380254e-09 1.171886800000000000e+07 1.158687600000000000e+07 1.324935302734375000e+02 1.287844238281250000e+02 nan 1.169870300000000000e+07 1.678584327395140917e+03
1.017463728785514832e-01 6.878054887056350708e-02 1.977801256732118934e-09 1.214488600000000000e+07 1.200093300000000000e+07 1.231499023437500000e+02 1.197023773193359375e+02 nan 1.212289300000000000e+07 1.528590468180299240e+03
1.071308776736259460e-01 7.242047041654586792e-02 1.974234781265857972e-09 1.265204900000000000e+07 1.250523000000000000e+07 1.157253875732421875e+02 1.124856719970703125e+02 nan 1.262961800000000000e+07 1.418584080219392490e+03
1.125153750181198120e-01 7.606039196252822876e-02 1.970849203820953451e-09 1.325050500000000000e+07 1.310953300000000000e+07 1.098942184448242188e+02 1.068177185058593750e+02 nan 1.322896600000000000e+07 1.340790982710314665e+03
1.178998723626136780e-01 7.970031350851058960e-02 1.967627323526894450e-09 1.391269700000000000e+07 1.378327400000000000e+07 1.051104354858398438e+02 1.021678161621093750e+02 nan 1.389292400000000000e+07 1.282637517043042862e+03
1.232843771576881409e-01 8.334024250507354736e-02 1.964554264128985100e-09 1.459026500000000000e+07 1.447337900000000000e+07 1.008323135375976562e+02 9.800942230224609375e+01 nan 1.457240800000000000e+07 1.231812550249909691e+03
1.286688745021820068e-01 8.698015660047531128e-02 1.961617102724775952e-09 1.522952100000000000e+07 1.512121300000000000e+07 9.663961791992187500e+01 9.393407440185546875e+01 nan 1.521297500000000000e+07 1.178812346481357736e+03
1.340533792972564697e-01 9.062008559703826904e-02 1.958804483640675406e-09 1.578344500000000000e+07 1.567605800000000000e+07 9.227487945556640625e+01 8.969153594970703125e+01 nan 1.576703800000000000e+07 1.117994756901523260e+03
1.394378840923309326e-01 9.426000714302062988e-02 1.956106446915437174e-09 1.622608500000000000e+07 1.611060100000000000e+07 8.767316436767578125e+01 8.521865081787109375e+01 nan 1.620844200000000000e+07 1.048470215343790187e+03
1.448223739862442017e-01 9.789992123842239380e-02 1.953514161287429418e-09 1.656168000000000000e+07 1.643038800000000000e+07 8.294489288330078125e+01 8.062279510498046875e+01 nan 1.654162200000000000e+07 9.736365550466173318e+02
1.502068787813186646e-01 1.015398502349853516e-01 1.951019758654691563e-09 1.682100400000000000e+07 1.666971000000000000e+07 7.829845428466796875e+01 7.610644531250000000e+01 nan 1.679789200000000000e+07 8.990306045209032391e+02
1.555913835763931274e-01 1.051797717809677124e-01 1.948616241255242070e-09 1.705205200000000000e+07 1.688118200000000000e+07 7.396288299560546875e+01 7.189228057861328125e+01 nan 1.702594200000000000e+07 8.302357665024519520e+02
1.609758734703063965e-01 1.088196933269500732e-01 1.946297314463125787e-09 1.730947200000000000e+07 1.712384600000000000e+07 7.013277435302734375e+01 6.816940307617187500e+01 nan 1.728111200000000000e+07 7.715656592515964576e+02
1.663603782653808594e-01 1.124596148729324341e-01 1.944057316713681798e-09 1.763792600000000000e+07 1.744525200000000000e+07 6.691027069091796875e+01 6.503711700439453125e+01 nan 1.760849000000000000e+07 7.249913982868034736e+02
1.717448830604553223e-01 1.160995438694953918e-01 1.941891129256332855e-09 1.805476400000000000e+07 1.786339000000000000e+07 6.426769256591796875e+01 6.246851730346679688e+01 nan 1.802552600000000000e+07 6.896606877562504678e+02
1.771293878555297852e-01 1.197394654154777527e-01 1.939794125595426991e-09 1.854674600000000000e+07 1.836334400000000000e+07 6.207342529296875000e+01 6.033566284179687500e+01 nan 1.851872600000000000e+07 6.626704711685470102e+02
1.825138777494430542e-01 1.233793795108795166e-01 1.937762091126241291e-09 1.908043000000000000e+07 1.890827800000000000e+07 6.015573883056640625e+01 5.847164154052734375e+01 nan 1.905413200000000000e+07 6.404239457450079271e+02
1.878983825445175171e-01 1.270193010568618774e-01 1.935791175107242678e-09 1.961267800000000000e+07 1.945096600000000000e+07 5.834806442260742188e+01 5.671456527709960938e+01 nan 1.958797000000000000e+07 6.195005623396007195e+02
1.932828873395919800e-01 1.306592375040054321e-01 1.933877861004656685e-09 2.009889200000000000e+07 1.994319000000000000e+07 5.651399993896484375e+01 5.493183517456054688e+01 nan 2.007510400000000000e+07 5.971334477862458243e+02
1.986673772335052490e-01 1.342991441488265991e-01 1.932018951816384183e-09 2.050562400000000000e+07 2.034931600000000000e+07 5.457566070556640625e+01 5.304777145385742188e+01 nan 2.048174200000000000e+07 5.718158756167719048e+02
2.040518820285797119e-01 1.379390656948089600e-01 1.930211465507478933e-09 2.082287000000000000e+07 2.065907600000000000e+07 5.253165054321289062e+01 5.106097793579101562e+01 nan 2.079784400000000000e+07 5.436791869576752561e+02
2.094363868236541748e-01 1.415790021419525146e-01 1.928452677645768952e-09 2.106486400000000000e+07 2.088832800000000000e+07 5.044050598144531250e+01 4.902838134765625000e+01 nan 2.103789200000000000e+07 5.141008216912026683e+02
2.148208767175674438e-01 1.452189087867736816e-01 1.926740094380007882e-09 2.126157800000000000e+07 2.106996400000000000e+07 4.838633728027343750e+01 4.703173828125000000e+01 nan 2.123230400000000000e+07 4.849122612620183759e+02
2.202053815126419067e-01 1.488588303327560425e-01 1.925071368159055733e-09 2.145020000000000000e+07 2.124450400000000000e+07 4.645312118530273438e+01 4.515265274047851562e+01 nan 2.141877400000000000e+07 4.578300401952612901e+02
2.255898863077163696e-01 1.524987667798995972e-01 1.923444343781293656e-09 2.166699000000000000e+07 2.145106400000000000e+07 4.470666503906250000e+01 4.345508956909179688e+01 nan 2.163400200000000000e+07 4.341064802856020037e+02
2.309743911027908325e-01 1.561386883258819580e-01 1.921857033120720865e-09 2.193697600000000000e+07 2.171630800000000000e+07 4.317732238769531250e+01 4.196856307983398438e+01 nan 2.190326400000000000e+07 4.142490603392036519e+02
2.363588809967041016e-01 1.597786098718643188e-01 1.920307567935778733e-09 2.226690000000000000e+07 2.204705400000000000e+07 4.185389328002929688e+01 4.068218231201171875e+01 nan 2.223331200000000000e+07 3.979724139595085148e+02
2.417433857917785645e-01 1.634185314178466797e-01 1.918794213956308179e-09 2.264651000000000000e+07 2.243169400000000000e+07 4.069486999511718750e+01 3.955559921264648438e+01 nan 2.261369000000000000e+07 3.844550498089468533e+02
2.471278905868530273e-01 1.670584529638290405e-01 1.917315352832477265e-09 2.305352000000000000e+07 2.284560400000000000e+07 3.964372634887695312e+01 3.853387451171875000e+01 nan 2.302175600000000000e+07 3.726329025009629845e+02
2.525123953819274902e-01 1.706983745098114014e-01 1.915869472055197894e-09 2.345778800000000000e+07 2.325604000000000000e+07 3.863954162597656250e+01 3.755780029296875000e+01 nan 2.342696600000000000e+07 3.613851699170703569e+02
2.578969001770019531e-01 1.743383109569549561e-01 1.914455150219987163e-09 2.382855800000000000e+07 2.363006400000000000e+07 3.763005065917968750e+01 3.657657241821289062e+01 nan 2.379823000000000000e+07 3.497684771644575221e+02
2.632813751697540283e-01 1.779782027006149292e-01 1.913071083197014340e-09 2.414590200000000000e+07 2.394652000000000000e+07 3.658789443969726562e+01 3.556359100341796875e+01 nan 2.411544400000000000e+07 3.373153767588552796e+02
2.686658799648284912e-01 1.816181391477584839e-01 1.911715991580206360e-09 2.440746600000000000e+07 2.420300400000000000e+07 3.551594161987304688e+01 3.452164459228515625e+01 nan 2.437623000000000000e+07 3.241228814162133745e+02
2.740503847599029541e-01 1.852580606937408447e-01 1.910388727493893778e-09 2.462440800000000000e+07 2.441172600000000000e+07 3.443595123291015625e+01 3.347189712524414062e+01 nan 2.459191600000000000e+07 3.106279476287308512e+02
2.794348895549774170e-01 1.888979822397232056e-01 1.909088184011114833e-09 2.481404200000000000e+07 2.459175800000000000e+07 3.337494659423828125e+01 3.244060134887695312e+01 nan 2.478008200000000000e+07 2.973429091481515343e+02
2.848193943500518799e-01 1.925379037857055664e-01 1.907813323590368924e-09 2.499678600000000000e+07 2.476547000000000000e+07 3.236000061035156250e+01 3.145406723022460938e+01 nan 2.496144600000000000e+07 2.847567594270855693e+02
2.902038991451263428e-01 1.961778402328491211e-01 1.906563162582237113e-09 2.519432200000000000e+07 2.495617000000000000e+07 3.141562461853027344e+01 3.053613281250000000e+01 nan 2.515793800000000000e+07 2.732908604701700028e+02
2.955884039402008057e-01 1.998177617788314819e-01 1.905336787226579552e-09 2.542321600000000000e+07 2.518135400000000000e+07 3.055631637573242188e+01 2.970088005065917969e+01 nan 2.538626400000000000e+07 2.631776557568488215e+02
3.009728789329528809e-01 2.034576684236526489e-01 1.904133323856378078e-09 2.568785800000000000e+07 2.544545400000000000e+07 2.977994728088378906e+01 2.894624900817871094e+01 nan 2.565082400000000000e+07 2.543603520559097149e+02
3.063573837280273438e-01 2.070975899696350098e-01 1.902951936232507350e-09 2.598040800000000000e+07 2.573989200000000000e+07 2.907052040100097656e+01 2.825667953491210938e+01 nan 2.594366200000000000e+07 2.465545858402422255e+02
3.117418885231018066e-01 2.107375115156173706e-01 1.901791846628511990e-09 2.628690200000000000e+07 2.604942200000000000e+07 2.840720558166503906e+01 2.761193275451660156e+01 nan 2.625062200000000000e+07 2.394058229969454601e+02
3.171263933181762695e-01 2.143774479627609253e-01 1.900652308391623192e-09 2.659219000000000000e+07 2.635747200000000000e+07 2.777048492431640625e+01 2.699303245544433594e+01 nan 2.655633000000000000e+07 2.325905579715028182e+02
3.225108981132507324e-01 2.180173695087432861e-01 1.899532626729035332e-09 2.688157800000000000e+07 2.664815400000000000e+07 2.714377212524414062e+01 2.638386726379394531e+01 nan 2.684591600000000000e+07 2.258403032130434269e+02
3.278954029083251953e-01 2.216572910547256470e-01 1.898432128189829179e-09 2.714329200000000000e+07 2.690899200000000000e+07 2.651548957824707031e+01 2.577317237854003906e+01 nan 2.710749800000000000e+07 2.189739955491449166e+02
3.332799077033996582e-01 2.252972126007080078e-01 1.897350177081271127e-09 2.737286400000000000e+07 2.713544200000000000e+07 2.588253021240234375e+01 2.515793418884277344e+01 nan 2.733658800000000000e+07 2.119527355327464591e+02
3.386643826961517334e-01 2.289371192455291748e-01 1.896286172945125672e-09 2.757513200000000000e+07 2.733285000000000000e+07 2.525080871582031250e+01 2.454389572143554688e+01 nan 2.753811800000000000e+07 2.048844287288391115e+02
3.440488874912261963e-01 2.325770407915115356e-01 1.895239531240720810e-09 2.776107200000000000e+07 2.751307000000000000e+07 2.463100624084472656e+01 2.394145011901855469e+01 nan 2.772318000000000000e+07 1.979495772076794822e+02
3.494333922863006592e-01 2.362169772386550903e-01 1.894209703480833635e-09 2.794254000000000000e+07 2.768897200000000000e+07 2.403330039978027344e+01 2.336047363281250000e+01 nan 2.790380200000000000e+07 1.913132472001230724e+02
3.548178970813751221e-01 2.398568987846374512e-01 1.893196174858241155e-09 2.812949400000000000e+07 2.787137200000000000e+07 2.346497344970703125e+01 2.280805969238281250e+01 nan 2.809006000000000000e+07 1.850893131265650027e+02
3.602024018764495850e-01 2.434968203306198120e-01 1.892198441798694543e-09 2.832937400000000000e+07 2.806823400000000000e+07 2.293031311035156250e+01 2.228836631774902344e+01 nan 2.828947600000000000e+07 1.793408644869686270e+02
3.655869066715240479e-01 2.471367418766021729e-01 1.891216027459402332e-09 2.854591000000000000e+07 2.828338000000000000e+07 2.243006134033203125e+01 2.180212211608886719e+01 nan 2.850580200000000000e+07 1.740746339135241669e+02
3.709714114665985107e-01 2.507766783237457275e-01 1.890248472221847833e-09 2.877740200000000000e+07 2.851479400000000000e+07 2.196056938171386719e+01 2.134577369689941406e+01 nan 2.873728200000000000e+07 1.692306827997896903e+02
3.763558864593505859e-01 2.544165849685668945e-01 1.889295352117686434e-09 2.901716400000000000e+07 2.875520000000000000e+07 2.151480293273925781e+01 2.091248321533203125e+01 nan 2.897714200000000000e+07 1.646994018334950454e+02
3.817403912544250488e-01 2.580564916133880615e-01 1.888356242191734645e-09 2.925676800000000000e+07 2.899546600000000000e+07 2.108515167236328125e+01 2.049486351013183594e+01 nan 2.921684800000000000e+07 1.603654285889050470e+02
3.871248960494995117e-01 2.616964280605316162e-01 1.887430735669950155e-09 2.948895400000000000e+07 2.922771600000000000e+07 2.066564369201660156e+01 2.008709716796875000e+01 nan 2.944904400000000000e+07 1.561402597032223980e+02
3.925094008445739746e-01 2.653363645076751709e-01 1.886518457772270655e-09 2.970844200000000000e+07 2.944628400000000000e+07 2.025228118896484375e+01 1.968530654907226562e+01 nan 2.966839200000000000e+07 1.519668697620818421e+02
3.978939056396484375e-01 2.689762711524963379e-01 1.885619049100158659e-09 2.991223800000000000e+07 2.964807600000000000e+07 1.984303092956542969e+01 1.928751373291015625e+01 nan 2.987188000000000000e+07 1.478183470938569428e+02
4.032784104347229004e-01 2.726162075996398926e-01 1.884732143174389957e-09 3.010096400000000000e+07 2.983389200000000000e+07 1.943843078613281250e+01 1.889424133300781250e+01 nan 3.006016000000000000e+07 1.437056854488741351e+02
4.086629152297973633e-01 2.762561440467834473e-01 1.883857409814700777e-09 3.027923000000000000e+07 3.000873600000000000e+07 1.904148483276367188e+01 1.850840568542480469e+01 nan 3.023790800000000000e+07 1.396755272052870112e+02
4.140473902225494385e-01 2.798960208892822266e-01 1.882994538868699288e-09 3.045330200000000000e+07 3.017933000000000000e+07 1.865589904785156250e+01 1.813361930847167969e+01 nan 3.041144600000000000e+07 1.357832651492375362e+02
4.194318950176239014e-01 2.835359573364257812e-01 1.882143190604211824e-09 3.062819600000000000e+07 3.035112400000000000e+07 1.828423881530761719e+01 1.777236175537109375e+01 nan 3.058586400000000000e+07 1.320655542095466330e+02
4.248163998126983643e-01 2.871758937835693359e-01 1.881303079826970542e-09 3.080704800000000000e+07 3.052754800000000000e+07 1.792768096923828125e+01 1.742578697204589844e+01 nan 3.076434600000000000e+07 1.285385820529707530e+02
4.302009046077728271e-01 2.908158004283905029e-01 1.880473925305205483e-09 3.099204000000000000e+07 3.071087400000000000e+07 1.758669281005859375e+01 1.709434318542480469e+01 nan 3.094908400000000000e+07 1.252080487459088971e+02
4.355854094028472900e-01 2.944557368755340576e-01 1.879655436356054805e-09 3.118384000000000000e+07 3.090167200000000000e+07 1.726081466674804688e+01 1.677758789062500000e+01 nan 3.114073200000000000e+07 1.220663409109020421e+02
4.409699141979217529e-01 2.980956733226776123e-01 1.878847353036435648e-09 3.138024200000000000e+07 3.109749800000000000e+07 1.694803810119628906e+01 1.647356796264648438e+01 nan 3.133704200000000000e+07 1.190845672791656824e+02
4.463544189929962158e-01 3.017355799674987793e-01 1.878049424887222573e-09 3.157693000000000000e+07 3.129373400000000000e+07 1.664540100097656250e+01 1.617940521240234375e+01 nan 3.153366600000000000e+07 1.162213117727714433e+02
4.517388939857482910e-01 3.053754866123199463e-01 1.877261397654174740e-09 3.177009200000000000e+07 3.148626200000000000e+07 1.635045814514160156e+01 1.589271831512451172e+01 nan 3.172673000000000000e+07 1.134430004606096531e+02
4.571233987808227539e-01 3.090154230594635010e-01 1.876483026309890802e-09 3.195763400000000000e+07 3.167279000000000000e+07 1.606185150146484375e+01 1.561219024658203125e+01 nan 3.191411600000000000e+07 1.107316838255208040e+02
4.625079035758972168e-01 3.126553297042846680e-01 1.875714093387305177e-09 3.213839400000000000e+07 3.185206600000000000e+07 1.577880287170410156e+01 1.533706569671630859e+01 nan 3.209465000000000000e+07 1.080776850436405994e+02
4.678924083709716797e-01 3.162952661514282227e-01 1.874954364165268396e-09 3.231169200000000000e+07 3.202344400000000000e+07 1.550083255767822266e+01 1.506688022613525391e+01 nan 3.226765600000000000e+07 1.054752418851622906e+02
4.732769131660461426e-01 3.199352025985717773e-01 1.874203630559428286e-09 3.247827200000000000e+07 3.218781800000000000e+07 1.522818279266357422e+01 1.480186176300048828e+01 nan 3.243390000000000000e+07 1.029283640364384524e+02
4.786614179611206055e-01 3.235751092433929443e-01 1.873461691551420399e-09 3.264081200000000000e+07 3.234805600000000000e+07 1.496194267272949219e+01 1.454307556152343750e+01 nan 3.259608600000000000e+07 1.004523127521145796e+02
4.840458929538726807e-01 3.272150158882141113e-01 1.872728340933758753e-09 3.280250000000000000e+07 3.250754400000000000e+07 1.470334529876708984e+01 1.429171657562255859e+01 nan 3.275743800000000000e+07 9.806353234166820698e+01
4.894303977489471436e-01 3.308549523353576660e-01 1.872003379495005729e-09 3.296525400000000000e+07 3.266835800000000000e+07 1.445292663574218750e+01 1.404831027984619141e+01 nan 3.291989200000000000e+07 9.576903111182244288e+01
4.948149025440216064e-01 3.344948589801788330e-01 1.871286632213937058e-09 3.312951400000000000e+07 3.283100200000000000e+07 1.421053886413574219e+01 1.381270599365234375e+01 nan 3.308391000000000000e+07 9.356655271645851712e+01
5.001994371414184570e-01 3.381348252296447754e-01 1.870577900826693527e-09 3.329536400000000000e+07 3.299554600000000000e+07 1.397587108612060547e+01 1.358460807800292969e+01 nan 3.324955800000000000e+07 9.145176276849372243e+01
5.055838823318481445e-01 3.417747020721435547e-01 1.869877039368293133e-09 3.346276600000000000e+07 3.316187800000000000e+07 1.374857616424560547e+01 1.336367702484130859e+01 nan 3.341680000000000000e+07 8.942017943364585619e+01
5.109683871269226074e-01 3.454146385192871094e-01 1.869183849789121820e-09 3.363092400000000000e+07 3.332907200000000000e+07 1.352801799774169922e+01 1.314929485321044922e+01 nan 3.358480400000000000e+07 8.746331049936634372e+01
5.163528919219970703e-01 3.490545451641082764e-01 1.868498185335105332e-09 3.379787200000000000e+07 3.349504600000000000e+07 1.331314468383789062e+01 1.294043731689453125e+01 nan 3.375160800000000000e+07 8.556773212558763930e+01
5.217373967170715332e-01 3.526944816112518311e-01 1.867819876059786520e-09 3.396172000000000000e+07 3.365779600000000000e+07 1.310301113128662109e+01 1.273618507385253906e+01 nan 3.391529200000000000e+07 8.372148236687807810e+01
5.271219015121459961e-01 3.563344180583953857e-01 1.867148773833358248e-09 3.412180400000000000e+07 3.381660000000000000e+07 1.289720153808593750e+01 1.253613662719726562e+01 nan 3.407517200000000000e+07 8.191965118047637873e+01
5.325064063072204590e-01 3.599743247032165527e-01 1.866484735032350672e-09 3.427845600000000000e+07 3.397180000000000000e+07 1.269571495056152344e+01 1.234029197692871094e+01 nan 3.423160800000000000e+07 8.016244354581986897e+01
5.378909111022949219e-01 3.636142611503601074e-01 1.865827604301946768e-09 3.443201200000000000e+07 3.412375200000000000e+07 1.249853515625000000e+01 1.214863014221191406e+01 nan 3.438491200000000000e+07 7.844984469290473328e+01
5.432754158973693848e-01 3.672541677951812744e-01 1.865177252290424566e-09 3.458262400000000000e+07 3.427269200000000000e+07 1.230558490753173828e+01 1.196108245849609375e+01 nan 3.453526800000000000e+07 7.678108455579199187e+01
5.486599206924438477e-01 3.708941042423248291e-01 1.864533532427482462e-09 3.473115600000000000e+07 3.441956800000000000e+07 1.211703968048095703e+01 1.177781677246093750e+01 nan 3.468355200000000000e+07 7.515838123402046733e+01
5.540444254875183105e-01 3.745340406894683838e-01 1.863896318172137942e-09 3.487910000000000000e+07 3.456593600000000000e+07 1.193326759338378906e+01 1.159918975830078125e+01 nan 3.483125600000000000e+07 7.358628711471968131e+01
5.594289302825927734e-01 3.781739473342895508e-01 1.863265486641235488e-09 3.502741200000000000e+07 3.471279200000000000e+07 1.175442028045654297e+01 1.142534923553466797e+01 nan 3.497934400000000000e+07 7.206667788026358323e+01
5.648134350776672363e-01 3.818138837814331055e-01 1.862640903204479876e-09 3.517590000000000000e+07 3.485996400000000000e+07 1.158025836944580078e+01 1.125606346130371094e+01 nan 3.512763200000000000e+07 7.059645350819531018e+01
5.701979398727416992e-01 3.854538202285766602e-01 1.862022452330667509e-09 3.532402800000000000e+07 3.500688800000000000e+07 1.141043567657470703e+01 1.109099483489990234e+01 nan 3.527557200000000000e+07 6.917142059919089547e+01
5.755824446678161621e-01 3.890937268733978271e-01 1.861410021730888845e-09 3.547172800000000000e+07 3.515346400000000000e+07 1.124478149414062500e+01 1.092997837066650391e+01 nan 3.542310400000000000e+07 6.778951772544208154e+01
5.809668898582458496e-01 3.927336037158966064e-01 1.860803497296447543e-09 3.561897600000000000e+07 3.529961200000000000e+07 1.108313941955566406e+01 1.077286052703857422e+01 nan 3.557018400000000000e+07 6.644888125802152956e+01
5.863513946533203125e-01 3.963735401630401611e-01 1.860202753428811389e-09 3.576507600000000000e+07 3.544458800000000000e+07 1.092515945434570312e+01 1.061930274963378906e+01 nan 3.571611200000000000e+07 6.514531471983980282e+01
5.917358994483947754e-01 4.000134766101837158e-01 1.859607692406273365e-09 3.590905200000000000e+07 3.558738800000000000e+07 1.077042579650878906e+01 1.046890163421630859e+01 nan 3.585991200000000000e+07 6.387395801201474654e+01
5.971204042434692383e-01 4.036533832550048828e-01 1.859018214291441706e-09 3.605067600000000000e+07 3.572776400000000000e+07 1.061877536773681641e+01 1.032149505615234375e+01 nan 3.600134400000000000e+07 6.263300244479640355e+01
6.025049090385437012e-01 4.072933197021484375e-01 1.858434207544148841e-09 3.619050400000000000e+07 3.586629200000000000e+07 1.047027683258056641e+01 1.017715644836425781e+01 nan 3.614097200000000000e+07 6.142329298774425439e+01
6.078894138336181641e-01 4.109332561492919922e-01 1.857855577876460681e-09 3.632890000000000000e+07 3.600334000000000000e+07 1.032494068145751953e+01 1.003588867187500000e+01 nan 3.627916000000000000e+07 6.024500636923667685e+01
6.132739186286926270e-01 4.145731627941131592e-01 1.857282233477322155e-09 3.646575200000000000e+07 3.613884800000000000e+07 1.018264198303222656e+01 9.897573471069335938e+00 nan 3.641580800000000000e+07 5.909670552745663485e+01
6.186584234237670898e-01 4.182130992412567139e-01 1.856714071034082293e-09 3.660120000000000000e+07 3.627296800000000000e+07 1.004332447052001953e+01 9.762155532836914062e+00 nan 3.655105200000000000e+07 5.797772685414727789e+01
6.240429282188415527e-01 4.218530058860778809e-01 1.856151008397507339e-09 3.673591200000000000e+07 3.640640400000000000e+07 9.907083511352539062e+00 9.629730224609375000e+00 nan 3.668557200000000000e+07 5.688922433058925066e+01
6.294274330139160156e-01 4.254929423332214355e-01 1.855592947277603754e-09 3.687046800000000000e+07 3.653973200000000000e+07 9.773974418640136719e+00 9.500347137451171875e+00 nan 3.681993600000000000e+07 5.583177351499353591e+01
6.556535363197326660e-01 4.432217776775360107e-01 1.852943630635520644e-09 3.751583600000000000e+07 3.717962400000000000e+07 9.165374755859375000e+00 8.908785820007324219e+00 nan 3.746447200000000000e+07 5.106774945623801187e+01
8.039034605026245117e-01 5.434387326240539551e-01 1.839770603253567837e-09 4.076383600000000000e+07 4.039860400000000000e+07 6.624481678009033203e+00 6.439025878906250000e+00 nan 4.070803600000000000e+07 3.247733668859940082e+01
9.932619333267211914e-01 6.714450716972351074e-01 1.826201010048688587e-09 4.419536800000000000e+07 4.379951200000000000e+07 4.704722881317138672e+00 4.573011398315429688e+00 nan 4.413489200000000000e+07 2.009042499526402992e+01
1.227223634719848633e+00 8.296031951904296875e-01 1.812731498599941669e-09 4.768102800000000000e+07 4.725406800000000000e+07 3.324936151504516602e+00 3.231852531433105469e+00 nan 4.761580000000000000e+07 1.230642613115299433e+01
1.516294717788696289e+00 1.025015234947204590e+00 1.799361337301671755e-09 5.121372000000000000e+07 5.075523200000000000e+07 2.339399337768554688e+00 2.273906469345092773e+00 nan 5.114366800000000000e+07 7.471685399464369048e+00
1.873456120491027832e+00 1.266456365585327148e+00 1.786089789356977996e-09 5.478631200000000000e+07 5.429593200000000000e+07 1.639345526695251465e+00 1.593451023101806641e+00 nan 5.471139200000000000e+07 4.499820833286815258e+00
2.314746379852294922e+00 1.564768552780151367e+00 1.772916133006574509e-09 5.839337200000000000e+07 5.787082000000000000e+07 1.144570231437683105e+00 1.112527251243591309e+00 nan 5.831354000000000000e+07 2.690193499639368380e+00
2.859982252120971680e+00 1.933347940444946289e+00 1.759839636962373426e-09 6.203005200000000000e+07 6.147506400000000000e+07 7.964553833007812500e-01 7.741581201553344727e-01 nan 6.194526000000000000e+07 1.597592017620387495e+00
3.533647537231445312e+00 2.388745784759521484e+00 1.746859588797865175e-09 6.569198800000000000e+07 6.510436400000000000e+07 5.525254011154174805e-01 5.370571017265319824e-01 nan 6.560221600000000000e+07 9.429561449651168159e-01
4.365993976593017578e+00 2.951411962509155273e+00 1.733975279535418463e-09 6.937546400000000000e+07 6.875504800000000000e+07 3.822315335273742676e-01 3.715306818485260010e-01 nan 6.928068000000000000e+07 5.534568190101285534e-01
5.394398689270019531e+00 3.646613597869873047e+00 1.721185999058096773e-09 7.307749600000000000e+07 7.242418400000000000e+07 2.637455463409423828e-01 2.563617825508117676e-01 nan 7.297768000000000000e+07 3.231799741570852702e-01
6.665042877197265625e+00 4.505568981170654297e+00 1.708491050912268841e-09 7.679486400000000000e+07 7.610860800000000000e+07 1.815578043460845947e-01 1.764748841524124146e-01 nan 7.669001600000000000e+07 1.878220561470884398e-01
8.234986305236816406e+00 5.566850662231445312e+00 1.695889732548296616e-09 8.052552800000000000e+07 7.980639200000000000e+07 1.247090995311737061e-01 1.212177053093910217e-01 nan 8.041566400000000000e+07 1.086812351334981303e-01
1.017472743988037109e+01 6.878115653991699219e+00 1.683381361073609185e-09 8.426702400000000000e+07 8.351514400000000000e+07 8.548793941736221313e-02 8.309455960988998413e-02 nan 8.415216000000000000e+07 6.263367959630918025e-02
1.257137203216552734e+01 8.498247146606445312e+00 1.670965250288532184e-09 8.801720800000000000e+07 8.723291200000000000e+07 5.849229171872138977e-02 5.685466900467872620e-02 nan 8.789739200000000000e+07 3.596111053335919461e-02
1.553254413604736328e+01 1.050000000000000000e+01 1.658640709094829109e-09 9.177415200000000000e+07 9.095799200000000000e+07 3.995187580585479736e-02 3.883329778909683228e-02 nan 9.164945600000000000e+07 2.057518417626423221e-02
