# k/h [h/Mpc]            k [1/Mpc]              Primoridal             T_cdm(k)                 T_bar(k)                 T_phot(k)                T_massless neutrions(k)  T_massive neutrinos(k)   T_total(k)               Linear Pk [(Mpc)^-3]   
1.049045658874092624e-05 7.091548468451946974e-06 2.727206404909961128e-09 1.000000000000000000e+00 1.000000000000000000e+00 1.000000000000000000e+00 1.000000000000000000e+00 nan 1.000000000000000000e+00 3.361485416212977384e+01
1.158353370556142181e-05 7.830468348402064294e-06 2.717761705682844603e-09 9.999997615814208984e-01 9.999997019767761230e-01 9.999499320983886719e-01 9.999485015869140625e-01 nan 9.999997615814208984e-01 3.698887375630694407e+01
1.279050593439023942e-05 8.646382411825470626e-06 2.708349706436794825e-09 9.999994635581970215e-01 9.999993443489074707e-01 9.998889565467834473e-01 9.998858571052551270e-01 nan 9.999994635581970215e-01 4.070154005477458270e+01
1.412324218108551577e-05 9.547311492497101426e-06 2.698970312856197758e-09 9.999990463256835938e-01 9.999990463256835938e-01 9.998145103454589844e-01 9.998093247413635254e-01 nan 9.999990463256835938e-01 4.478685005804252484e+01
1.559484553581569344e-05 1.054211588780162856e-05 2.689623392481895528e-09 9.999986290931701660e-01 9.999986290931701660e-01 9.997238516807556152e-01 9.997161030769348145e-01 nan 9.999986290931701660e-01 4.928221103329351394e+01
1.721978514979127795e-05 1.164057448477251455e-05 2.680308856040028027e-09 9.999980926513671875e-01 9.999979734420776367e-01 9.996132850646972656e-01 9.996024966239929199e-01 nan 9.999980926513671875e-01 5.422876914606188592e+01
1.901403993542771786e-05 1.285349117097212002e-05 2.671026563908324178e-09 9.999973177909851074e-01 9.999972581863403320e-01 9.994784593582153320e-01 9.994639754295349121e-01 nan 9.999973177909851074e-01 5.967179812136235029e+01
2.099525045196060091e-05 1.419278942194068804e-05 2.661776424936157355e-09 9.999964833259582520e-01 9.999964833259582520e-01 9.993141293525695801e-01 9.992951154708862305e-01 nan 9.999964833259582520e-01 6.566113794910350521e+01
2.318289807590190321e-05 1.567163963045459241e-05 2.652558315858844083e-09 9.999955296516418457e-01 9.999954104423522949e-01 9.991137981414794922e-01 9.990892410278320312e-01 nan 9.999955296516418457e-01 7.225162353557202266e+01
2.559849235694855452e-05 1.730458097881637514e-05 2.643372135990062650e-09 9.999943375587463379e-01 9.999941587448120117e-01 9.988695979118347168e-01 9.988383054733276367e-01 nan 9.999943375587463379e-01 7.950356532496050477e+01
2.826578383974265307e-05 1.910767059598583728e-05 2.634217767634683471e-09 9.999928474426269531e-01 9.999926686286926270e-01 9.985719323158264160e-01 9.985324740409851074e-01 nan 9.999928474426269531e-01 8.748333591402952436e+01
3.121100235148333013e-05 2.109863817167934030e-05 2.625095097817206075e-09 9.999910593032836914e-01 9.999908208847045898e-01 9.982091784477233887e-01 9.981595873832702637e-01 nan 9.999910593032836914e-01 9.626397968287444940e+01
3.446310074650682509e-05 2.329705603187903762e-05 2.616004033478672110e-09 9.999887943267822266e-01 9.999886155128479004e-01 9.977669119834899902e-01 9.977051615715026855e-01 nan 9.999886751174926758e-01 1.059258080563158870e+02
3.805406231549568474e-05 2.572454650362487882e-05 2.606944439452153756e-09 9.999861717224121094e-01 9.999856948852539062e-01 9.972280263900756836e-01 9.971514940261840820e-01 nan 9.999860525131225586e-01 1.165573085375977058e+02
4.201919000479392707e-05 2.840497290890198201e-05 2.597916226597658093e-09 9.999828338623046875e-01 9.999824166297912598e-01 9.965713620185852051e-01 9.964765906333923340e-01 nan 9.999827146530151367e-01 1.282556996204723418e+02
4.639747567125596106e-05 3.136469240416772664e-05 2.588919279439887767e-09 9.999788999557495117e-01 9.999782443046569824e-01 9.957712292671203613e-01 9.956545233726501465e-01 nan 9.999787807464599609e-01 1.411280310577403156e+02
5.123196388012729585e-05 3.463280881987884641e-05 2.579953483847589841e-09 9.999738931655883789e-01 9.999733567237854004e-01 9.947965741157531738e-01 9.946529865264892578e-01 nan 9.999737739562988281e-01 1.552919546957573118e+02
5.657019573845900595e-05 3.824145096587017179e-05 2.571018745591721348e-09 9.999680519104003906e-01 9.999671578407287598e-01 9.936093688011169434e-01 9.934330582618713379e-01 nan 9.999678134918212891e-01 1.708770692607036779e+02
6.246465636650100350e-05 4.222610732540488243e-05 2.562114941593048984e-09 9.999607801437377930e-01 9.999597072601318359e-01 9.921637773513793945e-01 9.919477105140686035e-01 nan 9.999605417251586914e-01 1.880258399908011313e+02
6.897329876665025949e-05 4.662595165427774191e-05 2.553241977543412439e-09 9.999518394470214844e-01 9.999507665634155273e-01 9.904039502143859863e-01 9.901394248008728027e-01 nan 9.999516010284423828e-01 2.068948918239186980e+02
7.616012590005993843e-05 5.148424679646268487e-05 2.544399743325443185e-09 9.999410510063171387e-01 9.999396800994873047e-01 9.882621169090270996e-01 9.879390001296997070e-01 nan 9.999408721923828125e-01 2.276567017362245622e+02
8.409580186707898974e-05 5.684876305167563260e-05 2.535588130685252624e-09 9.999279379844665527e-01 9.999261498451232910e-01 9.856569170951843262e-01 9.852622151374816895e-01 nan 9.999276399612426758e-01 2.505007363535849834e+02
9.285835403716191649e-05 6.277224747464060783e-05 2.526807033334104165e-09 9.999119639396667480e-01 9.999098181724548340e-01 9.824892878532409668e-01 9.820079207420349121e-01 nan 9.999116659164428711e-01 2.756354896941488732e+02
1.025339443003758788e-04 6.931294774403795600e-05 2.518056339675267213e-09 9.998923540115356445e-01 9.998897910118103027e-01 9.786402583122253418e-01 9.780537486076354980e-01 nan 9.998920559883117676e-01 3.032900590271244141e+02
1.132176985265687108e-04 7.653516513528302312e-05 2.509335958204897443e-09 9.998685717582702637e-01 9.998655319213867188e-01 9.739668369293212891e-01 9.732528924942016602e-01 nan 9.998680949211120605e-01 3.337162727896811703e+02
1.250146742677316070e-04 8.450992027064785361e-05 2.500645773867358897e-09 9.998396039009094238e-01 9.998357892036437988e-01 9.682976007461547852e-01 9.674295186996459961e-01 nan 9.998390674591064453e-01 3.671911605213157372e+02
1.380408502882346511e-04 9.331561159342527390e-05 2.491985695624705562e-09 9.998043179512023926e-01 9.997997283935546875e-01 9.614278674125671387e-01 9.603738188743591309e-01 nan 9.998036026954650879e-01 4.040186217789217267e+02
1.524243270978331566e-04 1.030388448270969093e-04 2.483355596498544299e-09 9.997612833976745605e-01 9.997557401657104492e-01 9.531149864196777344e-01 9.518368244171142578e-01 nan 9.997604489326477051e-01 4.445329000614760844e+02
1.683065347606316209e-04 1.137752187787555158e-04 2.474755379885282393e-09 9.997089505195617676e-01 9.997021555900573730e-01 9.430726170539855957e-01 9.415251016616821289e-01 nan 9.997078776359558105e-01 4.891007713723158759e+02
1.858436153270304203e-04 1.256302784895524383e-04 2.466184957973141175e-09 9.996452331542968750e-01 9.996370077133178711e-01 9.309653639793395996e-01 9.290952682495117188e-01 nan 9.996439814567565918e-01 5.381245690005617917e+02
2.052080089924857020e-04 1.387206139042973518e-04 2.457644209414643305e-09 9.995676279067993164e-01 9.995577335357666016e-01 9.164050221443176270e-01 9.141500592231750488e-01 nan 9.995661377906799316e-01 5.920457000505027736e+02
2.265901130158454180e-04 1.531749148853123188e-04 2.449133045395065615e-09 9.994734525680541992e-01 9.994612932205200195e-01 8.989477157592773438e-01 8.962360620498657227e-01 nan 9.994715452194213867e-01 6.513479348956069543e+02
2.502001880202442408e-04 1.691353245405480266e-04 2.440651351248999153e-09 9.993587732315063477e-01 9.993441700935363770e-01 8.780949115753173828e-01 8.748447299003601074e-01 nan 9.993566274642944336e-01 7.165610735948371257e+02
2.762703516054898500e-04 1.867587561719119549e-04 2.432199034655000626e-09 9.992197155952453613e-01 9.992020130157470703e-01 8.532997965812683105e-01 8.494191765785217285e-01 nan 9.992169141769409180e-01 7.882641697406990033e+02
3.050569503102451563e-04 2.062184939859434962e-04 2.423775992290330563e-09 9.990507960319519043e-01 9.990294575691223145e-01 8.239818811416625977e-01 8.193704485893249512e-01 nan 9.990475177764892578e-01 8.670906385337399342e+02
3.368430479895323515e-04 2.277058956678956747e-04 2.415382114947829304e-09 9.988459944725036621e-01 9.988203644752502441e-01 7.895541191101074219e-01 7.841057181358337402e-01 nan 9.988420009613037109e-01 9.537309343114442299e+02
3.719411906786262989e-04 2.514322404749691486e-04 2.407017301830847028e-09 9.985979795455932617e-01 9.985672831535339355e-01 7.494671344757080078e-01 7.430750131607055664e-01 nan 9.985932707786560059e-01 1.048937475222573994e+03
4.106964333914220333e-04 2.776307810563594103e-04 2.398681465071051552e-09 9.982982277870178223e-01 9.982612133026123047e-01 7.032766342163085938e-01 6.958411931991577148e-01 nan 9.982924461364746094e-01 1.153527364709166022e+03
4.534898616839200258e-04 3.065591445192694664e-04 2.390374494355455649e-09 9.979361891746520996e-01 9.978922605514526367e-01 6.507377624511718750e-01 6.421785950660705566e-01 nan 9.979294538497924805e-01 1.268387855898145745e+03
5.007422878406941891e-04 3.385017917025834322e-04 2.382096284987275655e-09 9.975000023841857910e-01 9.974479079246520996e-01 5.919306278228759766e-01 5.822029113769531250e-01 nan 9.974922537803649902e-01 1.394477267868592889e+03
5.529182380996644497e-04 3.737727238330990076e-04 2.373846756225058361e-09 9.969760179519653320e-01 9.969143867492675781e-01 5.274132490158081055e-01 5.165285468101501465e-01 nan 9.969665408134460449e-01 1.532828594943657436e+03
6.105307838879525661e-04 4.127188003621995449e-04 2.365625794166928840e-09 9.963476657867431641e-01 9.962755441665649414e-01 4.583874642848968506e-01 4.464376866817474365e-01 nan 9.963366985321044922e-01 1.684553119475543554e+03
6.741464603692293167e-04 4.557229985948652029e-04 2.357433293568910220e-09 9.955970048904418945e-01 9.955131411552429199e-01 3.868439197540283203e-01 3.740260004997253418e-01 nan 9.955842494964599609e-01 1.850838536178038567e+03
7.443906506523489952e-04 5.032080807723104954e-04 2.349269171114912410e-09 9.947033524513244629e-01 9.946069121360778809e-01 3.156267404556274414e-01 3.022607564926147461e-01 nan 9.946885108947753906e-01 2.032950133583588467e+03
8.219541050493717194e-04 5.556409596465528011e-04 2.341133324843220307e-09 9.936438202857971191e-01 9.935339689254760742e-01 2.483274042606353760e-01 2.348590493202209473e-01 nan 9.936270117759704590e-01 2.232231829236556678e+03
9.075994603335857391e-04 6.135372095741331577e-04 2.333025652639057309e-09 9.923932552337646484e-01 9.922699332237243652e-01 1.889012902975082397e-01 1.758766174316406250e-01 nan 9.923743605613708496e-01 2.450099212961433750e+03
1.002168864943087101e-03 6.774661596864461899e-04 2.324946049885245546e-09 9.909244179725646973e-01 9.907879829406738281e-01 1.409263461828231812e-01 1.289281398057937622e-01 nan 9.909036159515380859e-01 2.688038348347974079e+03
1.106592128053307533e-03 7.480562780983746052e-04 2.316894434325377400e-09 9.892080426216125488e-01 9.890594482421875000e-01 1.065385192632675171e-01 9.608460217714309692e-02 nan 9.891853332519531250e-01 2.947596175134508485e+03
1.221895916387438774e-03 8.260016329586505890e-04 2.308870708568745277e-09 9.872124195098876953e-01 9.870538711547851562e-01 8.532171696424484253e-02 7.674656063318252563e-02 nan 9.871881008148193359e-01 3.230371655941118206e+03
1.349214115180075169e-03 9.120687609538435936e-04 2.300874762407135126e-09 9.849036931991577148e-01 9.847372770309448242e-01 7.376098632812500000e-02 6.713075190782546997e-02 nan 9.848783612251281738e-01 3.538000490092787913e+03
1.489798538386821747e-03 1.007103826850652695e-03 2.292906509188567727e-09 9.822449684143066406e-01 9.820731282234191895e-01 6.606729328632354736e-02 6.119174510240554810e-02 nan 9.822187423706054688e-01 3.872123132198136318e+03
1.645031501539051533e-03 1.112041296437382698e-03 2.284965850418265676e-09 9.791954755783081055e-01 9.790202975273132324e-01 5.678870901465415955e-02 5.335514992475509644e-02 nan 9.791687130928039551e-01 4.234360543393967419e+03
1.816439209505915642e-03 1.227912958711385727e-03 2.277052691606405739e-09 9.757103919982910156e-01 9.755325317382812500e-01 4.421758279204368591e-02 4.196410626173019409e-02 nan 9.756832122802734375e-01 4.626264344682501360e+03
2.005707239732146263e-03 1.355858054012060165e-03 2.269166941709029953e-09 9.717403650283813477e-01 9.715588092803955078e-01 3.171058371663093567e-02 3.045690059661865234e-02 nan 9.717126488685607910e-01 5.049269351929984623e+03
2.214696491137146950e-03 1.497134799137711525e-03 2.261308494449764354e-09 9.672322273254394531e-01 9.670439958572387695e-01 2.413151785731315613e-02 2.359064482152462006e-02 nan 9.672034382820129395e-01 5.504635276749594595e+03
2.445461694151163101e-03 1.653132145293056965e-03 2.253477264686429142e-09 9.621294140815734863e-01 9.619302153587341309e-01 2.156514488160610199e-02 1.959530077874660492e-02 nan 9.620990157127380371e-01 5.993388749317792644e+03
2.700272016227245331e-03 1.825383864343166351e-03 2.245673160886940457e-09 9.563724398612976074e-01 9.561575055122375488e-01 1.882096752524375916e-02 1.597638800740242004e-02 nan 9.563396573066711426e-01 6.516241910528389781e+03
2.981632947921752930e-03 2.015583915635943413e-03 2.237896076485985185e-09 9.498986601829528809e-01 9.496638774871826172e-01 1.396293565630912781e-02 1.301545556634664536e-02 nan 9.498628377914428711e-01 7.073505824204583405e+03
3.292310982942581177e-03 2.225602278485894203e-03 2.230145925871712440e-09 9.426425099372863770e-01 9.423853754997253418e-01 1.122426707297563553e-02 1.059386506676673889e-02 nan 9.426031708717346191e-01 7.664975700521727958e+03
3.635360859334468842e-03 2.457503927871584892e-03 2.222422616889744185e-09 9.345362782478332520e-01 9.342541694641113281e-01 1.018694974482059479e-02 8.614377118647098541e-03 nan 9.344931244850158691e-01 8.289821746366302250e+03
4.014155361801385880e-03 2.713568974286317825e-03 2.214726058195065524e-09 9.255103468894958496e-01 9.251988530158996582e-01 7.389441132545471191e-03 6.997261196374893188e-03 nan 9.254627227783203125e-01 8.946452268500474020e+03
4.432419314980506897e-03 2.996315481141209602e-03 2.207056148657132701e-09 9.154936671257019043e-01 9.151450395584106445e-01 6.357187870889902115e-03 5.676973611116409302e-03 nan 9.154404401779174805e-01 9.632372724803963138e+03
4.894265439361333847e-03 3.308523446321487427e-03 2.199412800139309644e-09 9.044142365455627441e-01 9.040198326110839844e-01 5.172957200556993484e-03 4.599821753799915314e-03 nan 9.043540358543395996e-01 1.034403731803927985e+04
5.404234398156404495e-03 3.653262509033083916e-03 2.191795924301313793e-09 8.921999335289001465e-01 8.917509317398071289e-01 4.030829761177301407e-03 3.721737768501043320e-03 nan 8.921313285827636719e-01 1.107670772880793629e+04
5.967340432107448578e-03 4.033922217786312103e-03 2.184205430909534259e-09 8.787780404090881348e-01 8.782647848129272461e-01 3.129561664536595345e-03 3.006563754752278328e-03 nan 8.786997199058532715e-01 1.182426340204297412e+04
6.589121185243129730e-03 4.454245790839195251e-03 2.176641221197925960e-09 8.640763759613037109e-01 8.634849786758422852e-01 2.721882425248622894e-03 2.424644771963357925e-03 nan 8.639860153198242188e-01 1.257901377474576111e+04
7.275689393281936646e-03 4.918366204947233200e-03 2.169103203027300791e-09 8.480227589607238770e-01 8.473377823829650879e-01 1.979984808713197708e-03 1.951668644323945045e-03 nan 8.479180932044982910e-01 1.333156037149271106e+04
8.033796213567256927e-03 5.430846009403467178e-03 2.161591299930936394e-09 8.305457234382629395e-01 8.297500610351562500e-01 1.553581329062581062e-03 1.567696454003453255e-03 nan 8.304241895675659180e-01 1.407061921282207550e+04
8.870895951986312866e-03 5.996725521981716156e-03 2.154105401952956366e-09 8.115738034248352051e-01 8.106461763381958008e-01 1.339914859272539616e-03 1.256385701708495617e-03 nan 8.114320635795593262e-01 1.478283042109359303e+04
9.795218706130981445e-03 6.621567998081445694e-03 2.146645430474833453e-09 7.910375595092773438e-01 7.899546027183532715e-01 1.065360032953321934e-03 1.004350604489445686e-03 nan 7.908721566200256348e-01 1.545275378306115635e+04
1.081585418432950974e-02 7.311517372727394104e-03 2.139211293795359687e-09 7.688682675361633301e-01 7.676027417182922363e-01 8.463449194096028805e-04 8.006254211068153381e-04 nan 7.686749100685119629e-01 1.606270811366593261e+04
1.194283645600080490e-02 8.073357865214347839e-03 2.131802900090153706e-09 7.450001239776611328e-01 7.435221672058105469e-01 6.695218035019934177e-04 6.362363346852362156e-04 nan 7.447742819786071777e-01 1.659291634566370703e+04
1.318724639713764191e-02 8.914578706026077271e-03 2.124420174276236449e-09 7.193742990493774414e-01 7.176507115364074707e-01 5.108018522150814533e-04 5.038440576754510403e-04 nan 7.191109657287597656e-01 1.702179025865574658e+04
1.456132158637046814e-02 9.843453764915466309e-03 2.117063005254935590e-09 6.919423341751098633e-01 6.899386048316955566e-01 4.397312004584819078e-04 3.974512219429016113e-04 nan 6.916362047195434570e-01 1.732641944153699296e+04
1.607857085764408112e-02 1.086911372840404510e-02 2.109731324472420402e-09 6.626756191253662109e-01 6.603565216064453125e-01 3.215359174646437168e-04 3.121621266473084688e-04 nan 6.623213291168212891e-01 1.748360184565752570e+04
1.775391399860382080e-02 1.200164575129747391e-02 2.102425026951150955e-09 6.315773725509643555e-01 6.289095282554626465e-01 2.594673132989555597e-04 2.439846139168366790e-04 nan 6.311697959899902344e-01 1.747132499729915071e+04
1.960382424294948578e-02 1.325218472629785538e-02 2.095144031049849183e-09 5.987000465393066406e-01 5.956556200981140137e-01 2.033385826507583261e-04 1.896671601571142673e-04 nan 5.982349514961242676e-01 1.727098366340890425e+04
2.164648845791816711e-02 1.463302597403526306e-02 2.087888252770266929e-09 5.641694664955139160e-01 5.607311725616455078e-01 1.654768129810690880e-04 1.465645473217591643e-04 nan 5.636441707611083984e-01 1.687033112849098325e+04
2.390199340879917145e-02 1.615774817764759064e-02 2.080657597354892904e-09 5.282137989997863770e-01 5.243812799453735352e-01 1.194503711303696036e-04 1.125265334849245846e-04 nan 5.276282429695129395e-01 1.626708273785598612e+04
2.639251388609409332e-02 1.784133911132812500e-02 2.073451995948668221e-09 4.911958873271942139e-01 4.869937896728515625e-01 9.081493772100657225e-05 8.580571011407300830e-05 nan 4.905539155006408691e-01 1.547273462849709540e+04
2.914254181087017059e-02 1.970035769045352936e-02 2.066271340052806293e-09 4.536438882350921631e-01 4.491303265094757080e-01 6.755214417353272438e-05 6.498096627183258533e-05 nan 4.529543220996856689e-01 1.451584856370706621e+04
3.217911347746849060e-02 2.175308018922805786e-02 2.059115554147728899e-09 4.162672758102416992e-01 4.115419089794158936e-01 5.494405922945588827e-05 4.889367119176313281e-05 nan 4.155453145503997803e-01 1.344344077131154881e+04
3.553209081292152405e-02 2.401969395577907562e-02 2.051984539888671147e-09 3.799431622028350830e-01 3.751514256000518799e-01 4.002877176390029490e-05 3.659473077277652919e-05 nan 3.792110979557037354e-01 1.231900822653310934e+04
3.923443704843521118e-02 2.652247995138168335e-02 2.044878229365854235e-09 3.456496894359588623e-01 3.409796059131622314e-01 2.837851752701681107e-05 2.730117375904228538e-05 nan 3.449361920356750488e-01 1.121582507342375902e+04
4.332255572080612183e-02 2.928604744374752045e-02 2.037796533657790378e-09 3.143244981765747070e-01 3.099908232688903809e-01 2.084138031932525337e-05 2.036163641605526209e-05 nan 3.136623799800872803e-01 1.020513158617100999e+04
4.765481501817703247e-02 3.221465647220611572e-02 2.031010053452367756e-09 2.875551581382751465e-01 2.837421000003814697e-01 1.590263309481088072e-05 1.539605000289157033e-05 nan 2.869726121425628662e-01 9.365232812879157791e+03
5.198707059025764465e-02 3.514325991272926331e-02 2.024834231214258902e-09 2.663699984550476074e-01 2.631608843803405762e-01 1.238064487552037463e-05 1.198624795506475493e-05 nan 2.658797204494476318e-01 8.743273924752775201e+03
5.631932616233825684e-02 3.807186335325241089e-02 2.019169610001785353e-09 2.490542382001876831e-01 2.464448511600494385e-01 9.865964784694369882e-06 9.551669791107997298e-06 nan 2.486555874347686768e-01 8.261245131263875010e+03
6.065158173441886902e-02 4.100047051906585693e-02 2.013939112582009273e-09 2.344000488519668579e-01 2.323127537965774536e-01 8.008391887415200472e-06 7.753266800136771053e-06 nan 2.340811491012573242e-01 7.863939741330417746e+03
6.498383730649948120e-02 4.392907395958900452e-02 2.009081821590703985e-09 2.212775051593780518e-01 2.195848971605300903e-01 6.586987183254677802e-06 6.377141744451364502e-06 nan 2.210189104080200195e-01 7.493430790148106098e+03
6.931609660387039185e-02 4.685768112540245056e-02 2.004548729015451583e-09 2.088592648506164551e-01 2.074119597673416138e-01 5.465073172672418877e-06 5.290967692417325452e-06 nan 2.086381465196609497e-01 7.106520024221027597e+03
7.364834845066070557e-02 4.978628456592559814e-02 2.000299865353250301e-09 1.966607272624969482e-01 1.953143477439880371e-01 4.558343334792880341e-06 4.413124770508147776e-06 nan 1.964550316333770752e-01 6.680412531388474235e+03
7.798060774803161621e-02 5.271489173173904419e-02 1.996302173696350216e-09 1.845529824495315552e-01 1.831903308629989624e-01 3.815262516582151875e-06 3.693717644637217745e-06 nan 1.843447834253311157e-01 6.215748214662562532e+03
8.231285959482192993e-02 5.564349144697189331e-02 1.992528044667567094e-09 1.726718544960021973e-01 1.712173670530319214e-01 3.203232608939288184e-06 3.101187076026690193e-06 nan 1.724496334791183472e-01 5.730803320301706663e+03
8.664511889219284058e-02 5.857209861278533936e-02 1.988954134422163219e-09 1.612852662801742554e-01 1.597100347280502319e-01 2.699686774576548487e-06 2.613684500829549506e-06 nan 1.610445976257324219e-01 5.251459425536452727e+03
9.097737073898315430e-02 6.150070205330848694e-02 1.985560585482697045e-09 1.506741046905517578e-01 1.489922702312469482e-01 2.287072675244417042e-06 2.214216010543168522e-06 nan 1.504171639680862427e-01 4.802087882350055224e+03
9.636187553405761719e-02 6.514062732458114624e-02 1.981568674123380254e-09 1.389460712671279907e-01 1.371993422508239746e-01 1.879510250546445604e-06 1.819637759581382852e-06 nan 1.386792063713073730e-01 4.314752819238829943e+03
1.017463728785514832e-01 6.878054887056350708e-02 1.977801256732118934e-09 1.291609555482864380e-01 1.274521201848983765e-01 1.566955006637726910e-06 1.517039322607161012e-06 nan 1.288998872041702271e-01 3.928488551357470897e+03
1.071308776736259460e-01 7.242047041654586792e-02 1.974234781265857972e-09 1.213683336973190308e-01 1.197962090373039246e-01 1.328188886873249430e-06 1.285879079659935087e-06 nan 1.211281567811965942e-01 3.646049047785883431e+03
1.125153750181198120e-01 7.606039196252822876e-02 1.970849203820953451e-09 1.152325198054313660e-01 1.138640195131301880e-01 1.143436975326039828e-06 1.107011712520034052e-06 nan 1.150234341621398926e-01 3.447122777972163931e+03
1.178998723626136780e-01 7.970031350851058960e-02 1.967627323526894450e-09 1.101896017789840698e-01 1.090453937649726868e-01 9.960496072380919941e-07 9.643188150221249089e-07 nan 1.100147888064384460e-01 3.298961015941679307e+03
1.232843771576881409e-01 8.334024250507354736e-02 1.964554264128985100e-09 1.056800559163093567e-01 1.047350466251373291e-01 8.738683732190111186e-07 8.460294793621869758e-07 nan 1.055356785655021667e-01 3.169490990903014790e+03
1.286688745021820068e-01 8.698015660047531128e-02 1.961617102724775952e-09 1.012694090604782104e-01 1.004655882716178894e-01 7.689021686019259505e-07 7.444069183293322567e-07 nan 1.011466011404991150e-01 3.033955236762235472e+03
1.340533792972564697e-01 9.062008559703826904e-02 1.958804483640675406e-09 9.669027477502822876e-02 9.595609456300735474e-02 6.763800683984300122e-07 6.548324336108635180e-07 nan 9.657811373472213745e-02 2.877697172314971340e+03
1.394378840923309326e-01 9.426000714302062988e-02 1.956106446915437174e-09 9.187369048595428467e-02 9.114398062229156494e-02 5.939745619798486587e-07 5.750521268055308610e-07 nan 9.176220744848251343e-02 2.698483843334448011e+03
1.448223739862442017e-01 9.789992123842239380e-02 1.953514161287429418e-09 8.693172782659530640e-02 8.616265654563903809e-02 5.209315645515744109e-07 5.043362989454180934e-07 nan 8.681423217058181763e-02 2.505260590470167244e+03
1.502068787813186646e-01 1.015398502349853516e-01 1.951019758654691563e-09 8.207780867815017700e-02 8.125387877225875854e-02 4.571252247842494398e-07 4.425629072102310602e-07 nan 8.195193111896514893e-02 2.312537070942758874e+03
1.555913835763931274e-01 1.051797717809677124e-01 1.948616241255242070e-09 7.754736393690109253e-02 7.668007165193557739e-02 4.024426516480161808e-07 3.896224711752438452e-07 nan 7.741485536098480225e-02 2.134908544290266946e+03
1.609758734703063965e-01 1.088196933269500732e-01 1.946297314463125787e-09 7.354094088077545166e-02 7.266066223382949829e-02 3.565006352346244967e-07 3.451440306889708154e-07 nan 7.340645045042037964e-02 1.983614570407558176e+03
1.663603782653808594e-01 1.124596148729324341e-01 1.944057316713681798e-09 7.016430795192718506e-02 6.930876523256301880e-02 3.184592287652776577e-07 3.083145259097364033e-07 nan 7.003360241651535034e-02 1.863763044911803718e+03
1.717448830604553223e-01 1.160995438694953918e-01 1.941891129256332855e-09 6.738918274641036987e-02 6.659185886383056641e-02 2.870027913104422623e-07 2.778600958208699012e-07 nan 6.726737320423126221e-02 1.773113298427611198e+03
1.771293878555297852e-01 1.197394654154777527e-01 1.939794125595426991e-09 6.507991999387741089e-02 6.436156481504440308e-02 2.606069244848185917e-07 2.523049715819070116e-07 nan 6.497016549110412598e-02 1.704091941793043361e+03
1.825138777494430542e-01 1.233793795108795166e-01 1.937762091126241291e-09 6.305944919586181641e-02 6.242439150810241699e-02 2.378741186248589656e-07 2.302962656131057884e-07 nan 6.296242773532867432e-02 1.647320468456259050e+03
1.878983825445175171e-01 1.270193010568618774e-01 1.935791175107242678e-09 6.115593761205673218e-02 6.059311702847480774e-02 2.176921043428592384e-07 2.107571219767123694e-07 nan 6.106995046138763428e-02 1.593879604964136433e+03
1.932828873395919800e-01 1.306592375040054321e-01 1.933877861004656685e-09 5.922828614711761475e-02 5.871619284152984619e-02 1.992653295701529714e-07 1.929172981363080908e-07 nan 5.915004760026931763e-02 1.536566874439049116e+03
1.986673772335052490e-01 1.342991441488265991e-01 1.932018951816384183e-09 5.719561874866485596e-02 5.670902878046035767e-02 1.821413349034628482e-07 1.763388297604251420e-07 nan 5.712128058075904846e-02 1.471474256065772124e+03
2.040518820285797119e-01 1.379390656948089600e-01 1.930211465507478933e-09 5.505593866109848022e-02 5.457260459661483765e-02 1.661889683646222693e-07 1.608947002296190476e-07 nan 5.498209223151206970e-02 1.398965073706314115e+03
2.094363868236541748e-01 1.415790021419525146e-01 1.928452677645768952e-09 5.286924913525581360e-02 5.237474292516708374e-02 1.514736993613041705e-07 1.466482331125007477e-07 nan 5.279370397329330444e-02 1.322647775097226258e+03
2.148208767175674438e-01 1.452189087867736816e-01 1.926740094380007882e-09 5.072198808193206787e-02 5.021178349852561951e-02 1.381120426913184929e-07 1.337122910172183765e-07 nan 5.064404010772705078e-02 1.247312099615460738e+03
2.202053815126419067e-01 1.488588303327560425e-01 1.925071368159055733e-09 4.870053008198738098e-02 4.817927628755569458e-02 1.261887234704772709e-07 1.221688421537692193e-07 nan 4.862089455127716064e-02 1.177441801025696577e+03
2.255898863077163696e-01 1.524987667798995972e-01 1.923444343781293656e-09 4.687274247407913208e-02 4.635135829448699951e-02 1.157162401455025247e-07 1.120299799595159129e-07 nan 4.679309204220771790e-02 1.116301558034031586e+03
2.309743911027908325e-01 1.561386883258819580e-01 1.921857033120720865e-09 4.527004808187484741e-02 4.476174339652061462e-02 1.066078851863494492e-07 1.032117822319378320e-07 nan 4.519238695502281189e-02 1.065207768628078156e+03
2.363588809967041016e-01 1.597786098718643188e-01 1.920307567935778733e-09 4.388097673654556274e-02 4.339738190174102783e-02 9.868551842373562977e-08 9.554177893278392730e-08 nan 4.380709305405616760e-02 1.023411927570212356e+03
2.417433857917785645e-01 1.634185314178466797e-01 1.918794213956308179e-09 4.266281053423881531e-02 4.221109300851821899e-02 9.172592285722203087e-08 8.880386559440012206e-08 nan 4.259379953145980835e-02 9.887684355053768286e+02
2.471278905868530273e-01 1.670584529638290405e-01 1.917315352832477265e-09 4.155731573700904846e-02 4.113897308707237244e-02 8.550524910333479056e-08 8.278134799866165849e-08 nan 4.149340465664863586e-02 9.585002537341764537e+02
2.525123953819274902e-01 1.706983745098114014e-01 1.915869472055197894e-09 4.050159826874732971e-02 4.011280834674835205e-02 7.982310279430748778e-08 7.728020534614188364e-08 nan 4.044219851493835449e-02 9.296873747829382637e+02
2.578969001770019531e-01 1.743383109569549561e-01 1.914455150219987163e-09 3.944154083728790283e-02 3.907483443617820740e-02 7.452547379216412082e-08 7.215133024374154047e-08 nan 3.938551992177963257e-02 8.998772565563195940e+02
2.632813751697540283e-01 1.779782027006149292e-01 1.913071083197014340e-09 3.834874182939529419e-02 3.799530118703842163e-02 6.952794961989638978e-08 6.731300317142085987e-08 nan 3.829474002122879028e-02 8.678572934982515790e+02
2.686658799648284912e-01 1.816181391477584839e-01 1.911715991580206360e-09 3.722600266337394714e-02 3.687795251607894897e-02 6.481274539282821934e-08 6.274802188954708981e-08 nan 3.717283159494400024e-02 8.338847682868940865e+02
2.740503847599029541e-01 1.852580606937408447e-01 1.910388727493893778e-09 3.609572350978851318e-02 3.574775904417037964e-02 6.039670807922448148e-08 5.847267203762385179e-08 nan 3.604255989193916321e-02 7.991021318424026276e+02
2.794348895549774170e-01 1.888979822397232056e-01 1.909088184011114833e-09 3.498561680316925049e-02 3.463581576943397522e-02 5.630166199921404768e-08 5.450808870932632999e-08 nan 3.493217378854751587e-02 7.648507428813890101e+02
2.848193943500518799e-01 1.925379037857055664e-01 1.907813323590368924e-09 3.392349556088447571e-02 3.357311338186264038e-02 5.254496571183153719e-08 5.087107268764157197e-08 nan 3.386996686458587646e-02 7.324092267947037271e+02
2.902038991451263428e-01 1.961778402328491211e-01 1.906563162582237113e-09 3.293466567993164062e-02 3.258718550205230713e-02 4.913611206802670495e-08 4.757081839557031344e-08 nan 3.288158029317855835e-02 7.028758732498504287e+02
2.955884039402008057e-01 1.998177617788314819e-01 1.905336787226579552e-09 3.203415870666503906e-02 3.169399499893188477e-02 4.606678061236380017e-08 4.459926472577535606e-08 nan 3.198218718171119690e-02 6.768529619071283605e+02
3.009728789329528809e-01 2.034576684236526489e-01 1.904133323856378078e-09 3.121979720890522003e-02 3.089096769690513611e-02 4.330428282628417946e-08 4.192476765751962375e-08 nan 3.116956353187561035e-02 6.541916875196799310e+02
3.063573837280273438e-01 2.070975899696350098e-01 1.902951936232507350e-09 3.047508001327514648e-02 3.016017749905586243e-02 4.079978310755905113e-08 3.950004767716563947e-08 nan 3.042696788907051086e-02 6.341505547205638322e+02
3.117418885231018066e-01 2.107375115156173706e-01 1.901791846628511990e-09 2.977851219475269318e-02 2.947823144495487213e-02 3.850348662126634736e-08 3.727690156551943801e-08 nan 2.973263524472713470e-02 6.158057707872693527e+02
3.171263933181762695e-01 2.143774479627609253e-01 1.900652308391623192e-09 2.910995483398437500e-02 2.882316522300243378e-02 3.637312673276937858e-08 3.521439850828755880e-08 nan 2.906614169478416443e-02 5.983133126728807838e+02
3.225108981132507324e-01 2.180173695087432861e-01 1.899532626729035332e-09 2.845228090882301331e-02 2.817651815712451935e-02 3.437505569081622525e-08 3.327997788460379525e-08 nan 2.841015346348285675e-02 5.809746100694104598e+02
3.278954029083251953e-01 2.216572910547256470e-01 1.898432128189829179e-09 2.779345959424972534e-02 2.752568200230598450e-02 3.248560886959239724e-08 3.145072824395356292e-08 nan 2.775254845619201660e-02 5.633197711113050445e+02
3.332799077033996582e-01 2.252972126007080078e-01 1.897350177081271127e-09 2.713020145893096924e-02 2.686755545437335968e-02 3.069379062026200700e-08 2.971598789258678153e-08 nan 2.709007635712623596e-02 5.452502934139314448e+02
3.386643826961517334e-01 2.289371192455291748e-01 1.896286172945125672e-09 2.646857313811779022e-02 2.620900236070156097e-02 2.900001483396863478e-08 2.807617072164703131e-08 nan 2.642891742289066315e-02 5.270489410702023179e+02
3.440488874912261963e-01 2.325770407915115356e-01 1.895239531240720810e-09 2.581957168877124786e-02 2.556212432682514191e-02 2.740966920100618154e-08 2.653648856210111262e-08 nan 2.578023821115493774e-02 5.091865490281675761e+02
3.494333922863006592e-01 2.362169772386550903e-01 1.894209703480833635e-09 2.519366145133972168e-02 2.493847906589508057e-02 2.592664749556661263e-08 2.510071794858959038e-08 nan 2.515467628836631775e-02 4.920947487208315465e+02
3.548178970813751221e-01 2.398568987846374512e-01 1.893196174858241155e-09 2.459834516048431396e-02 2.434640191495418549e-02 2.455109004984024068e-08 2.376898144973438320e-08 nan 2.455985359847545624e-02 4.760707570665475146e+02
3.602024018764495850e-01 2.434968203306198120e-01 1.892198441798694543e-09 2.403804101049900055e-02 2.379071712493896484e-02 2.327976389437935723e-08 2.253815267749814666e-08 nan 2.400025352835655212e-02 4.612791166722769276e+02
3.655869066715240479e-01 2.471367418766021729e-01 1.891216027459402332e-09 2.351352758705615997e-02 2.327215485274791718e-02 2.210603966545932053e-08 2.140182076004748524e-08 nan 2.347664907574653625e-02 4.477368539500166662e+02
3.709714114665985107e-01 2.507766783237457275e-01 1.890248472221847833e-09 2.302105538547039032e-02 2.278657443821430206e-02 2.101960561162741215e-08 2.034999546651761193e-08 nan 2.298523299396038055e-02 4.352872870117669777e+02
3.763558864593505859e-01 2.544165849685668945e-01 1.889295352117686434e-09 2.255336754024028778e-02 2.232610061764717102e-02 2.000791177181326930e-08 1.937052829248386843e-08 nan 2.251864597201347351e-02 4.236448503027021388e+02
3.817403912544250488e-01 2.580564916133880615e-01 1.888356242191734645e-09 2.210259437561035156e-02 2.188225276768207550e-02 1.905910274047073472e-08 1.845194574912056851e-08 nan 2.206893078982830048e-02 4.125090198401899784e+02
3.871248960494995117e-01 2.616964280605316162e-01 1.887430735669950155e-09 2.166255563497543335e-02 2.144835889339447021e-02 1.816388284225922689e-08 1.758524170725195290e-08 nan 2.162983082234859467e-02 4.016494829562049631e+02
3.925094008445739746e-01 2.653363645076751709e-01 1.886518457772270655e-09 2.122911624610424042e-02 2.102002501487731934e-02 1.731552679018477647e-08 1.676391292448897730e-08 nan 2.119717374444007874e-02 3.909181483194192879e+02
3.978939056396484375e-01 2.689762711524963379e-01 1.885619049100158659e-09 2.080015838146209717e-02 2.059513144195079803e-02 1.650955461229841603e-08 1.598361798471614748e-08 nan 2.076883427798748016e-02 3.802456954027339862e+02
4.032784104347229004e-01 2.726162075996398926e-01 1.884732143174389957e-09 2.037619426846504211e-02 2.017440833151340485e-02 1.574393060366219288e-08 1.524238335548488976e-08 nan 2.034536562860012054e-02 3.696617209201332912e+02
4.086629152297973633e-01 2.762561440467834473e-01 1.883857409814700777e-09 1.996031589806079865e-02 1.976129040122032166e-02 1.501869384412657382e-08 1.454025078118093006e-08 nan 1.992990821599960327e-02 3.592880062474453666e+02
4.140473902225494385e-01 2.798960208892822266e-01 1.882994538868699288e-09 1.955635659396648407e-02 1.935997977852821350e-02 1.433434970721236823e-08 1.387770787175668374e-08 nan 1.952635496854782104e-02 3.492691738435969455e+02
4.194318950176239014e-01 2.835359573364257812e-01 1.882143190604211824e-09 1.916692778468132019e-02 1.897339709103107452e-02 1.369039015486350763e-08 1.325426346454605664e-08 nan 1.913735829293727875e-02 3.397011017082476201e+02
4.248163998126983643e-01 2.871758937835693359e-01 1.881303079826970542e-09 1.879324205219745636e-02 1.860293187201023102e-02 1.308529018473336691e-08 1.266843874248024804e-08 nan 1.876416616141796112e-02 3.306263229213515160e+02
4.302009046077728271e-01 2.908158004283905029e-01 1.880473925305205483e-09 1.843578927218914032e-02 1.824910566210746765e-02 1.251708958704966790e-08 1.211834010916845727e-08 nan 1.840726844966411591e-02 3.220595354422711694e+02
4.355854094028472900e-01 2.944557368755340576e-01 1.879655436356054805e-09 1.809409633278846741e-02 1.791135407984256744e-02 1.198330146223725023e-08 1.160155438384435911e-08 nan 1.806617714464664459e-02 3.139806931313785867e+02
4.409699141979217529e-01 2.980956733226776123e-01 1.878847353036435648e-09 1.776609383523464203e-02 1.758742332458496094e-02 1.148056671951280805e-08 1.111483438620552988e-08 nan 1.773879677057266235e-02 3.063145770142040192e+02
4.463544189929962158e-01 3.017355799674987793e-01 1.878049424887222573e-09 1.744872145354747772e-02 1.727405562996864319e-02 1.100516300311937812e-08 1.065457677640324619e-08 nan 1.742203533649444580e-02 2.989534184675314918e+02
4.517388939857482910e-01 3.053754866123199463e-01 1.877261397654174740e-09 1.713944040238857269e-02 1.696853153407573700e-02 1.055399501126430550e-08 1.021778039955734130e-08 nan 1.711332798004150391e-02 2.918099252195926852e+02
4.571233987808227539e-01 3.090154230594635010e-01 1.876483026309890802e-09 1.683684252202510834e-02 1.666934043169021606e-02 1.012489736496036130e-08 9.802352707311001723e-09 nan 1.681125164031982422e-02 2.848374171472864305e+02
4.625079035758972168e-01 3.126553297042846680e-01 1.875714093387305177e-09 1.654012501239776611e-02 1.637564599514007568e-02 9.716226934131100279e-09 9.406701195757705136e-09 nan 1.651499606668949127e-02 2.780107783718781889e+02
4.678924083709716797e-01 3.162952661514282227e-01 1.874954364165268396e-09 1.624877937138080597e-02 1.608698815107345581e-02 9.326634575756997947e-09 9.029520242620492354e-09 nan 1.622406020760536194e-02 2.713154950078670140e+02
4.732769131660461426e-01 3.199352025985717773e-01 1.874203630559428286e-09 1.596303284168243408e-02 1.580369286239147186e-02 8.955282737588277087e-09 8.669997164645337762e-09 nan 1.593869179487228394e-02 2.647623599080642975e+02
4.786614179611206055e-01 3.235751092433929443e-01 1.873461691551420399e-09 1.568402163684368134e-02 1.552701182663440704e-02 8.601872991675918456e-09 8.327847744737937319e-09 nan 1.566003449261188507e-02 2.583910630022899113e+02
4.840458929538726807e-01 3.272150158882141113e-01 1.872728340933758753e-09 1.541300863027572632e-02 1.525831967592239380e-02 8.266182405236577324e-09 8.002849938293365994e-09 nan 1.538937538862228394e-02 2.522447466369837059e+02
4.894303977489471436e-01 3.308549523353576660e-01 1.872003379495005729e-09 1.515054237097501755e-02 1.499824225902557373e-02 7.947595470625401504e-09 7.694413106662523205e-09 nan 1.512727327644824982e-02 2.463415686951373971e+02
4.948149025440216064e-01 3.344948589801788330e-01 1.871286632213937058e-09 1.489646639674901962e-02 1.474664919078350067e-02 7.645165389646990661e-09 7.401616652913389771e-09 nan 1.487357728183269501e-02 2.406759969494141274e+02
5.001994371414184570e-01 3.381348252296447754e-01 1.870577900826693527e-09 1.465045101940631866e-02 1.450320146977901459e-02 7.357907172433897358e-09 7.123509337958466858e-09 nan 1.462795492261648178e-02 2.352367092314791250e+02
5.055838823318481445e-01 3.417747020721435547e-01 1.869877039368293133e-09 1.441215537488460541e-02 1.426751073449850082e-02 7.084890452091485713e-09 6.859190548880178540e-09 nan 1.439005788415670395e-02 2.300118197082958318e+02
5.109683871269226074e-01 3.454146385192871094e-01 1.869183849789121820e-09 1.418091077357530594e-02 1.403884589672088623e-02 6.825083165296064180e-09 6.607659752688732624e-09 nan 1.415920536965131760e-02 2.249793342855662104e+02
5.163528919219970703e-01 3.490545451641082764e-01 1.868498185335105332e-09 1.395563036203384399e-02 1.381606329232454300e-02 6.577326239209924097e-09 6.367795180040047853e-09 nan 1.393430680036544800e-02 2.201044645144403660e+02
5.217373967170715332e-01 3.526944816112518311e-01 1.867819876059786520e-09 1.373532600700855255e-02 1.359812822192907333e-02 6.340580949171226166e-09 6.138591412963023686e-09 nan 1.371436566114425659e-02 2.153561188445789867e+02
5.271219015121459961e-01 3.563344180583953857e-01 1.867148773833358248e-09 1.351957395672798157e-02 1.338460110127925873e-02 6.114138084711839838e-09 5.919362777717651625e-09 nan 1.349895261228084564e-02 2.107215684106400886e+02
5.325064063072204590e-01 3.599743247032165527e-01 1.866484735032350672e-09 1.330836862325668335e-02 1.317547913640737534e-02 5.897519805841966445e-09 5.709644756990428505e-09 nan 1.328806672245264053e-02 2.062014306926804466e+02
5.378909111022949219e-01 3.636142611503601074e-01 1.865827604301946768e-09 1.310168672353029251e-02 1.297076325863599777e-02 5.690265592050991472e-09 5.508993261571504263e-09 nan 1.308168377727270126e-02 2.017956750525457039e+02
5.432754158973693848e-01 3.672541677951812744e-01 1.865177252290424566e-09 1.289944816380739212e-02 1.277041342109441757e-02 5.491918031452769355e-09 5.316964646340238687e-09 nan 1.287973485887050629e-02 1.975026221658207817e+02
5.486599206924438477e-01 3.708941042423248291e-01 1.864533532427482462e-09 1.270182523876428604e-02 1.257463358342647552e-02 5.302149386210430748e-09 5.133240499333169282e-09 nan 1.268239319324493408e-02 1.933279792876895726e+02
5.540444254875183105e-01 3.745340406894683838e-01 1.863896318172137942e-09 1.250919979065656662e-02 1.238383725285530090e-02 5.120732282648532419e-09 4.957603216837469517e-09 nan 1.249004621058702469e-02 1.892837250153448281e+02
5.594289302825927734e-01 3.781739473342895508e-01 1.863265486641235488e-09 1.232173014432191849e-02 1.219819858670234680e-02 4.947357190587808873e-09 4.789751262279651201e-09 nan 1.230285689234733582e-02 1.853746757271591150e+02
5.648134350776672363e-01 3.818138837814331055e-01 1.862640903204479876e-09 1.213915925472974777e-02 1.201746519654989243e-02 4.781565365874484996e-09 4.629240990539074119e-09 nan 1.212056819349527359e-02 1.815929261150341176e+02
5.701979398727416992e-01 3.854538202285766602e-01 1.862022452330667509e-09 1.196113228797912598e-02 1.184127200394868851e-02 4.622882077143231072e-09 4.475612769283543457e-09 nan 1.194282062351703644e-02 1.779275539155938191e+02
5.755824446678161621e-01 3.890937268733978271e-01 1.861410021730888845e-09 1.178747043013572693e-02 1.166942436248064041e-02 4.470929404476464697e-09 4.328501113093352615e-09 nan 1.176943723112344742e-02 1.743732332406499665e+02
5.809668898582458496e-01 3.927336037158966064e-01 1.860803497296447543e-09 1.161801628768444061e-02 1.150174811482429504e-02 4.325356517398404321e-09 4.187565849633756443e-09 nan 1.160025410354137421e-02 1.709250489817998471e+02
5.863513946533203125e-01 3.963735401630401611e-01 1.860202753428811389e-09 1.145240105688571930e-02 1.133785583078861237e-02 4.185753521568358337e-09 4.052409963151148986e-09 nan 1.143490057438611984e-02 1.675721497328931946e+02
5.917358994483947754e-01 4.000134766101837158e-01 1.859607692406273365e-09 1.129019353538751602e-02 1.117730885744094849e-02 4.051714963537733638e-09 3.922641322873232639e-09 nan 1.127294823527336121e-02 1.643020880712384724e+02
5.971204042434692383e-01 4.036533832550048828e-01 1.859018214291441706e-09 1.113122329115867615e-02 1.101993862539529800e-02 3.922947300338819332e-09 3.797976155794913211e-09 nan 1.111422199755907059e-02 1.611100245284380037e+02
6.025049090385437012e-01 4.072933197021484375e-01 1.858434207544148841e-09 1.097556203603744507e-02 1.086581498384475708e-02 3.799258685432960192e-09 3.678227500358843827e-09 nan 1.095879543572664261e-02 1.579982414953797729e+02
6.078894138336181641e-01 4.109332561492919922e-01 1.857855577876460681e-09 1.082321628928184509e-02 1.071495842188596725e-02 3.680444393694415339e-09 3.563198180955851058e-09 nan 1.080667786300182343e-02 1.549672057711793229e+02
6.132739186286926270e-01 4.145731627941131592e-01 1.857282233477322155e-09 1.067405752837657928e-02 1.056725252419710159e-02 3.566262840593026340e-09 3.452654162572343921e-09 nan 1.065774075686931610e-02 1.520132685667324210e+02
6.186584234237670898e-01 4.182130992412567139e-01 1.856714071034082293e-09 1.052802149206399918e-02 1.042264234274625778e-02 3.456507302601607989e-09 3.346394938930075114e-09 nan 1.051192265003919601e-02 1.491348221399060208e+02
6.240429282188415527e-01 4.218530058860778809e-01 1.856151008397507339e-09 1.038521062582731247e-02 1.028123684227466583e-02 3.351033450726959018e-09 3.244281066017151716e-09 nan 1.036932505667209625e-02 1.463348026558796278e+02
6.294274330139160156e-01 4.254929423332214355e-01 1.855592947277603754e-09 1.024567708373069763e-02 1.014309469610452652e-02 3.249688296236286078e-09 3.146164440082088731e-09 nan 1.023000571876764297e-02 1.436147112405698749e+02
6.556535363197326660e-01 4.432217776775360107e-01 1.852943630635520644e-09 9.607693180441856384e-03 9.511590003967285156e-03 2.808428378742178211e-09 2.718961500391969821e-09 nan 9.593010880053043365e-03 1.313606498592132823e+02
8.039034605026245117e-01 5.434387326240539551e-01 1.839770603253567837e-09 6.944173015654087067e-03 6.874726619571447372e-03 1.350224487772777593e-09 1.307211006107422691e-09 nan 6.933562923222780228e-03 8.354093608473874610e+01
9.932619333267211914e-01 6.714450716972351074e-01 1.826201010048688587e-09 4.931765608489513397e-03 4.882460460066795349e-03 6.281572484390096633e-10 6.081463110874096856e-10 nan 4.924233071506023407e-03 5.167832016053728950e+01
1.227223634719848633e+00 8.296031951904296875e-01 1.812731498599941669e-09 3.485390450805425644e-03 3.450554329901933670e-03 2.908022156411504966e-10 2.815382926790732654e-10 nan 3.480068407952785492e-03 3.165567673337528731e+01
1.516294717788696289e+00 1.025015234947204590e+00 1.799361337301671755e-09 2.452292945235967636e-03 2.427787985652685165e-03 1.340290656237641542e-10 1.297593699156607272e-10 nan 2.448549028486013412e-03 1.921933916869856773e+01
1.873456120491027832e+00 1.266456365585327148e+00 1.786089789356977996e-09 1.718454994261264801e-03 1.701286644674837589e-03 6.152410525483986703e-11 5.956415222163613521e-11 nan 1.715832040645182133e-03 1.157484573961584395e+01
2.314746379852294922e+00 1.564768552780151367e+00 1.772916133006574509e-09 1.199802965857088566e-03 1.187818474136292934e-03 2.813827469638763290e-11 2.724188583047570944e-11 nan 1.197972102090716362e-03 6.919963558115508562e+00
2.859982252120971680e+00 1.933347940444946289e+00 1.759839636962373426e-09 8.348889532499015331e-04 8.265509386546909809e-04 1.282616027276084480e-11 1.241756263786752967e-11 nan 8.336150785908102989e-04 4.109475501018747146e+00
3.533647537231445312e+00 2.388745784759521484e+00 1.746859588797865175e-09 5.791874718852341175e-04 5.734041915275156498e-04 5.828646593153408162e-12 5.642965261731802684e-12 nan 5.783039378002285957e-04 2.425561984021287198e+00
4.365993976593017578e+00 2.951411962509155273e+00 1.733975279535418463e-09 4.006755771115422249e-04 3.966755757573992014e-04 2.641326610555716492e-12 2.557182330470419984e-12 nan 4.000644548796117306e-04 1.423655082033240094e+00
5.394398689270019531e+00 3.646613597869873047e+00 1.721185999058096773e-09 2.764717501122504473e-04 2.737124159466475248e-04 1.193880606355224305e-12 1.155847227825301804e-12 nan 2.760501811280846596e-04 8.313152703502515450e-01
6.665042877197265625e+00 4.505568981170654297e+00 1.708491050912268841e-09 1.903178199427202344e-04 1.884189696284011006e-04 5.383575529815942673e-13 5.212070467060236911e-13 nan 1.900277275126427412e-04 4.831349325573656150e-01
8.234986305236816406e+00 5.566850662231445312e+00 1.695889732548296616e-09 1.307257189182564616e-04 1.294220419367775321e-04 2.422335064738295740e-13 2.345165348808381234e-13 nan 1.305265614064410329e-04 2.795613414267637542e-01
1.017472743988037109e+01 6.878115653991699219e+00 1.683381361073609185e-09 8.961182902567088604e-05 8.871873433236032724e-05 1.087729895304229144e-13 1.053076964280426353e-13 nan 8.947539026848971844e-05 1.611132689864512579e-01
1.257137203216552734e+01 8.498247146606445312e+00 1.670965250288532184e-09 6.131342524895444512e-05 6.070293602533638477e-05 4.875229248622360567e-14 4.719910172337055121e-14 nan 6.122015474829822779e-05 9.250341951902651960e-02
1.553254413604736328e+01 1.050000000000000000e+01 1.658640709094829109e-09 4.187825106782838702e-05 4.146185892750509083e-05 2.181291104230535793e-14 2.111795100226930566e-14 nan 4.181463737040758133e-05 5.292616680050005185e-02
