# k/h [h/Mpc]            k [1/Mpc]              Primoridal             T_cdm(k)                 T_bar(k)                 T_phot(k)                T_massless neutrions(k)  T_massive neutrinos(k)   T_total(k)               Linear Pk [(Mpc)^-3]   
1.049045658874092624e-05 7.091548468451946974e-06 2.727206404909961128e-09 1.000000000000000000e+00 1.000000000000000000e+00 1.000000000000000000e+00 1.000000000000000000e+00 nan 1.000000000000000000e+00 6.539805510125965782e+00
1.158353370556142181e-05 7.830468348402064294e-06 2.717761705682844603e-09 9.999998211860656738e-01 9.999998211860656738e-01 9.999781847000122070e-01 9.999778270721435547e-01 nan 9.999998211860656738e-01 7.196224698135972098e+00
1.279050593439023942e-05 8.646382411825470626e-06 2.708349706436794825e-09 9.999996423721313477e-01 9.999995231628417969e-01 9.999514222145080566e-01 9.999507069587707520e-01 nan 9.999996423721313477e-01 7.918530244546079011e+00
1.412324218108551577e-05 9.547311492497101426e-06 2.698970312856197758e-09 9.999992847442626953e-01 9.999992847442626953e-01 9.999189972877502441e-01 9.999176263809204102e-01 nan 9.999992847442626953e-01 8.713333489494690554e+00
1.559484553581569344e-05 1.054211588780162856e-05 2.689623392481895528e-09 9.999989867210388184e-01 9.999989271163940430e-01 9.998794198036193848e-01 9.998773336410522461e-01 nan 9.999989867210388184e-01 9.587913519618217251e+00
1.721978514979127795e-05 1.164057448477251455e-05 2.680308856040028027e-09 9.999985098838806152e-01 9.999985098838806152e-01 9.998310208320617676e-01 9.998282194137573242e-01 nan 9.999985098838806152e-01 1.055027308246190110e+01
1.901403993542771786e-05 1.285349117097212002e-05 2.671026563908324178e-09 9.999979734420776367e-01 9.999979734420776367e-01 9.997721314430236816e-01 9.997683167457580566e-01 nan 9.999979734420776367e-01 1.160922590365795060e+01
2.099525045196060091e-05 1.419278942194068804e-05 2.661776424936157355e-09 9.999973177909851074e-01 9.999971985816955566e-01 9.997004270553588867e-01 9.996952414512634277e-01 nan 9.999973177909851074e-01 1.277446602135757914e+01
2.318289807590190321e-05 1.567163963045459241e-05 2.652558315858844083e-09 9.999965429306030273e-01 9.999964237213134766e-01 9.996128082275390625e-01 9.996063113212585449e-01 nan 9.999964237213134766e-01 1.405665602071266385e+01
2.559849235694855452e-05 1.730458097881637514e-05 2.643372135990062650e-09 9.999955296516418457e-01 9.999954104423522949e-01 9.995061755180358887e-01 9.994978308677673340e-01 nan 9.999955296516418457e-01 1.546754003615392037e+01
2.826578383974265307e-05 1.910767059598583728e-05 2.634217767634683471e-09 9.999943375587463379e-01 9.999942183494567871e-01 9.993760585784912109e-01 9.993654489517211914e-01 nan 9.999943375587463379e-01 1.702002622487299277e+01
3.121100235148333013e-05 2.109863817167934030e-05 2.625095097817206075e-09 9.999928474426269531e-01 9.999927282333374023e-01 9.992173910140991211e-01 9.992041587829589844e-01 nan 9.999927878379821777e-01 1.872832532744243750e+01
3.446310074650682509e-05 2.329705603187903762e-05 2.616004033478672110e-09 9.999911189079284668e-01 9.999909996986389160e-01 9.990240335464477539e-01 9.990076422691345215e-01 nan 9.999911189079284668e-01 2.060807773114611408e+01
3.805406231549568474e-05 2.572454650362487882e-05 2.606944439452153756e-09 9.999889731407165527e-01 9.999887943267822266e-01 9.987884163856506348e-01 9.987678527832031250e-01 nan 9.999889135360717773e-01 2.267647705896244048e+01
4.201919000479392707e-05 2.840497290890198201e-05 2.597916226597658093e-09 9.999862909317016602e-01 9.999860525131225586e-01 9.985011219978332520e-01 9.984757304191589355e-01 nan 9.999862909317016602e-01 2.495245860738829791e+01
4.639747567125596106e-05 3.136469240416772664e-05 2.588919279439887767e-09 9.999830722808837891e-01 9.999828338623046875e-01 9.981508851051330566e-01 9.981195926666259766e-01 nan 9.999830722808837891e-01 2.745684435163844128e+01
5.123196388012729585e-05 3.463280881987884641e-05 2.579953483847589841e-09 9.999790787696838379e-01 9.999787807464599609e-01 9.977241754531860352e-01 9.976856112480163574e-01 nan 9.999790787696838379e-01 3.021253439140807018e+01
5.657019573845900595e-05 3.824145096587017179e-05 2.571018745591721348e-09 9.999743700027465820e-01 9.999740123748779297e-01 9.972040653228759766e-01 9.971567392349243164e-01 nan 9.999743103981018066e-01 3.324475072391640396e+01
6.246465636650100350e-05 4.222610732540488243e-05 2.562114941593048984e-09 9.999685287475585938e-01 9.999681115150451660e-01 9.965702295303344727e-01 9.965121746063232422e-01 nan 9.999684691429138184e-01 3.658120580085355300e+01
6.897329876665025949e-05 4.662595165427774191e-05 2.553241977543412439e-09 9.999614357948303223e-01 9.999608993530273438e-01 9.957978725433349609e-01 9.957268238067626953e-01 nan 9.999613165855407715e-01 4.025240485384631484e+01
7.616012590005993843e-05 5.148424679646268487e-05 2.544399743325443185e-09 9.999527931213378906e-01 9.999520778656005859e-01 9.948570132255554199e-01 9.947701096534729004e-01 nan 9.999527335166931152e-01 4.429190482038557519e+01
8.409580186707898974e-05 5.684876305167563260e-05 2.535588130685252624e-09 9.999421834945678711e-01 9.999414682388305664e-01 9.937109947204589844e-01 9.936047792434692383e-01 nan 9.999420642852783203e-01 4.873659257006957546e+01
9.285835403716191649e-05 6.277224747464060783e-05 2.526807033334104165e-09 9.999293088912963867e-01 9.999284148216247559e-01 9.923154711723327637e-01 9.921857118606567383e-01 nan 9.999291896820068359e-01 5.362706159072183709e+01
1.025339443003758788e-04 6.931294774403795600e-05 2.518056339675267213e-09 9.999136924743652344e-01 9.999125003814697266e-01 9.906165003776550293e-01 9.904580116271972656e-01 nan 9.999135136604309082e-01 5.900793420888656016e+01
1.132176985265687108e-04 7.653516513528302312e-05 2.509335958204897443e-09 9.998945593833923340e-01 9.998931288719177246e-01 9.885485172271728516e-01 9.883553385734558105e-01 nan 9.998943209648132324e-01 6.492826008156976059e+01
1.250146742677316070e-04 8.450992027064785361e-05 2.500645773867358897e-09 9.998711943626403809e-01 9.998695254325866699e-01 9.860327839851379395e-01 9.857974648475646973e-01 nan 9.998709559440612793e-01 7.144198973155685906e+01
1.380408502882346511e-04 9.331561159342527390e-05 2.491985695624705562e-09 9.998427629470825195e-01 9.998407363891601562e-01 9.829735159873962402e-01 9.826869964599609375e-01 nan 9.998424649238586426e-01 7.860836900324304111e+01
1.524243270978331566e-04 1.030388448270969093e-04 2.483355596498544299e-09 9.998082518577575684e-01 9.998056888580322266e-01 9.792557358741760254e-01 9.789071083068847656e-01 nan 9.998078346252441406e-01 8.649255707867762055e+01
1.683065347606316209e-04 1.137752187787555158e-04 2.474755379885282393e-09 9.997660517692565918e-01 9.997630119323730469e-01 9.747406244277954102e-01 9.743170738220214844e-01 nan 9.997656345367431641e-01 9.516606687412733834e+01
1.858436153270304203e-04 1.256302784895524383e-04 2.466184957973141175e-09 9.997147321701049805e-01 9.997109770774841309e-01 9.692621231079101562e-01 9.687480330467224121e-01 nan 9.997141361236572266e-01 1.047074037929069164e+02
2.052080089924857020e-04 1.387206139042973518e-04 2.457644209414643305e-09 9.996520876884460449e-01 9.996474981307983398e-01 9.626216888427734375e-01 9.619982838630676270e-01 nan 9.996514320373535156e-01 1.152027755267727116e+02
2.265901130158454180e-04 1.531749148853123188e-04 2.449133045395065615e-09 9.995759129524230957e-01 9.995704293251037598e-01 9.545833468437194824e-01 9.538286924362182617e-01 nan 9.995750784873962402e-01 1.267466849198548573e+02
2.502001880202442408e-04 1.691353245405480266e-04 2.440651351248999153e-09 9.994832277297973633e-01 9.994764328002929688e-01 9.448682665824890137e-01 9.439563155174255371e-01 nan 9.994822144508361816e-01 1.394427614353491265e+02
2.762703516054898500e-04 1.867587561719119549e-04 2.432199034655000626e-09 9.993704557418823242e-01 9.993621706962585449e-01 9.331492185592651367e-01 9.320496916770935059e-01 nan 9.993691444396972656e-01 1.534043703513605124e+02
3.050569503102451563e-04 2.062184939859434962e-04 2.423775992290330563e-09 9.992330670356750488e-01 9.992231726646423340e-01 9.190467000007629395e-01 9.177242517471313477e-01 nan 9.992315769195556641e-01 1.687555784202408518e+02
3.368430479895323515e-04 2.277058956678956747e-04 2.415382114947829304e-09 9.990662336349487305e-01 9.990541338920593262e-01 9.021248221397399902e-01 9.005391001701354980e-01 nan 9.990643858909606934e-01 1.856319940555385415e+02
3.719411906786262989e-04 2.514322404749691486e-04 2.407017301830847028e-09 9.988635182380676270e-01 9.988489151000976562e-01 8.818918466567993164e-01 8.799976706504821777e-01 nan 9.988612532615661621e-01 2.041814315918741443e+02
4.106964333914220333e-04 2.776307810563594103e-04 2.398681465071051552e-09 9.986172914505004883e-01 9.985997080802917480e-01 8.578051924705505371e-01 8.555528521537780762e-01 nan 9.986145496368408203e-01 2.245648242167061994e+02
4.534898616839200258e-04 3.065591445192694664e-04 2.390374494355455649e-09 9.983186721801757812e-01 9.982974529266357422e-01 8.292833566665649414e-01 8.266199827194213867e-01 nan 9.983153939247131348e-01 2.469570886707700765e+02
5.007422878406941891e-04 3.385017917025834322e-04 2.382096284987275655e-09 9.979567527770996094e-01 9.979313611984252930e-01 7.957307100296020508e-01 7.926027774810791016e-01 nan 9.979528784751892090e-01 2.715476692741118541e+02
5.529182380996644497e-04 3.737727238330990076e-04 2.373846756225058361e-09 9.975188374519348145e-01 9.974885582923889160e-01 7.565776109695434570e-01 7.529344558715820312e-01 nan 9.975141882896423340e-01 2.985411651777507132e+02
6.105307838879525661e-04 4.127188003621995449e-04 2.365625794166928840e-09 9.969897270202636719e-01 9.969536066055297852e-01 7.113422751426696777e-01 7.071421146392822266e-01 nan 9.969842433929443359e-01 3.281577305198389354e+02
6.741464603692293167e-04 4.557229985948652029e-04 2.357433293568910220e-09 9.963516592979431152e-01 9.963087439537048340e-01 6.597210168838500977e-01 6.549385786056518555e-01 nan 9.963450431823730469e-01 3.606331597817143120e+02
7.443906506523489952e-04 5.032080807723104954e-04 2.349269171114912410e-09 9.955837726593017578e-01 9.955332875251770020e-01 6.017082333564758301e-01 5.963444709777832031e-01 nan 9.955760240554809570e-01 3.962187244144939200e+02
8.219541050493717194e-04 5.556409596465528011e-04 2.341133324843220307e-09 9.946622252464294434e-01 9.946030974388122559e-01 5.377472043037414551e-01 5.318417549133300781e-01 nan 9.946531653404235840e-01 4.351805592026843215e+02
9.075994603335857391e-04 6.135372095741331577e-04 2.333025652639057309e-09 9.935595989227294922e-01 9.934908151626586914e-01 4.688998460769653320e-01 4.625423848628997803e-01 nan 9.935490489006042480e-01 4.777985304698574964e+02
1.002168864943087101e-03 6.774661596864461899e-04 2.324946049885245546e-09 9.922450184822082520e-01 9.921658039093017578e-01 3.970072269439697266e-01 3.903457820415496826e-01 nan 9.922329783439636230e-01 5.243647827350378066e+02
1.106592128053307533e-03 7.480562780983746052e-04 2.316894434325377400e-09 9.906842708587646484e-01 9.905939102172851562e-01 3.247857689857482910e-01 3.180265128612518311e-01 nan 9.906705021858215332e-01 5.751812389462198780e+02
1.221895916387438774e-03 8.260016329586505890e-04 2.308870708568745277e-09 9.888399243354797363e-01 9.887378811836242676e-01 2.557760775089263916e-01 2.491666823625564575e-01 nan 9.888244271278381348e-01 6.305573886908714485e+02
1.349214115180075169e-03 9.120687609538435936e-04 2.300874762407135126e-09 9.866717457771301270e-01 9.865577816963195801e-01 1.940325349569320679e-01 1.878229975700378418e-01 nan 9.866542816162109375e-01 6.908063182954974764e+02
1.489798538386821747e-03 1.007103826850652695e-03 2.292906509188567727e-09 9.841371774673461914e-01 9.840109944343566895e-01 1.434558331966400146e-01 1.378343254327774048e-01 nan 9.841178655624389648e-01 7.562416108076129149e+02
1.645031501539051533e-03 1.112041296437382698e-03 2.284965850418265676e-09 9.811922311782836914e-01 9.810535311698913574e-01 1.067557409405708313e-01 1.017721742391586304e-01 nan 9.811710119247436523e-01 8.271719585897227489e+02
1.816439209505915642e-03 1.227912958711385727e-03 2.277052691606405739e-09 9.777911901473999023e-01 9.776390790939331055e-01 8.424727618694305420e-02 7.975893467664718628e-02 nan 9.777680039405822754e-01 9.038950721294573896e+02
2.005707239732146263e-03 1.355858054012060165e-03 2.269166941709029953e-09 9.738871455192565918e-01 9.737193584442138672e-01 7.301864773035049438e-02 6.871470063924789429e-02 nan 9.738615155220031738e-01 9.866903275884085360e+02
2.214696491137146950e-03 1.497134799137711525e-03 2.261308494449764354e-09 9.694306254386901855e-01 9.692431688308715820e-01 6.730511784553527832e-02 6.285814940929412842e-02 nan 9.694019556045532227e-01 1.075806688722305353e+03
2.445461694151163101e-03 1.653132145293056965e-03 2.253477264686429142e-09 9.643687009811401367e-01 9.641559123992919922e-01 6.073834374547004700e-02 5.605411529541015625e-02 nan 9.643362760543823242e-01 1.171449230464323136e+03
2.700272016227245331e-03 1.825383864343166351e-03 2.245673160886940457e-09 9.586443305015563965e-01 9.583984017372131348e-01 4.998474195599555969e-02 4.537079855799674988e-02 nan 9.586067795753479004e-01 1.273759727764905165e+03
2.981632947921752930e-03 2.015583915635943413e-03 2.237896076485985185e-09 9.521955251693725586e-01 9.519082307815551758e-01 3.723851218819618225e-02 3.322233632206916809e-02 nan 9.521516561508178711e-01 1.382798133863420617e+03
3.292310982942581177e-03 2.225602278485894203e-03 2.230145925871712440e-09 9.449567198753356934e-01 9.446197152137756348e-01 2.806576900184154510e-02 2.484283037483692169e-02 nan 9.449052214622497559e-01 1.498521705767514959e+03
3.635360859334468842e-03 2.457503927871584892e-03 2.222422616889744185e-09 9.368605613708496094e-01 9.364656805992126465e-01 2.469703927636146545e-02 2.212155796587467194e-02 nan 9.368002414703369141e-01 1.620767144232301007e+03
4.014155361801385880e-03 2.713568974286317825e-03 2.214726058195065524e-09 9.278386235237121582e-01 9.273749589920043945e-01 2.249909006059169769e-02 1.797091215848922729e-02 nan 9.277678132057189941e-01 1.749223095770451664e+03
4.432419314980506897e-03 2.996315481141209602e-03 2.207056148657132701e-09 9.178211688995361328e-01 9.172735214233398438e-01 1.722841896116733551e-02 1.458170730620622635e-02 nan 9.177375435829162598e-01 1.883404791532528634e+03
4.894265439361333847e-03 3.308523446321487427e-03 2.199412800139309644e-09 9.067366123199462891e-01 9.060863256454467773e-01 1.271499134600162506e-02 1.181612536311149597e-02 nan 9.066372513771057129e-01 2.022617866179585917e+03
5.404234398156404495e-03 3.653262509033083916e-03 2.191795924301313793e-09 8.945131897926330566e-01 8.937400579452514648e-01 1.162936817854642868e-02 9.561129845678806305e-03 nan 8.943950533866882324e-01 2.165935356221410075e+03
5.967340432107448578e-03 4.033922217786312103e-03 2.184205430909534259e-09 8.810790181159973145e-01 8.801597952842712402e-01 9.052503854036331177e-03 7.724332157522439957e-03 nan 8.809385299682617188e-01 2.312160302874898662e+03
6.589121185243129730e-03 4.454245790839195251e-03 2.176641221197925960e-09 8.663622140884399414e-01 8.652673959732055664e-01 6.991515401750802994e-03 6.229621358215808868e-03 nan 8.661949634552001953e-01 2.459790520799493152e+03
7.275689393281936646e-03 4.918366204947233200e-03 2.169103203027300791e-09 8.502914905548095703e-01 8.489866256713867188e-01 6.420376710593700409e-03 5.014586728066205978e-03 nan 8.500921726226806641e-01 2.606986784289234492e+03
8.033796213567256927e-03 5.430846009403467178e-03 2.161591299930936394e-09 8.327957987785339355e-01 8.312418460845947266e-01 4.311109893023967743e-03 4.028166644275188446e-03 nan 8.325583934783935547e-01 2.751542611467560619e+03
8.870895951986312866e-03 5.996725521981716156e-03 2.154105401952956366e-09 8.138042688369750977e-01 8.119545578956604004e-01 3.970229532569646835e-03 3.228340065106749535e-03 nan 8.135216236114501953e-01 2.890846931311567914e+03
9.795218706130981445e-03 6.621567998081445694e-03 2.146645430474833453e-09 7.932478189468383789e-01 7.910497784614562988e-01 3.021504962816834450e-03 2.580779837444424629e-03 nan 7.929119467735290527e-01 3.021877482657016117e+03
1.081585418432950974e-02 7.311517372727394104e-03 2.139211293795359687e-09 7.710584402084350586e-01 7.684516310691833496e-01 2.074131509289145470e-03 2.057323232293128967e-03 nan 7.706601619720458984e-01 3.141179936508120136e+03
1.194283645600080490e-02 8.073357865214347839e-03 2.131802900090153706e-09 7.471709251403808594e-01 7.440884709358215332e-01 2.067935187369585037e-03 1.634915708564221859e-03 nan 7.466999292373657227e-01 3.244884202487751281e+03
1.318724639713764191e-02 8.914578706026077271e-03 2.124420174276236449e-09 7.215267419815063477e-01 7.178952097892761230e-01 1.444121357053518295e-03 1.294722314924001694e-03 nan 7.209720015525817871e-01 3.328769608808398516e+03
1.456132158637046814e-02 9.843453764915466309e-03 2.117063005254935590e-09 6.940780282020568848e-01 6.898199319839477539e-01 1.142832450568675995e-03 1.021329080685973167e-03 nan 6.934274435043334961e-01 3.388356520007300787e+03
1.607857085764408112e-02 1.086911372840404510e-02 2.109731324472420402e-09 6.647960543632507324e-01 6.598327159881591797e-01 9.623595979064702988e-04 8.021613466553390026e-04 nan 6.640377640724182129e-01 3.419105974659215917e+03
1.775391399860382080e-02 1.200164575129747391e-02 2.102425026951150955e-09 6.336836814880371094e-01 6.279408931732177734e-01 6.987351225689053535e-04 6.269635632634162903e-04 nan 6.328063607215881348e-01 3.416715008345914612e+03
1.960382424294948578e-02 1.325218472629785538e-02 2.095144031049849183e-09 6.007927656173706055e-01 5.942080020904541016e-01 5.364383687265217304e-04 4.873812431469559669e-04 nan 5.997867584228515625e-01 3.377542914136593026e+03
2.164648845791816711e-02 1.463302597403526306e-02 2.087888252770266929e-09 5.662474036216735840e-01 5.587815642356872559e-01 3.814003430306911469e-04 3.766179434023797512e-04 nan 5.651068687438964844e-01 3.299197320535716699e+03
2.390199340879917145e-02 1.615774817764759064e-02 2.080657597354892904e-09 5.302733182907104492e-01 5.219245553016662598e-01 3.136301529593765736e-04 2.891484764404594898e-04 nan 5.289977788925170898e-01 3.181229058072042790e+03
2.639251388609409332e-02 1.784133911132812500e-02 2.073451995948668221e-09 4.932298362255096436e-01 4.840514957904815674e-01 2.255987055832520127e-04 2.204830234404653311e-04 nan 4.918276071548461914e-01 3.025888872781616556e+03
2.914254181087017059e-02 1.970035769045352936e-02 2.066271340052806293e-09 4.556400775909423828e-01 4.457598924636840820e-01 1.900324423331767321e-04 1.669695921009406447e-04 nan 4.541305899620056152e-01 2.838760263029229009e+03
3.217911347746849060e-02 2.175308018922805786e-02 2.059115554147728899e-09 4.182078540325164795e-01 4.078452289104461670e-01 1.489432615926489234e-04 1.256309042219072580e-04 nan 4.166246652603149414e-01 2.629039860428254997e+03
3.553209081292152405e-02 2.401969395577907562e-02 2.051984539888671147e-09 3.818039894104003906e-01 3.712800741195678711e-01 9.357962699141353369e-05 9.402784780832007527e-05 nan 3.801961839199066162e-01 2.409144371117751689e+03
3.923443704843521118e-02 2.652247995138168335e-02 2.044878229365854235e-09 3.474013209342956543e-01 3.371317982673645020e-01 7.873204594943672419e-05 7.014819129835814238e-05 nan 3.458323776721954346e-01 2.193403928173891018e+03
4.332255572080612183e-02 2.928604744374752045e-02 2.037796533657790378e-09 3.159348070621490479e-01 3.063952624797821045e-01 5.258791134110651910e-05 5.231787145021371543e-05 nan 3.144773840904235840e-01 1.995750057743346133e+03
4.765481501817703247e-02 3.221465647220611572e-02 2.031010053452367756e-09 2.890016138553619385e-01 2.806016206741333008e-01 4.339600491221062839e-05 3.955987267545424402e-05 nan 2.877182960510253906e-01 1.831497098095069305e+03
5.198707059025764465e-02 3.514325991272926331e-02 2.024834231214258902e-09 2.676512002944946289e-01 2.605781555175781250e-01 3.378616383997723460e-05 3.079932866967283189e-05 nan 2.665705978870391846e-01 1.709864834085995426e+03
5.631932616233825684e-02 3.807186335325241089e-02 2.019169610001785353e-09 2.501805722713470459e-01 2.444281280040740967e-01 2.692477028176654130e-05 2.454433160892222077e-05 nan 2.493017315864562988e-01 1.615598003545505208e+03
6.065158173441886902e-02 4.100047051906585693e-02 2.013939112582009273e-09 2.353923767805099487e-01 2.307915240526199341e-01 2.185612902394495904e-05 1.992367651837412268e-05 nan 2.346894592046737671e-01 1.537899876032435031e+03
6.498383730649948120e-02 4.392907395958900452e-02 2.009081821590703985e-09 2.221629321575164795e-01 2.184342890977859497e-01 1.797736513253767043e-05 1.638778121559880674e-05 nan 2.215932905673980713e-01 1.465441940643392172e+03
6.931609660387039185e-02 4.685768112540245056e-02 2.004548729015451583e-09 2.096670120954513550e-01 2.064816355705261230e-01 1.491559214628068730e-05 1.359670386591460556e-05 nan 2.091803550720214844e-01 1.389776455165135530e+03
7.364834845066070557e-02 4.978628456592559814e-02 2.000299865353250301e-09 1.974178850650787354e-01 1.944572776556015015e-01 1.244085888174595311e-05 1.134080230258405209e-05 nan 1.969655901193618774e-01 1.306445465633931917e+03
7.798060774803161621e-02 5.271489173173904419e-02 1.996302173696350216e-09 1.852814257144927979e-01 1.822866201400756836e-01 1.041263749357312918e-05 9.491952368989586830e-06 nan 1.848238855600357056e-01 1.215574334510580684e+03
8.231285959482192993e-02 5.564349144697189331e-02 1.992528044667567094e-09 1.733862310647964478e-01 1.701895892620086670e-01 8.742051250010263175e-06 7.969120815687347203e-06 nan 1.728978455066680908e-01 1.120737007130898292e+03
8.664511889219284058e-02 5.857209861278533936e-02 1.988954134422163219e-09 1.619922518730163574e-01 1.585291475057601929e-01 7.367574653471820056e-06 6.716210464219329879e-06 nan 1.614631712436676025e-01 1.026994815519548183e+03
9.097737073898315430e-02 6.150070205330848694e-02 1.985560585482697045e-09 1.513732522726058960e-01 1.476740390062332153e-01 6.241336905077332631e-06 5.689577847078908235e-06 nan 1.508080959320068359e-01 9.391140164967216606e+02
9.636187553405761719e-02 6.514062732458114624e-02 1.981568674123380254e-09 1.396269947290420532e-01 1.357826739549636841e-01 5.128967131895478815e-06 4.675572199630551040e-06 nan 1.390396803617477417e-01 8.438093194329920834e+02
1.017463728785514832e-01 6.878054887056350708e-02 1.977801256732118934e-09 1.298098266124725342e-01 1.260467767715454102e-01 4.275997071090387180e-06 3.898011073033558205e-06 nan 1.292349249124526978e-01 7.682698340911083505e+02
1.071308776736259460e-01 7.242047041654586792e-02 1.974234781265857972e-09 1.219721511006355286e-01 1.185085475444793701e-01 3.624480541475350037e-06 3.304079427834949456e-06 nan 1.214429885149002075e-01 7.130349204081929884e+02
1.125153750181198120e-01 7.606039196252822876e-02 1.970849203820953451e-09 1.157831698656082153e-01 1.127672865986824036e-01 3.120400833722669631e-06 2.844544496838352643e-06 nan 1.153224036097526550e-01 6.741322426645004953e+02
1.178998723626136780e-01 7.970031350851058960e-02 1.967627323526894450e-09 1.106860339641571045e-01 1.081641614437103271e-01 2.718282757996348664e-06 2.477958105373545550e-06 nan 1.103007420897483826e-01 6.451570959385705919e+02
1.232843771576881409e-01 8.334024250507354736e-02 1.964554264128985100e-09 1.061281263828277588e-01 1.040456965565681458e-01 2.384919525866280310e-06 2.174054316128604114e-06 nan 1.058099791407585144e-01 6.198374145970325344e+02
1.286688745021820068e-01 8.698015660047531128e-02 1.961617102724775952e-09 1.016799882054328918e-01 9.990949183702468872e-02 2.098493951052660123e-06 1.912945663207210600e-06 nan 1.014094948768615723e-01 5.933314998256798845e+02
1.340533792972564697e-01 9.062008559703826904e-02 1.958804483640675406e-09 9.707603603601455688e-02 9.545990079641342163e-02 1.845990709625766613e-06 1.682767219790548552e-06 nan 9.682912379503250122e-02 5.627730823992366140e+02
1.394378840923309326e-01 9.426000714302062988e-02 1.956106446915437174e-09 9.224601089954376221e-02 9.064040333032608032e-02 1.621069714019540697e-06 1.477737214372609742e-06 nan 9.200071543455123901e-02 5.277255312628574302e+02
1.448223739862442017e-01 9.789992123842239380e-02 1.953514161287429418e-09 8.729839324951171875e-02 8.560630679130554199e-02 1.421688921254826710e-06 1.295991182814759668e-06 nan 8.703988045454025269e-02 4.899381133699002362e+02
1.502068787813186646e-01 1.015398502349853516e-01 1.951019758654691563e-09 8.244194090366363525e-02 8.062885701656341553e-02 1.247518639502231963e-06 1.137226149694470223e-06 nan 8.216495066881179810e-02 4.522484763638224194e+02
1.555913835763931274e-01 1.051797717809677124e-01 1.948616241255242070e-09 7.790774852037429810e-02 7.599864155054092407e-02 1.098259303944359999e-06 1.001167561298643705e-06 nan 7.761608064174652100e-02 4.175107960988170817e+02
1.609758734703063965e-01 1.088196933269500732e-01 1.946297314463125787e-09 7.389339804649353027e-02 7.195506244897842407e-02 9.728688610266544856e-07 8.868651093507651240e-07 nan 7.359725981950759888e-02 3.879231482184442825e+02
1.663603782653808594e-01 1.124596148729324341e-01 1.944057316713681798e-09 7.050354033708572388e-02 6.861908733844757080e-02 8.690541335454327054e-07 7.922281497485528234e-07 nan 7.021564245223999023e-02 3.644845498421528305e+02
1.717448830604553223e-01 1.160995438694953918e-01 1.941891129256332855e-09 6.771059334278106689e-02 6.595396250486373901e-02 7.832200594748428557e-07 7.139804552025452722e-07 nan 6.744221597909927368e-02 3.467566577256334881e+02
1.771293878555297852e-01 1.197394654154777527e-01 1.939794125595426991e-09 6.538086384534835815e-02 6.379804760217666626e-02 7.112006983334140386e-07 6.483253400801913813e-07 nan 6.513904035091400146e-02 3.332586344907804232e+02
1.825138777494430542e-01 1.233793795108795166e-01 1.937762091126241291e-09 6.333985924720764160e-02 6.194058060646057129e-02 6.491771387118205894e-07 5.917826229051570408e-07 nan 6.312607973814010620e-02 3.221561907063979220e+02
1.878983825445175171e-01 1.270193010568618774e-01 1.935791175107242678e-09 6.141811609268188477e-02 6.017823144793510437e-02 5.941101903772505466e-07 5.415822101895173546e-07 nan 6.122868135571479797e-02 3.117050409476236723e+02
1.932828873395919800e-01 1.306592375040054321e-01 1.933877861004656685e-09 5.947609618306159973e-02 5.834827944636344910e-02 5.438271841740061063e-07 4.957438477504183538e-07 nan 5.930379405617713928e-02 3.004967812823268218e+02
1.986673772335052490e-01 1.342991441488265991e-01 1.932018951816384183e-09 5.743343010544776917e-02 5.636209994554519653e-02 4.970937084181059618e-07 4.531422348463820526e-07 nan 5.726975575089454651e-02 2.877670484977631418e+02
2.040518820285797119e-01 1.379390656948089600e-01 1.930211465507478933e-09 5.528755858540534973e-02 5.422359704971313477e-02 4.535535254035494290e-07 4.134524544952000724e-07 nan 5.512500926852226257e-02 2.735869072753811793e+02
2.094363868236541748e-01 1.415790021419525146e-01 1.928452677645768952e-09 5.309722945094108582e-02 5.200870335102081299e-02 4.133876245759893209e-07 3.768388125990895787e-07 nan 5.293092131614685059e-02 2.586619264396313156e+02
2.148208767175674438e-01 1.452189087867736816e-01 1.926740094380007882e-09 5.094727501273155212e-02 4.982409998774528503e-02 3.769161196487402776e-07 3.435929443185159471e-07 nan 5.077567696571350098e-02 2.439290511359269544e+02
2.202053815126419067e-01 1.488588303327560425e-01 1.925071368159055733e-09 4.892261698842048645e-02 4.777491837739944458e-02 3.443718128437467385e-07 3.139267334972828394e-07 nan 4.874727502465248108e-02 2.302649739690126864e+02
2.255898863077163696e-01 1.524987667798995972e-01 1.923444343781293656e-09 4.709014296531677246e-02 4.594192653894424438e-02 3.157895207550609484e-07 2.878718134979862953e-07 nan 4.691471904516220093e-02 2.183081497397737394e+02
2.309743911027908325e-01 1.561386883258819580e-01 1.921857033120720865e-09 4.548091068863868713e-02 4.436131939291954041e-02 2.909325473865465028e-07 2.652124067026306875e-07 nan 4.530985653400421143e-02 2.083160580390820087e+02
2.363588809967041016e-01 1.597786098718643188e-01 1.920307567935778733e-09 4.408371821045875549e-02 4.301841557025909424e-02 2.693140572773700114e-07 2.455048218052979792e-07 nan 4.392096400260925293e-02 2.001423113968031089e+02
2.417433857917785645e-01 1.634185314178466797e-01 1.918794213956308179e-09 4.285654798150062561e-02 4.186142235994338989e-02 2.503238931694795610e-07 2.281930591152558918e-07 nan 4.270451143383979797e-02 1.933672649876504011e+02
2.471278905868530273e-01 1.670584529638290405e-01 1.917315352832477265e-09 4.174205288290977478e-02 4.082047194242477417e-02 2.333502493456762750e-07 2.127195273260440445e-07 nan 4.160125553607940674e-02 1.874479330518845757e+02
2.525123953819274902e-01 1.706983745098114014e-01 1.915869472055197894e-09 4.067815840244293213e-02 3.982176631689071655e-02 2.178454820978004136e-07 1.985851554309192579e-07 nan 4.054732248187065125e-02 1.818132035501703001e+02
2.578969001770019531e-01 1.743383109569549561e-01 1.914455150219987163e-09 3.961127623915672302e-02 3.880365565419197083e-02 2.033889217045725673e-07 1.854065203588106669e-07 nan 3.948789089918136597e-02 1.759833875793654272e+02
2.632813751697540283e-01 1.779782027006149292e-01 1.913071083197014340e-09 3.851318359375000000e-02 3.773489594459533691e-02 1.897502528436234570e-07 1.729736709421558771e-07 nan 3.839427977800369263e-02 1.697214373074955915e+02
2.686658799648284912e-01 1.816181391477584839e-01 1.911715991580206360e-09 3.738653659820556641e-02 3.662016615271568298e-02 1.768812154523402569e-07 1.612425535313377623e-07 nan 3.726945072412490845e-02 1.630776178658622371e+02
2.740503847599029541e-01 1.852580606937408447e-01 1.910388727493893778e-09 3.625329956412315369e-02 3.548714891076087952e-02 1.648281795496586710e-07 1.502553743648604723e-07 nan 3.613624721765518188e-02 1.562754451891707106e+02
2.794348895549774170e-01 1.888979822397232056e-01 1.909088184011114833e-09 3.514064848423004150e-02 3.437042236328125000e-02 1.536511433641862823e-07 1.400667599682492437e-07 nan 3.502297773957252502e-02 1.495771296824479180e+02
2.848193943500518799e-01 1.925379037857055664e-01 1.907813323590368924e-09 3.407588601112365723e-02 3.330430388450622559e-02 1.433978269460567390e-07 1.307201387135137338e-07 nan 3.395800665020942688e-02 1.432327064952982880e+02
2.902038991451263428e-01 1.961778402328491211e-01 1.906563162582237113e-09 3.308396413922309875e-02 3.231870010495185852e-02 1.340942787919630064e-07 1.222392143063188996e-07 nan 3.296704962849617004e-02 1.374570421822636490e+02
2.955884039402008057e-01 1.998177617788314819e-01 1.905336787226579552e-09 3.217978402972221375e-02 3.143057599663734436e-02 1.257178610103437677e-07 1.146033525856182678e-07 nan 3.206532076001167297e-02 1.323679281100217224e+02
3.009728789329528809e-01 2.034576684236526489e-01 1.904133323856378078e-09 3.136123716831207275e-02 3.063694015145301819e-02 1.181792086413224752e-07 1.077311324593210884e-07 nan 3.125058114528656006e-02 1.279361732186268483e+02
3.063573837280273438e-01 2.070975899696350098e-01 1.902951936232507350e-09 3.061203286051750183e-02 2.991839125752449036e-02 1.113448888645507395e-07 1.015009161164925899e-07 nan 3.050605952739715576e-02 1.240168916905659273e+02
3.117418885231018066e-01 2.107375115156173706e-01 1.901791846628511990e-09 2.991097047924995422e-02 2.924955077469348907e-02 1.050787687972842832e-07 9.578868542803320452e-08 nan 2.980992011725902557e-02 1.204293104747592622e+02
3.171263933181762695e-01 2.143774479627609253e-01 1.900652308391623192e-09 2.923819795250892639e-02 2.860652469098567963e-02 9.926537103410737473e-08 9.048915217135800049e-08 nan 2.914169244468212128e-02 1.170084107399840292e+02
3.225108981132507324e-01 2.180173695087432861e-01 1.899532626729035332e-09 2.857678569853305817e-02 2.796943858265876770e-02 9.381277266129472991e-08 8.551858599048500764e-08 nan 2.848399803042411804e-02 1.136175643174641152e+02
3.278954029083251953e-01 2.216572910547256470e-01 1.898432128189829179e-09 2.791478298604488373e-02 2.732505649328231812e-02 8.865637823873839807e-08 8.081806157633764087e-08 nan 2.782468311488628387e-02 1.101649217949188824e+02
3.332799077033996582e-01 2.252972126007080078e-01 1.897350177081271127e-09 2.724885754287242889e-02 2.667046152055263519e-02 8.376619575756194536e-08 7.636025856072592433e-08 nan 2.716049179434776306e-02 1.066312057931002215e+02
3.386643826961517334e-01 2.289371192455291748e-01 1.896286172945125672e-09 2.658494189381599426e-02 2.601333148777484894e-02 7.914348287840766716e-08 7.214628539031764376e-08 nan 2.649761363863945007e-02 1.030716873696350291e+02
3.440488874912261963e-01 2.325770407915115356e-01 1.895239531240720810e-09 2.593386359512805939e-02 2.536691911518573761e-02 7.480300467932465835e-08 6.818960684995545307e-08 nan 2.584724687039852142e-02 9.957843904292367654e+01
3.494333922863006592e-01 2.362169772386550903e-01 1.894209703480833635e-09 2.530591934919357300e-02 2.474394254386425018e-02 7.075549746105025406e-08 6.449998579682869604e-08 nan 2.522005885839462280e-02 9.623589623592638986e+01
3.548178970813751221e-01 2.398568987846374512e-01 1.893196174858241155e-09 2.470846474170684814e-02 2.415359765291213989e-02 6.700135202208912233e-08 6.107777039687789511e-08 nan 2.462369203567504883e-02 9.310219616657374786e+01
3.602024018764495850e-01 2.434968203306198120e-01 1.892198441798694543e-09 2.414586022496223450e-02 2.360113896429538727e-02 6.353177894879991072e-08 5.791495283347103395e-08 nan 2.406263910233974457e-02 9.020949611514987510e+01
3.655869066715240479e-01 2.471367418766021729e-01 1.891216027459402332e-09 2.361889556050300598e-02 2.308726869523525238e-02 6.032867361227545189e-08 5.499502719885640545e-08 nan 2.353767491877079010e-02 8.756112676806085915e+01
3.709714114665985107e-01 2.507766783237457275e-01 1.890248472221847833e-09 2.312388457357883453e-02 2.260741963982582092e-02 5.736383812404710625e-08 5.229228605685420916e-08 nan 2.304497919976711273e-02 8.512643031139482730e+01
3.763558864593505859e-01 2.544165849685668945e-01 1.889295352117686434e-09 2.265365235507488251e-02 2.215308882296085358e-02 5.460300656068284297e-08 4.977552237050986150e-08 nan 2.257717773318290710e-02 8.284958267536724463e+01
3.817403912544250488e-01 2.580564916133880615e-01 1.888356242191734645e-09 2.220043726265430450e-02 2.171513624489307404e-02 5.201376396257728629e-08 4.741517400930206350e-08 nan 2.212629467248916626e-02 8.067182993939891844e+01
3.871248960494995117e-01 2.616964280605316162e-01 1.887430735669950155e-09 2.175812795758247375e-02 2.128637023270130157e-02 4.957071908506804903e-08 4.518810925446814508e-08 nan 2.168605476617813110e-02 7.854809991283754300e+01
3.925094008445739746e-01 2.653363645076751709e-01 1.886518457772270655e-09 2.132262475788593292e-02 2.086212113499641418e-02 4.725552216200412659e-08 4.307759482458095590e-08 nan 2.125227078795433044e-02 7.644943709950959487e+01
3.978939056396484375e-01 2.689762711524963379e-01 1.885619049100158659e-09 2.089180424809455872e-02 2.044026553630828857e-02 4.505594830561676645e-08 4.107248585683009878e-08 nan 2.082281932234764099e-02 7.436229706745254475e+01
4.032784104347229004e-01 2.726162075996398926e-01 1.884732143174389957e-09 2.046614326536655426e-02 2.002174407243728638e-02 4.296644462442600343e-08 3.916772683965064061e-08 nan 2.039824984967708588e-02 7.229243835503052651e+01
4.086629152297973633e-01 2.762561440467834473e-01 1.883857409814700777e-09 2.004867978394031525e-02 1.961036026477813721e-02 4.098714612155163195e-08 3.736343856530766061e-08 nan 1.998171396553516388e-02 7.026372448388602265e+01
4.140473902225494385e-01 2.798960208892822266e-01 1.882994538868699288e-09 1.964318193495273590e-02 1.921069622039794922e-02 3.911945967161045701e-08 3.566088579987081175e-08 nan 1.957711018621921539e-02 6.830440813740742101e+01
4.194318950176239014e-01 2.835359573364257812e-01 1.882143190604211824e-09 1.925222203135490417e-02 1.882599294185638428e-02 3.736200326898142521e-08 3.405881088269779866e-08 nan 1.918710395693778992e-02 6.643323083569158882e+01
4.248163998126983643e-01 2.871758937835693359e-01 1.881303079826970542e-09 1.887697726488113403e-02 1.845782995223999023e-02 3.571062734408769757e-08 3.255343727914805640e-08 nan 1.881294138729572296e-02 6.465853313534456959e+01
4.302009046077728271e-01 2.908158004283905029e-01 1.880473925305205483e-09 1.851793378591537476e-02 1.810676604509353638e-02 3.415997440470164292e-08 3.113988000791323429e-08 nan 1.845511421561241150e-02 6.298318111495843397e+01
4.355854094028472900e-01 2.944557368755340576e-01 1.879655436356054805e-09 1.817462965846061707e-02 1.777213439345359802e-02 3.270325166226939473e-08 2.981194313633750426e-08 nan 1.811313815414905548e-02 6.140326196199323761e+01
4.409699141979217529e-01 2.980956733226776123e-01 1.878847353036435648e-09 1.784502714872360229e-02 1.745150424540042877e-02 3.133128601007229008e-08 2.856126535277780931e-08 nan 1.778490655124187469e-02 5.990403306488274637e+01
4.463544189929962158e-01 3.017355799674987793e-01 1.878049424887222573e-09 1.752609573304653168e-02 1.714139431715011597e-02 3.003390958156160195e-08 2.737858473267351656e-08 nan 1.746732369065284729e-02 5.846447292869866175e+01
4.517388939857482910e-01 3.053754866123199463e-01 1.877261397654174740e-09 1.721532084047794342e-02 1.683890260756015778e-02 2.880266158911126695e-08 2.625619011098478950e-08 nan 1.715781167149543762e-02 5.706745026300897905e+01
4.571233987808227539e-01 3.090154230594635010e-01 1.876483026309890802e-09 1.691131107509136200e-02 1.654239930212497711e-02 2.763163209351660043e-08 2.518868846834720898e-08 nan 1.685494929552078247e-02 5.570388375876179055e+01
4.625079035758972168e-01 3.126553297042846680e-01 1.875714093387305177e-09 1.661326922476291656e-02 1.625102013349533081e-02 2.651634289918547438e-08 2.417200306581435143e-08 nan 1.655792444944381714e-02 5.436883533367883103e+01
4.678924083709716797e-01 3.162952661514282227e-01 1.874954364165268396e-09 1.632067002356052399e-02 1.596434228122234344e-02 2.545310628931929386e-08 2.320276948353239277e-08 nan 1.626623421907424927e-02 5.305950113169749471e+01
4.732769131660461426e-01 3.199352025985717773e-01 1.874203630559428286e-09 1.603373512625694275e-02 1.568280160427093506e-02 2.443963964537942957e-08 2.227890938399923471e-08 nan 1.598012074828147888e-02 5.177792145349326347e+01
4.786614179611206055e-01 3.235751092433929443e-01 1.873461691551420399e-09 1.575357094407081604e-02 1.540777087211608887e-02 2.347514715950183017e-08 2.139968913184020494e-08 nan 1.570074073970317841e-02 5.053193708788251115e+01
4.840458929538726807e-01 3.272150158882141113e-01 1.872728340933758753e-09 1.548142824321985245e-02 1.514073833823204041e-02 2.255900533043586620e-08 2.056454739829405298e-08 nan 1.542937848716974258e-02 4.932994382062408789e+01
4.894303977489471436e-01 3.308549523353576660e-01 1.872003379495005729e-09 1.521784067153930664e-02 1.488240808248519897e-02 2.168955504089353781e-08 1.977196539826309163e-08 nan 1.516659464687108994e-02 4.817549118584527434e+01
4.948149025440216064e-01 3.344948589801788330e-01 1.871286632213937058e-09 1.496264990419149399e-02 1.463268417865037918e-02 2.086419925717564183e-08 1.901958057715091854e-08 nan 1.491223834455013275e-02 4.706750587156589205e+01
5.001994371414184570e-01 3.381348252296447754e-01 1.870577900826693527e-09 1.471552532166242599e-02 1.439121272414922714e-02 2.008025568045468390e-08 1.830494689158967958e-08 nan 1.466597802937030792e-02 4.600377649711965233e+01
5.055838823318481445e-01 3.417747020721435547e-01 1.869877039368293133e-09 1.447613444179296494e-02 1.415755599737167358e-02 1.933518056773664284e-08 1.762574441954711801e-08 nan 1.442746259272098541e-02 4.498198526506011063e+01
5.109683871269226074e-01 3.454146385192871094e-01 1.869183849789121820e-09 1.424381230026483536e-02 1.393091864883899689e-02 1.862615661707422987e-08 1.697940277267662168e-08 nan 1.419601030647754669e-02 4.399781262417662475e+01
5.163528919219970703e-01 3.490545451641082764e-01 1.868498185335105332e-09 1.401748973876237869e-02 1.371009554713964462e-02 1.795001658422279434e-08 1.636303714747100457e-08 nan 1.397052686661481857e-02 4.304446639249162132e+01
5.217373967170715332e-01 3.526944816112518311e-01 1.867819876059786520e-09 1.379617862403392792e-02 1.349400635808706284e-02 1.730392362730981404e-08 1.577406827379945753e-08 nan 1.375001203268766403e-02 4.211585168433936843e+01
5.271219015121459961e-01 3.563344180583953857e-01 1.867148773833358248e-09 1.357945799827575684e-02 1.328218542039394379e-02 1.668594684645086090e-08 1.521072690024993790e-08 nan 1.353404112160205841e-02 4.120950300475101358e+01
5.325064063072204590e-01 3.599743247032165527e-01 1.866484735032350672e-09 1.336732134222984314e-02 1.307463925331830978e-02 1.609477706665529695e-08 1.467182375591846721e-08 nan 1.332260575145483017e-02 4.032553302724382149e+01
5.378909111022949219e-01 3.636142611503601074e-01 1.865827604301946768e-09 1.315974164754152298e-02 1.287139207124710083e-02 1.552916195635134500e-08 1.415621486700047171e-08 nan 1.311568729579448700e-02 3.946392433345466344e+01
5.432754158973693848e-01 3.672541677951812744e-01 1.865177252290424566e-09 1.295663136988878250e-02 1.267243921756744385e-02 1.498785273668090667e-08 1.366276336511873524e-08 nan 1.291321311146020889e-02 3.862435276977698351e+01
5.486599206924438477e-01 3.708941042423248291e-01 1.864533532427482462e-09 1.275815721601247787e-02 1.247802376747131348e-02 1.446995767651060305e-08 1.319065656701923217e-08 nan 1.271535921841859818e-02 3.780795082842603705e+01
5.540444254875183105e-01 3.745340406894683838e-01 1.863896318172137942e-09 1.256469544023275375e-02 1.228858809918165207e-02 1.397485416276822434e-08 1.273932692669177413e-08 nan 1.252251211553812027e-02 3.701704473523847838e+01
5.594289302825927734e-01 3.781739473342895508e-01 1.863265486641235488e-09 1.237640250474214554e-02 1.210432779043912888e-02 1.350170020231189483e-08 1.230800439344648112e-08 nan 1.233483664691448212e-02 3.625257951328923411e+01
5.648134350776672363e-01 3.818138837814331055e-01 1.862640903204479876e-09 1.219302136451005936e-02 1.192499231547117233e-02 1.304924168721299793e-08 1.189554765801403846e-08 nan 1.215207204222679138e-02 3.551299300575263374e+01
5.701979398727416992e-01 3.854538202285766602e-01 1.862022452330667509e-09 1.201419532299041748e-02 1.175020448863506317e-02 1.261618454151403057e-08 1.150077721945308440e-08 nan 1.197386346757411957e-02 3.479617954274615954e+01
5.755824446678161621e-01 3.890937268733978271e-01 1.861410021730888845e-09 1.183975022286176682e-02 1.157975569367408752e-02 1.220149759006972090e-08 1.112275338499557620e-08 nan 1.180002838373184204e-02 3.410108422562899477e+01
5.809668898582458496e-01 3.927336037158966064e-01 1.860803497296447543e-09 1.166953053325414658e-02 1.141344849020242691e-02 1.180421982382995338e-08 1.076059863436285013e-08 nan 1.163040660321712494e-02 3.342674828444696544e+01
5.863513946533203125e-01 3.963735401630401611e-01 1.860202753428811389e-09 1.150316651910543442e-02 1.125088334083557129e-02 1.142323569069958467e-08 1.041329777962118897e-08 nan 1.146462373435497284e-02 3.277104513626313320e+01
5.917358994483947754e-01 4.000134766101837158e-01 1.859607692406273365e-09 1.134023256599903107e-02 1.109160948544740677e-02 1.105743319129715019e-08 1.007983652101529515e-08 nan 1.130224950611591339e-02 3.213153615670394458e+01
5.971204042434692383e-01 4.036533832550048828e-01 1.859018214291441706e-09 1.118055824190378189e-02 1.093545276671648026e-02 1.070601740593701834e-08 9.759490104954693379e-09 nan 1.114311162382364273e-02 3.150728292344207659e+01
6.025049090385437012e-01 4.072933197021484375e-01 1.858434207544148841e-09 1.102420873939990997e-02 1.078249327838420868e-02 1.036846164481630694e-08 9.451776250557486492e-09 nan 1.098727993667125702e-02 3.089872876079376596e+01
6.078894138336181641e-01 4.109332561492919922e-01 1.857855577876460681e-09 1.087119523435831070e-02 1.063275989145040512e-02 1.004420813188744432e-08 9.156190472481284814e-09 nan 1.083476748317480087e-02 3.030596913269918602e+01
6.132739186286926270e-01 4.145731627941131592e-01 1.857282233477322155e-09 1.072138268500566483e-02 1.048614550381898880e-02 9.732597838763012987e-09 8.872129697579111962e-09 nan 1.068544294685125351e-02 2.972828800600291999e+01
6.186584234237670898e-01 4.182130992412567139e-01 1.856714071034082293e-09 1.057470496743917465e-02 1.034260727465152740e-02 9.433064995789663953e-09 8.599079670545961562e-09 nan 1.053924579173326492e-02 2.916536648745771387e+01
6.240429282188415527e-01 4.218530058860778809e-01 1.856151008397507339e-09 1.043126452714204788e-02 1.020226441323757172e-02 9.145219692641148868e-09 8.336682455478694465e-09 nan 1.039627753198146820e-02 2.861778050993104472e+01
6.294274330139160156e-01 4.254929423332214355e-01 1.855592947277603754e-09 1.029111351817846298e-02 1.006517652422189713e-02 8.868640932746529870e-09 8.084557023835259315e-09 nan 1.025659590959548950e-02 2.808583276013537855e+01
6.556535363197326660e-01 4.432217776775360107e-01 1.852943630635520644e-09 9.650284424424171448e-03 9.438614360988140106e-03 7.664411327823472675e-09 6.986793810170865981e-09 nan 9.617946110665798187e-03 2.568938866919271291e+01
8.039034605026245117e-01 5.434387326240539551e-01 1.839770603253567837e-09 6.974953692406415939e-03 6.821996066719293594e-03 3.684863969510843162e-09 3.359081901521676627e-09 nan 6.951584946364164352e-03 1.633757888654620061e+01
9.932619333267211914e-01 6.714450716972351074e-01 1.826201010048688587e-09 4.953623283654451370e-03 4.845025017857551575e-03 1.714288266896346613e-09 1.562726281711945830e-09 nan 4.937032703310251236e-03 1.010640844285437367e+01
1.227223634719848633e+00 8.296031951904296875e-01 1.812731498599941669e-09 3.500836668536067009e-03 3.424104768782854080e-03 7.936212798043129624e-10 7.234563503821789254e-10 nan 3.489113878458738327e-03 6.190702370901693286e+00
1.516294717788696289e+00 1.025015234947204590e+00 1.799361337301671755e-09 2.463159617036581039e-03 2.409181557595729828e-03 3.657754654717848553e-10 3.334368336993520643e-10 nan 2.454913221299648285e-03 3.758605187579322049e+00
1.873456120491027832e+00 1.266456365585327148e+00 1.786089789356977996e-09 1.726069720461964607e-03 1.688249292783439159e-03 1.679038991175829665e-10 1.530593013443493078e-10 nan 1.720291562378406525e-03 2.263619293378033248e+00
2.314746379852294922e+00 1.564768552780151367e+00 1.772916133006574509e-09 1.205119420774281025e-03 1.178715727292001247e-03 7.679146207806297753e-11 7.000221929898131634e-11 nan 1.201085513457655907e-03 1.353293295026905430e+00
2.859982252120971680e+00 1.933347940444946289e+00 1.759839636962373426e-09 8.385882247239351273e-04 8.202156750485301018e-04 3.500354173180397765e-11 3.190881933679001747e-11 nan 8.357813348993659019e-04 8.036634326257707794e-01
3.533647537231445312e+00 2.388745784759521484e+00 1.746859588797865175e-09 5.817537894472479820e-04 5.690076504833996296e-04 1.590679844787334929e-11 1.450044598283461994e-11 nan 5.798065103590488434e-04 4.743510223589136321e-01
4.365993976593017578e+00 2.951411962509155273e+00 1.733975279535418463e-09 4.024509980808943510e-04 3.936320717912167311e-04 7.208365848665465592e-12 6.571054898124595312e-12 nan 4.011036653537303209e-04 2.784144231482825194e-01
5.394398689270019531e+00 3.646613597869873047e+00 1.721185999058096773e-09 2.776969631668180227e-04 2.716100716497749090e-04 3.258180400825261280e-12 2.970113304606725180e-12 nan 2.767670084722340107e-04 1.625743059831744053e-01
6.665042877197265625e+00 4.505568981170654297e+00 1.708491050912268841e-09 1.911613653646782041e-04 1.869692496256902814e-04 1.469211362813138688e-12 1.339311257383957177e-12 nan 1.905208919197320938e-04 9.448291575851934521e-02
8.234986305236816406e+00 5.566850662231445312e+00 1.695889732548296616e-09 1.313053071498870850e-04 1.284235477214679122e-04 6.610684222252416475e-13 6.026188120560049821e-13 nan 1.308650244027376175e-04 5.467138520884563813e-02
1.017472743988037109e+01 6.878115653991699219e+00 1.683381361073609185e-09 9.000930003821849823e-05 8.803141099633648992e-05 2.968461522596943514e-13 2.705990000215902080e-13 nan 8.970711496658623219e-05 3.150732574047197115e-02
1.257137203216552734e+01 8.498247146606445312e+00 1.670965250288532184e-09 6.158556061564013362e-05 6.022963862051256001e-05 1.330462161882456362e-13 1.212816197297683640e-13 nan 6.137839955044910312e-05 1.808979742355038695e-02
1.553254413604736328e+01 1.050000000000000000e+01 1.658640709094829109e-09 4.206431549391709268e-05 4.113542308914475143e-05 5.952737489132303716e-14 5.426323791885880043e-14 nan 4.192240157863125205e-05 1.034998407836766610e-02
