# k/h [h/Mpc]            k [1/Mpc]              Primoridal             T_cdm(k)                 T_bar(k)                 T_phot(k)                T_massless neutrions(k)  T_massive neutrinos(k)   T_total(k)               Linear Pk [(Mpc/h)^3]  
1.049045658874092624e-05 7.091548468451946974e-06 2.727206404909961128e-09 1.000000000000000000e+00 1.000000000000000000e+00 1.000000000000000000e+00 1.000000000000000000e+00 nan 1.000000000000000000e+00 5.554628396752730346e+00
1.158353370556142181e-05 7.830468348402064294e-06 2.717761705682844603e-09 1.219251275062561035e+00 1.219251275062561035e+00 1.219207286834716797e+00 1.219206213951110840e+00 nan 1.219251275062561035e+00 6.112162032708634563e+00
1.279050593439023942e-05 8.646382411825470626e-06 2.708349706436794825e-09 1.486573934555053711e+00 1.486573934555053711e+00 1.486454844474792480e+00 1.486451625823974609e+00 nan 1.486573934555053711e+00 6.725657199596506430e+00
1.412324218108551577e-05 9.547311492497101426e-06 2.698970312856197758e-09 1.812506794929504395e+00 1.812506794929504395e+00 1.812264323234558105e+00 1.812258243560791016e+00 nan 1.812506794929504395e+00 7.400727760966851143e+00
1.559484553581569344e-05 1.054211588780162856e-05 2.689623392481895528e-09 2.209901094436645508e+00 2.209901094436645508e+00 2.209460973739624023e+00 2.209449529647827148e+00 nan 2.209901094436645508e+00 8.143556585347965893e+00
1.721978514979127795e-05 1.164057448477251455e-05 2.680308856040028027e-09 2.694423675537109375e+00 2.694423675537109375e+00 2.693672180175781250e+00 2.693652629852294922e+00 nan 2.694423675537109375e+00 8.960942127310143945e+00
1.901403993542771786e-05 1.285349117097212002e-05 2.671026563908324178e-09 3.285178661346435547e+00 3.285178661346435547e+00 3.283942699432373047e+00 3.283910989761352539e+00 nan 3.285178661346435547e+00 9.860368192644102692e+00
2.099525045196060091e-05 1.419278942194068804e-05 2.661776424936157355e-09 4.005455970764160156e+00 4.005455493927001953e+00 4.003474235534667969e+00 4.003422737121582031e+00 nan 4.005455970764160156e+00 1.085006995409415254e+01
2.318289807590190321e-05 1.567163963045459241e-05 2.652558315858844083e-09 4.883654594421386719e+00 4.883654117584228516e+00 4.880532741546630859e+00 4.880451202392578125e+00 nan 4.883654594421386719e+00 1.193910464892663192e+01
2.559849235694855452e-05 1.730458097881637514e-05 2.643372135990062650e-09 5.954396724700927734e+00 5.954396247863769531e+00 5.949540615081787109e+00 5.949414253234863281e+00 nan 5.954396724700927734e+00 1.313744228141630188e+01
2.826578383974265307e-05 1.910767059598583728e-05 2.634217767634683471e-09 7.259897232055664062e+00 7.259896278381347656e+00 7.252417087554931641e+00 7.252223014831542969e+00 nan 7.259897232055664062e+00 1.445604977597603025e+01
3.121100235148333013e-05 2.109863817167934030e-05 2.625095097817206075e-09 8.851627349853515625e+00 8.851625442504882812e+00 8.840188980102539062e+00 8.839892387390136719e+00 nan 8.851627349853515625e+00 1.590699755810375571e+01
3.446310074650682509e-05 2.329705603187903762e-05 2.616004033478672110e-09 1.079233646392822266e+01 1.079233360290527344e+01 1.077494621276855469e+01 1.077449512481689453e+01 nan 1.079233646392822266e+01 1.750356352654790371e+01
3.805406231549568474e-05 2.572454650362487882e-05 2.606944439452153756e-09 1.315854167938232422e+01 1.315853786468505859e+01 1.313222122192382812e+01 1.313153743743896484e+01 nan 1.315854167938232422e+01 1.926035438390384869e+01
4.201919000479392707e-05 2.840497290890198201e-05 2.597916226597658093e-09 1.604352188110351562e+01 1.604351615905761719e+01 1.600382614135742188e+01 1.600279235839843750e+01 nan 1.604352188110351562e+01 2.119345202233679260e+01
4.639747567125596106e-05 3.136469240416772664e-05 2.588919279439887767e-09 1.956101608276367188e+01 1.956100845336914062e+01 1.950131607055664062e+01 1.949976348876953125e+01 nan 1.956101608276367188e+01 2.332053630264522326e+01
5.123196388012729585e-05 3.463280881987884641e-05 2.579953483847589841e-09 2.384969329833984375e+01 2.384968185424804688e+01 2.376011466979980469e+01 2.375778579711914062e+01 nan 2.384969329833984375e+01 2.566105861173195990e+01
5.657019573845900595e-05 3.824145096587017179e-05 2.571018745591721348e-09 2.907861328125000000e+01 2.907859420776367188e+01 2.894445800781250000e+01 2.894096755981445312e+01 nan 2.907861137390136719e+01 2.823643443536922959e+01
6.246465636650100350e-05 4.222610732540488243e-05 2.562114941593048984e-09 3.545391464233398438e+01 3.545388412475585938e+01 3.525329971313476562e+01 3.524808883666992188e+01 nan 3.545391082763671875e+01 3.107020045236178518e+01
6.897329876665025949e-05 4.662595165427774191e-05 2.553241977543412439e-09 4.322688674926757812e+01 4.322684097290039062e+01 4.292728805541992188e+01 4.291950988769531250e+01 nan 4.322687911987304688e+01 3.418825912645983323e+01
7.616012590005993843e-05 5.148424679646268487e-05 2.544399743325443185e-09 5.270391845703125000e+01 5.270385360717773438e+01 5.225698471069335938e+01 5.224538040161132812e+01 nan 5.270391464233398438e+01 3.761909522641890646e+01
8.409580186707898974e-05 5.684876305167563260e-05 2.535588130685252624e-09 6.425856018066406250e+01 6.425846099853515625e+01 6.359244537353515625e+01 6.357516479492187500e+01 nan 6.425854492187500000e+01 4.139404381995416315e+01
9.285835403716191649e-05 6.277224747464060783e-05 2.526807033334104165e-09 7.834618377685546875e+01 7.834603881835937500e+01 7.735424804687500000e+01 7.732853698730468750e+01 nan 7.834616088867187500e+01 4.554754848111774379e+01
1.025339443003758788e-04 6.931294774403795600e-05 2.518056339675267213e-09 9.552200317382812500e+01 9.552178192138671875e+01 9.404598999023437500e+01 9.400776672363281250e+01 nan 9.552195739746093750e+01 5.011750342533403568e+01
1.132176985265687108e-04 7.653516513528302312e-05 2.509335958204897443e-09 1.164627838134765625e+02 1.164624633789062500e+02 1.142680664062500000e+02 1.142112655639648438e+02 nan 1.164627380371093750e+02 5.514552393906689076e+01
1.250146742677316070e-04 8.450992027064785361e-05 2.500645773867358897e-09 1.419936218261718750e+02 1.419931488037109375e+02 1.387325286865234375e+02 1.386482238769531250e+02 nan 1.419935607910156250e+02 6.067740753728984515e+01
1.380408502882346511e-04 9.331561159342527390e-05 2.491985695624705562e-09 1.731202545166015625e+02 1.731195678710937500e+02 1.682781372070312500e+02 1.681531829833984375e+02 nan 1.731201629638671875e+02 6.676343294436141207e+01
1.524243270978331566e-04 1.030388448270969093e-04 2.483355596498544299e-09 2.110687408447265625e+02 2.110677337646484375e+02 2.038846740722656250e+02 2.036995849609375000e+02 nan 2.110685882568359375e+02 7.345883902816552791e+01
1.683065347606316209e-04 1.137752187787555158e-04 2.474755379885282393e-09 2.573334655761718750e+02 2.573319702148437500e+02 2.466837615966796875e+02 2.464099273681640625e+02 nan 2.573332519531250000e+02 8.082432711114324775e+01
1.858436153270304203e-04 1.256302784895524383e-04 2.466184957973141175e-09 3.137356872558593750e+02 3.137334289550781250e+02 2.979634704589843750e+02 2.975589904785156250e+02 nan 3.137353515625000000e+02 8.892643001825358340e+01
2.052080089924857020e-04 1.387206139042973518e-04 2.457644209414643305e-09 3.824953002929687500e+02 3.824919738769531250e+02 3.591622619628906250e+02 3.585658264160156250e+02 nan 3.824947509765625000e+02 9.783820119826764028e+01
2.265901130158454180e-04 1.531749148853123188e-04 2.449133045395065615e-09 4.663171386718750000e+02 4.663122558593750000e+02 4.318434448242187500e+02 4.309656066894531250e+02 nan 4.663164672851562500e+02 1.076397032241275014e+02
2.502001880202442408e-04 1.691353245405480266e-04 2.440651351248999153e-09 5.684975585937500000e+02 5.684902343750000000e+02 5.176413574218750000e+02 5.163524169921875000e+02 nan 5.684963989257812500e+02 1.184186853533251025e+02
2.762703516054898500e-04 1.867587561719119549e-04 2.432199034655000626e-09 6.930518798828125000e+02 6.930411376953125000e+02 6.181646728515625000e+02 6.162776489257812500e+02 nan 6.930502929687500000e+02 1.302710722947151680e+02
3.050569503102451563e-04 2.062184939859434962e-04 2.423775992290330563e-09 8.448718261718750000e+02 8.448558959960937500e+02 7.348390502929687500e+02 7.320858764648437500e+02 nan 8.448693847656250000e+02 1.433017626784013032e+02
3.368430479895323515e-04 2.277058956678956747e-04 2.415382114947829304e-09 1.029914672851562500e+03 1.029891357421875000e+03 8.686668701171875000e+02 8.646669921875000000e+02 nan 1.029911132812500000e+03 1.576252658562750639e+02
3.719411906786262989e-04 2.514322404749691486e-04 2.407017301830847028e-09 1.255434814453125000e+03 1.255400756835937500e+03 1.019882324218750000e+03 1.014100891113281250e+03 nan 1.255429687500000000e+03 1.733663974171656719e+02
4.106964333914220333e-04 2.776307810563594103e-04 2.398681465071051552e-09 1.530261840820312500e+03 1.530211669921875000e+03 1.187478881835937500e+03 1.179174072265625000e+03 nan 1.530253906250000000e+03 1.906608340284424230e+02
4.534898616839200258e-04 3.065591445192694664e-04 2.390374494355455649e-09 1.865140991210937500e+03 1.865067871093750000e+03 1.368610595703125000e+03 1.356771240234375000e+03 nan 1.865129882812500000e+03 2.096557164326264342e+02
5.007422878406941891e-04 3.385017917025834322e-04 2.382096284987275655e-09 2.273144287109375000e+03 2.273038330078125000e+03 1.557892822265625000e+03 1.541169311523437500e+03 nan 2.273128173828125000e+03 2.305104658318461759e+02
5.529182380996644497e-04 3.737727238330990076e-04 2.373846756225058361e-09 2.770164062500000000e+03 2.770010498046875000e+03 1.746701171875000000e+03 1.723341674804687500e+03 nan 2.770140625000000000e+03 2.533968103928638413e+02
6.105307838879525661e-04 4.127188003621995449e-04 2.365625794166928840e-09 3.375517333984375000e+03 3.375296875000000000e+03 1.922685302734375000e+03 1.890496704101562500e+03 nan 3.375483154296875000e+03 2.784993827759297460e+02
6.741464603692293167e-04 4.557229985948652029e-04 2.357433293568910220e-09 4.112665039062500000e+03 4.112351562500000000e+03 2.069859130859375000e+03 2.026229003906250000e+03 nan 4.112618164062500000e+03 3.060156127097300214e+02
7.443906506523489952e-04 5.032080807723104954e-04 2.349269171114912410e-09 5.010086914062500000e+03 5.009643066406250000e+03 2.169836425781250000e+03 2.111862060546875000e+03 nan 5.010019531250000000e+03 3.361559269525385503e+02
8.219541050493717194e-04 5.556409596465528011e-04 2.341133324843220307e-09 6.102327636718750000e+03 6.101706054687500000e+03 2.204911132812500000e+03 2.129691406250000000e+03 nan 6.102232421875000000e+03 3.691430976825407697e+02
9.075994603335857391e-04 6.135372095741331577e-04 2.333025652639057309e-09 7.431259765625000000e+03 7.430400390625000000e+03 2.163547363281250000e+03 2.068676513671875000e+03 nan 7.431128417968750000e+03 4.052116502214620368e+02
1.002168864943087101e-03 6.774661596864461899e-04 2.324946049885245546e-09 9.047591796875000000e+03 9.046418945312500000e+03 2.048144042968750000e+03 1.932371948242187500e+03 nan 9.047413085937500000e+03 4.446070441394859358e+02
1.106592128053307533e-03 7.480562780983746052e-04 2.316894434325377400e-09 1.101267968750000000e+04 1.101110546875000000e+04 1.883162109375000000e+03 1.747055664062500000e+03 nan 1.101243847656250000e+04 4.875842975292032406e+02
1.221895916387438774e-03 8.260016329586505890e-04 2.308870708568745277e-09 1.340068945312500000e+04 1.339860839843750000e+04 1.718780761718750000e+03 1.565014526367187500e+03 nan 1.340037109375000000e+04 5.344060397659477530e+02
1.349214115180075169e-03 9.120687609538435936e-04 2.300874762407135126e-09 1.630117871093750000e+04 1.629848046875000000e+04 1.622148803710937500e+03 1.454960693359375000e+03 nan 1.630076660156250000e+04 5.853404431356156010e+02
1.489798538386821747e-03 1.007103826850652695e-03 2.292906509188567727e-09 1.982216406250000000e+04 1.981871679687500000e+04 1.648743652343750000e+03 1.472363769531250000e+03 nan 1.982163671875000000e+04 6.406575445658163517e+02
1.645031501539051533e-03 1.112041296437382698e-03 2.284965850418265676e-09 2.409373437500000000e+04 2.408938867187500000e+04 1.796841796875000000e+03 1.613723999023437500e+03 nan 2.409307226562500000e+04 7.006247264422863736e+02
1.816439209505915642e-03 1.227912958711385727e-03 2.277052691606405739e-09 2.927232421875000000e+04 2.926687109375000000e+04 1.973255249023437500e+03 1.784419921875000000e+03 nan 2.927149023437500000e+04 7.654997292490767222e+02
2.005707239732146263e-03 1.355858054012060165e-03 2.269166941709029953e-09 3.554569140625000000e+04 3.553880078125000000e+04 2.025309204101562500e+03 1.835047363281250000e+03 nan 3.554463671875000000e+04 8.355220688548820362e+02
2.214696491137146950e-03 1.497134799137711525e-03 2.261308494449764354e-09 4.313870703125000000e+04 4.312987500000000000e+04 1.873530273437500000e+03 1.695744262695312500e+03 nan 4.313735937500000000e+04 9.109019015153310193e+02
2.445461694151163101e-03 1.653132145293056965e-03 2.253477264686429142e-09 5.232012890625000000e+04 5.230853515625000000e+04 1.653819946289062500e+03 1.508686279296875000e+03 nan 5.231835937500000000e+04 9.918098032366377765e+02
2.700272016227245331e-03 1.825383864343166351e-03 2.245673160886940457e-09 6.341039062500000000e+04 6.339485156250000000e+04 1.625730590820312500e+03 1.519208496093750000e+03 nan 6.340801953125000000e+04 1.078363214325778927e+03
2.981632947921752930e-03 2.015583915635943413e-03 2.237896076485985185e-09 7.679059375000000000e+04 7.676950000000000000e+04 1.780679077148437500e+03 1.565390502929687500e+03 nan 7.678736718750000000e+04 1.170613630416852857e+03
3.292310982942581177e-03 2.225602278485894203e-03 2.230145925871712440e-09 9.291259375000000000e+04 9.288389062500000000e+04 1.747296875000000000e+03 1.553559082031250000e+03 nan 9.290823437500000000e+04 1.268528008409027279e+03
3.635360859334468842e-03 2.457503927871584892e-03 2.222422616889744185e-09 1.123104843750000000e+05 1.122713437500000000e+05 1.524022949218750000e+03 1.540310791015625000e+03 nan 1.123045156250000000e+05 1.371970819658424034e+03
4.014155361801385880e-03 2.713568974286317825e-03 2.214726058195065524e-09 1.356130937500000000e+05 1.355593906250000000e+05 1.625093750000000000e+03 1.525513305664062500e+03 nan 1.356048750000000000e+05 1.480678885163591076e+03
4.432419314980506897e-03 2.996315481141209602e-03 2.207056148657132701e-09 1.635580000000000000e+05 1.634834531250000000e+05 1.725551269531250000e+03 1.509062622070312500e+03 nan 1.635466093750000000e+05 1.594243239560896200e+03
4.894265439361333847e-03 3.308523446321487427e-03 2.199412800139309644e-09 1.970061875000000000e+05 1.969016718750000000e+05 1.555419799804687500e+03 1.490849975585937500e+03 nan 1.969902031250000000e+05 1.712080221080460888e+03
5.404234398156404495e-03 3.653262509033083916e-03 2.191795924301313793e-09 2.369576406250000000e+05 2.368104687500000000e+05 1.773067382812500000e+03 1.470744506835937500e+03 nan 2.369351562500000000e+05 1.833408019643756688e+03
5.967340432107448578e-03 4.033922217786312103e-03 2.184205430909534259e-09 2.845665937500000000e+05 2.843586250000000000e+05 1.535822021484375000e+03 1.448642944335937500e+03 nan 2.845348125000000000e+05 1.957217324770516825e+03
6.589121185243129730e-03 4.454245790839195251e-03 2.176641221197925960e-09 3.411562187500000000e+05 3.408605937500000000e+05 1.560198364257812500e+03 1.424416259765625000e+03 nan 3.411110625000000000e+05 2.082241829447286818e+03
7.275689393281936646e-03 4.918366204947233200e-03 2.169103203027300791e-09 4.082306250000000000e+05 4.078087500000000000e+05 1.431323852539062500e+03 1.397951416015625000e+03 nan 4.081661875000000000e+05 2.206932722661857952e+03
8.033796213567256927e-03 5.430846009403467178e-03 2.161591299930936394e-09 4.874825000000000000e+05 4.868794687500000000e+05 1.497751342773437500e+03 1.369127319335937500e+03 nan 4.873903750000000000e+05 2.329428731240021079e+03
8.870895951986312866e-03 5.996725521981716156e-03 2.154105401952956366e-09 5.807933750000000000e+05 5.799294375000000000e+05 1.498142089843750000e+03 1.337829101562500000e+03 nan 5.806613750000000000e+05 2.447529638026751400e+03
9.795218706130981445e-03 6.621567998081445694e-03 2.146645430474833453e-09 6.902236250000000000e+05 6.889856250000000000e+05 1.318597656250000000e+03 1.303942504882812500e+03 nan 6.900345625000000000e+05 2.558689809596939540e+03
1.081585418432950974e-02 7.311517372727394104e-03 2.139211293795359687e-09 8.179840000000000000e+05 8.162098750000000000e+05 1.316495971679687500e+03 1.267351440429687500e+03 nan 8.177128750000000000e+05 2.659995923309730642e+03
1.194283645600080490e-02 8.073357865214347839e-03 2.131802900090153706e-09 9.663862500000000000e+05 9.638480000000000000e+05 1.206858154296875000e+03 1.227949340820312500e+03 nan 9.659985625000000000e+05 2.748186560372135318e+03
1.318724639713764191e-02 8.914578706026077271e-03 2.124420174276236449e-09 1.137764750000000000e+06 1.134141625000000000e+06 1.158871704101562500e+03 1.185637329101562500e+03 nan 1.137211250000000000e+06 2.819701813356994990e+03
1.456132158637046814e-02 9.843453764915466309e-03 2.117063005254935590e-09 1.334359250000000000e+06 1.329206375000000000e+06 1.199332153320312500e+03 1.140336791992187500e+03 nan 1.333572125000000000e+06 2.870761214844653750e+03
1.607857085764408112e-02 1.086911372840404510e-02 2.109731324472420402e-09 1.558158125000000000e+06 1.550866375000000000e+06 1.249248046875000000e+03 1.091999633789062500e+03 nan 1.557044375000000000e+06 2.897530934007324959e+03
1.775391399860382080e-02 1.200164575129747391e-02 2.102425026951150955e-09 1.810704750000000000e+06 1.800453625000000000e+06 1.076684814453125000e+03 1.040633056640625000e+03 nan 1.809138500000000000e+06 2.896367598863917465e+03
1.960382424294948578e-02 1.325218472629785538e-02 2.095144031049849183e-09 2.092879000000000000e+06 2.078589500000000000e+06 1.090987670898437500e+03 9.863245239257812500e+02 nan 2.090695875000000000e+06 2.864177866795395403e+03
2.164648845791816711e-02 1.463302597403526306e-02 2.087888252770266929e-09 2.404704000000000000e+06 2.384997000000000000e+06 9.451632690429687500e+02 9.292848510742187500e+02 nan 2.401693250000000000e+06 2.798906236280089161e+03
2.390199340879917145e-02 1.615774817764759064e-02 2.080657597354892904e-09 2.745254750000000000e+06 2.718438000000000000e+06 9.078920898437500000e+02 8.698948974609375000e+02 nan 2.741157500000000000e+06 2.700123673078746833e+03
2.639251388609409332e-02 1.784133911132812500e-02 2.073451995948668221e-09 3.112802750000000000e+06 3.076915750000000000e+06 9.183389282226562500e+02 8.087597045898437500e+02 nan 3.107320000000000000e+06 2.569656674504991315e+03
2.914254181087017059e-02 1.970035769045352936e-02 2.066271340052806293e-09 3.505405500000000000e+06 3.458367500000000000e+06 8.315064086914062500e+02 7.467600097656250000e+02 nan 3.498219000000000000e+06 2.412136457337894626e+03
3.217911347746849060e-02 2.175308018922805786e-02 2.059115554147728899e-09 3.922130000000000000e+06 3.862046250000000000e+06 6.642935791015625000e+02 6.850765991210937500e+02 nan 3.912950750000000000e+06 2.235232567258132349e+03
3.553209081292152405e-02 2.401969395577907562e-02 2.051984539888671147e-09 4.365075000000000000e+06 4.290747000000000000e+06 6.468987426757812500e+02 6.251685791015625000e+02 nan 4.353719500000000000e+06 2.049346321295583948e+03
3.923443704843521118e-02 2.652247995138168335e-02 2.044878229365854235e-09 4.841993000000000000e+06 4.753628500000000000e+06 6.014810180664062500e+02 5.686598510742187500e+02 nan 4.828493000000000000e+06 1.866524000425490840e+03
4.332255572080612183e-02 2.928604744374752045e-02 2.037796533657790378e-09 5.368665000000000000e+06 5.268652500000000000e+06 5.821423950195312500e+02 5.171036987304687500e+02 nan 5.353385500000000000e+06 1.698522914498850014e+03
4.765481501817703247e-02 3.221465647220611572e-02 2.031010053452367756e-09 5.942685000000000000e+06 5.836184000000000000e+06 4.967656860351562500e+02 4.731094360351562500e+02 nan 5.926414000000000000e+06 1.558393861835884763e+03
5.198707059025764465e-02 3.514325991272926331e-02 2.024834231214258902e-09 6.550820500000000000e+06 6.444140000000000000e+06 4.602631225585937500e+02 4.383444213867187500e+02 nan 6.534522500000000000e+06 1.454169258807153028e+03
5.631932616233825684e-02 3.807186335325241089e-02 2.019169610001785353e-09 7.187730000000000000e+06 7.085930000000000000e+06 4.304575500488281250e+02 4.099575195312500000e+02 nan 7.172177000000000000e+06 1.373106386528153507e+03
6.065158173441886902e-02 4.100047051906585693e-02 2.013939112582009273e-09 7.844911500000000000e+06 7.750486500000000000e+06 4.052367858886718750e+02 3.859372253417968750e+02 nan 7.830485500000000000e+06 1.306219573454811552e+03
6.498383730649948120e-02 4.392907395958900452e-02 2.009081821590703985e-09 8.500891000000000000e+06 8.413023000000000000e+06 3.826302185058593750e+02 3.644068908691406250e+02 nan 8.487467000000000000e+06 1.244029419929047890e+03
6.931609660387039185e-02 4.685768112540245056e-02 2.004548729015451583e-09 9.128962000000000000e+06 9.043511000000000000e+06 3.611994628906250000e+02 3.439966125488281250e+02 nan 9.115907000000000000e+06 1.179443984120897994e+03
7.364834845066070557e-02 4.978628456592559814e-02 2.000299865353250301e-09 9.703781000000000000e+06 9.614069000000000000e+06 3.401071166992187500e+02 3.239088439941406250e+02 nan 9.690075000000000000e+06 1.108685118404479681e+03
7.798060774803161621e-02 5.271489173173904419e-02 1.996302173696350216e-09 1.020949000000000000e+07 1.010770800000000000e+07 3.191381530761718750e+02 3.039388732910156250e+02 nan 1.019394000000000000e+07 1.031798139908897610e+03
8.231285959482192993e-02 5.564349144697189331e-02 1.992528044667567094e-09 1.064366000000000000e+07 1.052259500000000000e+07 2.985399475097656250e+02 2.843219909667968750e+02 nan 1.062516400000000000e+07 9.517076314666539929e+02
8.664511889219284058e-02 5.857209861278533936e-02 1.988954134422163219e-09 1.101662200000000000e+07 1.087130600000000000e+07 2.787900085449218750e+02 2.655130615234375000e+02 nan 1.099442000000000000e+07 8.725886796082974115e+02
9.097737073898315430e-02 6.150070205330848694e-02 1.985560585482697045e-09 1.134759000000000000e+07 1.117649400000000000e+07 2.603870544433593750e+02 2.479868621826171875e+02 nan 1.132145200000000000e+07 7.983815788389315458e+02
9.636187553405761719e-02 6.514062732458114624e-02 1.981568674123380254e-09 1.174054500000000000e+07 1.154113300000000000e+07 2.400629272460937500e+02 2.286309356689453125e+02 nan 1.171007900000000000e+07 7.177779384180196303e+02
1.017463728785514832e-01 6.878054887056350708e-02 1.977801256732118934e-09 1.216791900000000000e+07 1.195037200000000000e+07 2.231327667236328125e+02 2.125071258544921875e+02 nan 1.213468200000000000e+07 6.537001894357035781e+02
1.071308776736259460e-01 7.242047041654586792e-02 1.974234781265857972e-09 1.267580400000000000e+07 1.245388800000000000e+07 2.096810607910156250e+02 1.996958923339843750e+02 nan 1.264190100000000000e+07 6.066330837206797923e+02
1.125153750181198120e-01 7.606039196252822876e-02 1.970849203820953451e-09 1.327438700000000000e+07 1.306129900000000000e+07 1.991171722412109375e+02 1.896347808837890625e+02 nan 1.324183100000000000e+07 5.732802631372056794e+02
1.178998723626136780e-01 7.970031350851058960e-02 1.967627323526894450e-09 1.393632000000000000e+07 1.374070600000000000e+07 1.904512176513671875e+02 1.813812255859375000e+02 nan 1.390643500000000000e+07 5.483011323339453611e+02
1.232843771576881409e-01 8.334024250507354736e-02 1.964554264128985100e-09 1.461356100000000000e+07 1.443694600000000000e+07 1.827011871337890625e+02 1.740000305175781250e+02 nan 1.458657800000000000e+07 5.264682026591284512e+02
1.286688745021820068e-01 8.698015660047531128e-02 1.961617102724775952e-09 1.525276200000000000e+07 1.508916700000000000e+07 1.751052703857421875e+02 1.667657012939453125e+02 nan 1.522776800000000000e+07 5.037452518308613207e+02
1.340533792972564697e-01 9.062008559703826904e-02 1.958804483640675406e-09 1.580714300000000000e+07 1.564499400000000000e+07 1.671968383789062500e+02 1.592338562011718750e+02 nan 1.578237100000000000e+07 4.777323627151927781e+02
1.394378840923309326e-01 9.426000714302062988e-02 1.956106446915437174e-09 1.625084000000000000e+07 1.607648800000000000e+07 1.588583221435546875e+02 1.512925567626953125e+02 nan 1.622420400000000000e+07 4.480453552545777711e+02
1.448223739862442017e-01 9.789992123842239380e-02 1.953514161287429418e-09 1.658799400000000000e+07 1.638975400000000000e+07 1.502901000976562500e+02 1.431325531005859375e+02 nan 1.655770700000000000e+07 4.161190241360367850e+02
1.502068787813186646e-01 1.015398502349853516e-01 1.951019758654691563e-09 1.684913400000000000e+07 1.662063200000000000e+07 1.418700256347656250e+02 1.351136779785156250e+02 nan 1.681422600000000000e+07 3.842974780467615119e+02
1.555913835763931274e-01 1.051797717809677124e-01 1.948616241255242070e-09 1.708194000000000000e+07 1.682380800000000000e+07 1.340134582519531250e+02 1.276314163208007812e+02 nan 1.704250200000000000e+07 3.549476896280914389e+02
1.609758734703063965e-01 1.088196933269500732e-01 1.946297314463125787e-09 1.734077000000000000e+07 1.706028400000000000e+07 1.270731353759765625e+02 1.210217056274414062e+02 nan 1.729791800000000000e+07 3.299010703025569455e+02
1.663603782653808594e-01 1.124596148729324341e-01 1.944057316713681798e-09 1.767010000000000000e+07 1.737891800000000000e+07 1.212342300415039062e+02 1.154608688354492188e+02 nan 1.762561200000000000e+07 3.099970379967658687e+02
1.717448830604553223e-01 1.160995438694953918e-01 1.941891129256332855e-09 1.808724600000000000e+07 1.779800800000000000e+07 1.164464950561523438e+02 1.109010925292968750e+02 nan 1.804305600000000000e+07 2.948753077636599755e+02
1.771293878555297852e-01 1.197394654154777527e-01 1.939794125595426991e-09 1.857908000000000000e+07 1.830190200000000000e+07 1.124712982177734375e+02 1.071150817871093750e+02 nan 1.853673400000000000e+07 2.833037747384005911e+02
1.825138777494430542e-01 1.233793795108795166e-01 1.937762091126241291e-09 1.911240400000000000e+07 1.885225600000000000e+07 1.089972686767578125e+02 1.038063888549804688e+02 nan 1.907265800000000000e+07 2.737559611392286456e+02
1.878983825445175171e-01 1.270193010568618774e-01 1.935791175107242678e-09 1.964434800000000000e+07 1.940002200000000000e+07 1.057224502563476562e+02 1.006874465942382812e+02 nan 1.960702000000000000e+07 2.647797931125728041e+02
1.932828873395919800e-01 1.306592375040054321e-01 1.933877861004656685e-09 2.013055800000000000e+07 1.989536600000000000e+07 1.023995666503906250e+02 9.752275848388671875e+01 nan 2.009462800000000000e+07 2.551999319552538452e+02
1.986673772335052490e-01 1.342991441488265991e-01 1.932018951816384183e-09 2.053772800000000000e+07 2.030165200000000000e+07 9.888746643066406250e+01 9.417790985107421875e+01 nan 2.050166000000000000e+07 2.443749898266173375e+02
2.040518820285797119e-01 1.379390656948089600e-01 1.930211465507478933e-09 2.085586400000000000e+07 2.060849000000000000e+07 9.518364715576171875e+01 9.065052032470703125e+01 nan 2.081807000000000000e+07 2.323590993590605649e+02
2.094363868236541748e-01 1.415790021419525146e-01 1.928452677645768952e-09 2.109909000000000000e+07 2.083245200000000000e+07 9.139430999755859375e+01 8.704170989990234375e+01 nan 2.105835200000000000e+07 2.197354584967369817e+02
2.148208767175674438e-01 1.452189087867736816e-01 1.926740094380007882e-09 2.129717600000000000e+07 2.100772200000000000e+07 8.767192077636718750e+01 8.349668121337890625e+01 nan 2.125295400000000000e+07 2.072802517713931252e+02
2.202053815126419067e-01 1.488588303327560425e-01 1.925071368159055733e-09 2.148708200000000000e+07 2.117631400000000000e+07 8.416878509521484375e+01 8.016041564941406250e+01 nan 2.143960200000000000e+07 1.957213700744803191e+02
2.255898863077163696e-01 1.524987667798995972e-01 1.923444343781293656e-09 2.170488400000000000e+07 2.137862200000000000e+07 8.100418853759765625e+01 7.714656066894531250e+01 nan 2.165504000000000000e+07 1.855905528964943301e+02
2.309743911027908325e-01 1.561386883258819580e-01 1.921857033120720865e-09 2.197551000000000000e+07 2.164205000000000000e+07 7.823315429687500000e+01 7.450749206542968750e+01 nan 2.192456400000000000e+07 1.771037018482213909e+02
2.363588809967041016e-01 1.597786098718643188e-01 1.920307567935778733e-09 2.230569200000000000e+07 2.197346600000000000e+07 7.583535003662109375e+01 7.222385406494140625e+01 nan 2.225493600000000000e+07 1.701400348676211252e+02
2.417433857917785645e-01 1.634185314178466797e-01 1.918794213956308179e-09 2.268527800000000000e+07 2.236065800000000000e+07 7.373551940917968750e+01 7.022398376464843750e+01 nan 2.263568400000000000e+07 1.643512143793763016e+02
2.471278905868530273e-01 1.670584529638290405e-01 1.917315352832477265e-09 2.309214000000000000e+07 2.277797400000000000e+07 7.183115386962890625e+01 6.841027832031250000e+01 nan 2.304414200000000000e+07 1.592857313577549121e+02
2.525123953819274902e-01 1.706983745098114014e-01 1.915869472055197894e-09 2.349631600000000000e+07 2.319150400000000000e+07 7.001184844970703125e+01 6.667758178710937500e+01 nan 2.344974600000000000e+07 1.544676754599636865e+02
2.578969001770019531e-01 1.743383109569549561e-01 1.914455150219987163e-09 2.386718400000000000e+07 2.356732200000000000e+07 6.818284606933593750e+01 6.493566131591796875e+01 nan 2.382137200000000000e+07 1.494959274946075993e+02
2.632813751697540283e-01 1.779782027006149292e-01 1.913071083197014340e-09 2.418491200000000000e+07 2.388371600000000000e+07 6.629455566406250000e+01 6.313729858398437500e+01 nan 2.413889600000000000e+07 1.441716653086906206e+02
2.686658799648284912e-01 1.816181391477584839e-01 1.911715991580206360e-09 2.444712400000000000e+07 2.413826800000000000e+07 6.435218048095703125e+01 6.128744506835937500e+01 nan 2.439993400000000000e+07 1.385356328166317041e+02
2.740503847599029541e-01 1.852580606937408447e-01 1.910388727493893778e-09 2.466491600000000000e+07 2.434363200000000000e+07 6.239521026611328125e+01 5.942369079589843750e+01 nan 2.461583000000000000e+07 1.327730499791113346e+02
2.794348895549774170e-01 1.888979822397232056e-01 1.909088184011114833e-09 2.485548000000000000e+07 2.451967600000000000e+07 6.047262573242187500e+01 5.759268951416015625e+01 nan 2.480418000000000000e+07 1.271009221405009413e+02
2.848193943500518799e-01 1.925379037857055664e-01 1.907813323590368924e-09 2.503911000000000000e+07 2.468963200000000000e+07 5.863350677490234375e+01 5.584117889404296875e+01 nan 2.498572200000000000e+07 1.217265396118140472e+02
2.902038991451263428e-01 1.961778402328491211e-01 1.906563162582237113e-09 2.523738000000000000e+07 2.487755400000000000e+07 5.692231750488281250e+01 5.421148681640625000e+01 nan 2.518240400000000000e+07 1.168288408144474175e+02
2.955884039402008057e-01 1.998177617788314819e-01 1.905336787226579552e-09 2.546678400000000000e+07 2.510133400000000000e+07 5.536531448364257812e+01 5.272864151000976562e+01 nan 2.541095000000000000e+07 1.125066082691937766e+02
3.009728789329528809e-01 2.034576684236526489e-01 1.904133323856378078e-09 2.573172400000000000e+07 2.536545600000000000e+07 5.395864105224609375e+01 5.138895797729492188e+01 nan 2.567576600000000000e+07 1.087359648863970136e+02
3.063573837280273438e-01 2.070975899696350098e-01 1.902951936232507350e-09 2.602441600000000000e+07 2.566099400000000000e+07 5.267329025268554688e+01 5.016479873657226562e+01 nan 2.596889400000000000e+07 1.053961784445916550e+02
3.117418885231018066e-01 2.107375115156173706e-01 1.901791846628511990e-09 2.633096600000000000e+07 2.597214400000000000e+07 5.147149658203125000e+01 4.902023315429687500e+01 nan 2.627615200000000000e+07 1.023366811207607867e+02
3.171263933181762695e-01 2.143774479627609253e-01 1.900652308391623192e-09 2.663633600000000000e+07 2.628170600000000000e+07 5.031787872314453125e+01 4.792153930664062500e+01 nan 2.658215600000000000e+07 9.942018918410813910e+01
3.225108981132507324e-01 2.180173695087432861e-01 1.899532626729035332e-09 2.692590200000000000e+07 2.657324000000000000e+07 4.918237304687500000e+01 4.684009933471679688e+01 nan 2.687202400000000000e+07 9.653265092712732098e+01
3.278954029083251953e-01 2.216572910547256470e-01 1.898432128189829179e-09 2.718793800000000000e+07 2.683396200000000000e+07 4.804398727416992188e+01 4.575592803955078125e+01 nan 2.713386000000000000e+07 9.359696576157178072e+01
3.332799077033996582e-01 2.252972126007080078e-01 1.897350177081271127e-09 2.741797400000000000e+07 2.705929200000000000e+07 4.689709854125976562e+01 4.466366195678710938e+01 nan 2.736317600000000000e+07 9.059641142506909262e+01
3.386643826961517334e-01 2.289371192455291748e-01 1.896286172945125672e-09 2.762082000000000000e+07 2.725479000000000000e+07 4.575242614746093750e+01 4.357350921630859375e+01 nan 2.756489800000000000e+07 8.757670730740930765e+01
3.440488874912261963e-01 2.325770407915115356e-01 1.895239531240720810e-09 2.780738600000000000e+07 2.743270800000000000e+07 4.462934875488281250e+01 4.250392913818359375e+01 nan 2.775014200000000000e+07 8.461438325060797183e+01
3.494333922863006592e-01 2.362169772386550903e-01 1.894209703480833635e-09 2.798946800000000000e+07 2.760636600000000000e+07 4.354631423950195312e+01 4.147247695922851562e+01 nan 2.793093800000000000e+07 8.177947288165860584e+01
3.548178970813751221e-01 2.398568987846374512e-01 1.893196174858241155e-09 2.817696000000000000e+07 2.778696000000000000e+07 4.251652145385742188e+01 4.049173736572265625e+01 nan 2.811737600000000000e+07 7.912021770299053003e+01
3.602024018764495850e-01 2.434968203306198120e-01 1.892198441798694543e-09 2.837727000000000000e+07 2.798270600000000000e+07 4.154776382446289062e+01 3.956910705566406250e+01 nan 2.831698800000000000e+07 7.666343784640731940e+01
3.655869066715240479e-01 2.471367418766021729e-01 1.891216027459402332e-09 2.859412600000000000e+07 2.819745600000000000e+07 4.064135360717773438e+01 3.870587539672851562e+01 nan 2.853352400000000000e+07 7.441201434152289096e+01
3.709714114665985107e-01 2.507766783237457275e-01 1.890248472221847833e-09 2.882584800000000000e+07 2.842906200000000000e+07 3.979069900512695312e+01 3.789572143554687500e+01 nan 2.876522800000000000e+07 7.234056399209907795e+01
3.763558864593505859e-01 2.544165849685668945e-01 1.889295352117686434e-09 2.906579200000000000e+07 2.866998400000000000e+07 3.898303222656250000e+01 3.712651062011718750e+01 nan 2.900532400000000000e+07 7.040252288671548797e+01
3.817403912544250488e-01 2.580564916133880615e-01 1.888356242191734645e-09 2.930557800000000000e+07 2.891077000000000000e+07 3.820457077026367188e+01 3.638511657714843750e+01 nan 2.924526000000000000e+07 6.854888190540283688e+01
3.871248960494995117e-01 2.616964280605316162e-01 1.887430735669950155e-09 2.953798200000000000e+07 2.914329000000000000e+07 3.744446945190429688e+01 3.566121292114257812e+01 nan 2.947768400000000000e+07 6.674204586549774376e+01
3.925094008445739746e-01 2.653363645076751709e-01 1.886518457772270655e-09 2.975775600000000000e+07 2.936167800000000000e+07 3.669549560546875000e+01 3.494790649414062500e+01 nan 2.969724200000000000e+07 6.495779044852325512e+01
3.978939056396484375e-01 2.689762711524963379e-01 1.885619049100158659e-09 2.996190400000000000e+07 2.956280400000000000e+07 3.595396423339843750e+01 3.424169158935546875e+01 nan 2.990093000000000000e+07 6.318458603245664307e+01
4.032784104347229004e-01 2.726162075996398926e-01 1.884732143174389957e-09 3.015103800000000000e+07 2.974754600000000000e+07 3.522084808349609375e+01 3.354349517822265625e+01 nan 3.008939400000000000e+07 6.142701960360056290e+01
4.086629152297973633e-01 2.762561440467834473e-01 1.883857409814700777e-09 3.032974600000000000e+07 2.992107200000000000e+07 3.450160217285156250e+01 3.285850143432617188e+01 nan 3.026731200000000000e+07 5.970489728435546084e+01
4.140473902225494385e-01 2.798960208892822266e-01 1.882994538868699288e-09 3.050426000000000000e+07 3.009033000000000000e+07 3.380294036865234375e+01 3.219311523437500000e+01 nan 3.044102400000000000e+07 5.804170477619151569e+01
4.194318950176239014e-01 2.835359573364257812e-01 1.882143190604211824e-09 3.067956400000000000e+07 3.026094600000000000e+07 3.312950897216796875e+01 3.155176162719726562e+01 nan 3.061560800000000000e+07 5.645298561042853436e+01
4.248163998126983643e-01 2.871758937835693359e-01 1.881303079826970542e-09 3.085878000000000000e+07 3.043648600000000000e+07 3.248345565795898438e+01 3.093646812438964844e+01 nan 3.079426600000000000e+07 5.494556678492074298e+01
4.302009046077728271e-01 2.908158004283905029e-01 1.880473925305205483e-09 3.104408600000000000e+07 3.061926800000000000e+07 3.186561012268066406e+01 3.034805297851562500e+01 nan 3.097918200000000000e+07 5.352187955815485765e+01
4.355854094028472900e-01 2.944557368755340576e-01 1.879655436356054805e-09 3.123614600000000000e+07 3.080982000000000000e+07 3.127515220642089844e+01 2.978571319580078125e+01 nan 3.117101600000000000e+07 5.217871365526361416e+01
4.409699141979217529e-01 2.980956733226776123e-01 1.878847353036435648e-09 3.143278400000000000e+07 3.100558800000000000e+07 3.070843696594238281e+01 2.924598503112792969e+01 nan 3.136752000000000000e+07 5.090382221846791566e+01
4.463544189929962158e-01 3.017355799674987793e-01 1.878049424887222573e-09 3.162970000000000000e+07 3.120182200000000000e+07 3.016009330749511719e+01 2.872375297546386719e+01 nan 3.156433200000000000e+07 4.967957819351398996e+01
4.517388939857482910e-01 3.053754866123199463e-01 1.877261397654174740e-09 3.182309800000000000e+07 3.139427200000000000e+07 2.962568855285644531e+01 2.821479797363281250e+01 nan 3.175758400000000000e+07 4.849170136651144247e+01
4.571233987808227539e-01 3.090154230594635010e-01 1.876483026309890802e-09 3.201090000000000000e+07 3.158054400000000000e+07 2.910276031494140625e+01 2.771677017211914062e+01 nan 3.194515200000000000e+07 4.733258619874212769e+01
4.625079035758972168e-01 3.126553297042846680e-01 1.875714093387305177e-09 3.219195600000000000e+07 3.175935000000000000e+07 2.858989715576171875e+01 2.722833442687988281e+01 nan 3.212586200000000000e+07 4.619810200012275203e+01
4.678924083709716797e-01 3.162952661514282227e-01 1.874954364165268396e-09 3.236557200000000000e+07 3.193006600000000000e+07 2.808623695373535156e+01 2.674866294860839844e+01 nan 3.229903400000000000e+07 4.508576960162098857e+01
4.732769131660461426e-01 3.199352025985717773e-01 1.874203630559428286e-09 3.253248400000000000e+07 3.209364800000000000e+07 2.759221267700195312e+01 2.627816390991210938e+01 nan 3.246544000000000000e+07 4.399723270477809223e+01
4.786614179611206055e-01 3.235751092433929443e-01 1.873461691551420399e-09 3.269535800000000000e+07 3.225304400000000000e+07 2.710980224609375000e+01 2.581872940063476562e+01 nan 3.262778400000000000e+07 4.293900310434382561e+01
4.840458929538726807e-01 3.272150158882141113e-01 1.872728340933758753e-09 3.285737600000000000e+07 3.241174600000000000e+07 2.664123916625976562e+01 2.537248420715332031e+01 nan 3.278929200000000000e+07 4.191805919310866813e+01
4.894303977489471436e-01 3.308549523353576660e-01 1.872003379495005729e-09 3.302044000000000000e+07 3.257186800000000000e+07 2.618750190734863281e+01 2.494035339355468750e+01 nan 3.295190800000000000e+07 4.093734197072142678e+01
4.948149025440216064e-01 3.344948589801788330e-01 1.871286632213937058e-09 3.318498800000000000e+07 3.273396800000000000e+07 2.574831390380859375e+01 2.452208137512207031e+01 nan 3.311608200000000000e+07 3.999590886314581439e+01
5.001994371414184570e-01 3.381348252296447754e-01 1.870577900826693527e-09 3.335110000000000000e+07 3.289810800000000000e+07 2.532311630249023438e+01 2.411713409423828125e+01 nan 3.328189200000000000e+07 3.909189705423310102e+01
5.055838823318481445e-01 3.417747020721435547e-01 1.869877039368293133e-09 3.351875200000000000e+07 3.306413800000000000e+07 2.491128158569335938e+01 2.372490882873535156e+01 nan 3.344929800000000000e+07 3.822339662721218190e+01
5.109683871269226074e-01 3.454146385192871094e-01 1.869183849789121820e-09 3.368714400000000000e+07 3.323108400000000000e+07 2.451165199279785156e+01 2.334431266784667969e+01 nan 3.361746800000000000e+07 3.738681591866622256e+01
5.163528919219970703e-01 3.490545451641082764e-01 1.868498185335105332e-09 3.385433200000000000e+07 3.339679400000000000e+07 2.412232398986816406e+01 2.297352409362792969e+01 nan 3.378442800000000000e+07 3.657644616424603612e+01
5.217373967170715332e-01 3.526944816112518311e-01 1.867819876059786520e-09 3.401842400000000000e+07 3.355923200000000000e+07 2.374157524108886719e+01 2.261091041564941406e+01 nan 3.394826800000000000e+07 3.578719300550505977e+01
5.271219015121459961e-01 3.563344180583953857e-01 1.867148773833358248e-09 3.417876000000000000e+07 3.371764000000000000e+07 2.336866760253906250e+01 2.225576210021972656e+01 nan 3.410830800000000000e+07 3.501696498698013471e+01
5.325064063072204590e-01 3.599743247032165527e-01 1.866484735032350672e-09 3.433568400000000000e+07 3.387235600000000000e+07 2.300359153747558594e+01 2.190806961059570312e+01 nan 3.426489600000000000e+07 3.426584903227734458e+01
5.378909111022949219e-01 3.636142611503601074e-01 1.865827604301946768e-09 3.448951200000000000e+07 3.402376400000000000e+07 2.264631462097167969e+01 2.156780815124511719e+01 nan 3.441835600000000000e+07 3.353382794998057648e+01
5.432754158973693848e-01 3.672541677951812744e-01 1.865177252290424566e-09 3.464039600000000000e+07 3.417212800000000000e+07 2.229670333862304688e+01 2.123484992980957031e+01 nan 3.456885600000000000e+07 3.282055318104011121e+01
5.486599206924438477e-01 3.708941042423248291e-01 1.864533532427482462e-09 3.478920400000000000e+07 3.431842800000000000e+07 2.195507431030273438e+01 2.090948867797851562e+01 nan 3.471728000000000000e+07 3.212696143483776723e+01
5.540444254875183105e-01 3.745340406894683838e-01 1.863896318172137942e-09 3.493741600000000000e+07 3.446426000000000000e+07 2.162209320068359375e+01 2.059236717224121094e+01 nan 3.486512800000000000e+07 3.145500279975204094e+01
5.594289302825927734e-01 3.781739473342895508e-01 1.863265486641235488e-09 3.508598400000000000e+07 3.461063200000000000e+07 2.129803848266601562e+01 2.028374290466308594e+01 nan 3.501336000000000000e+07 3.080544697622979555e+01
5.648134350776672363e-01 3.818138837814331055e-01 1.862640903204479876e-09 3.523472000000000000e+07 3.475737600000000000e+07 2.098247146606445312e+01 1.998320579528808594e+01 nan 3.516179200000000000e+07 3.017699001582805352e+01
5.701979398727416992e-01 3.854538202285766602e-01 1.862022452330667509e-09 3.538308400000000000e+07 3.490392800000000000e+07 2.067476844787597656e+01 1.969015502929687500e+01 nan 3.530988000000000000e+07 2.956782906254213472e+01
5.755824446678161621e-01 3.890937268733978271e-01 1.861410021730888845e-09 3.553102000000000000e+07 3.505015600000000000e+07 2.037461662292480469e+01 1.940429687500000000e+01 nan 3.545755200000000000e+07 2.897710006757132817e+01
5.809668898582458496e-01 3.927336037158966064e-01 1.860803497296447543e-09 3.567849600000000000e+07 3.519597200000000000e+07 2.008173179626464844e+01 1.912536239624023438e+01 nan 3.560477600000000000e+07 2.840400958584216085e+01
5.863513946533203125e-01 3.963735401630401611e-01 1.860202753428811389e-09 3.582482400000000000e+07 3.534060400000000000e+07 1.979548645019531250e+01 1.885274887084960938e+01 nan 3.575084800000000000e+07 2.784676595520012299e+01
5.917358994483947754e-01 4.000134766101837158e-01 1.859607692406273365e-09 3.596903600000000000e+07 3.548303600000000000e+07 1.951512336730957031e+01 1.858573722839355469e+01 nan 3.589478400000000000e+07 2.730330772083953050e+01
5.971204042434692383e-01 4.036533832550048828e-01 1.859018214291441706e-09 3.611089200000000000e+07 3.562301200000000000e+07 1.924034500122070312e+01 1.832404518127441406e+01 nan 3.603635600000000000e+07 2.677285187453078663e+01
6.025049090385437012e-01 4.072933197021484375e-01 1.858434207544148841e-09 3.625095600000000000e+07 3.576110400000000000e+07 1.897127723693847656e+01 1.806779289245605469e+01 nan 3.617612000000000000e+07 2.625575719682220210e+01
6.078894138336181641e-01 4.109332561492919922e-01 1.857855577876460681e-09 3.638959200000000000e+07 3.589771600000000000e+07 1.870794296264648438e+01 1.781699562072753906e+01 nan 3.631444400000000000e+07 2.575210044881725224e+01
6.132739186286926270e-01 4.145731627941131592e-01 1.857282233477322155e-09 3.652668000000000000e+07 3.603276800000000000e+07 1.845010566711425781e+01 1.757143974304199219e+01 nan 3.645122000000000000e+07 2.526126342748834119e+01
6.186584234237670898e-01 4.182130992412567139e-01 1.856714071034082293e-09 3.666236400000000000e+07 3.616644400000000000e+07 1.819767570495605469e+01 1.733103179931640625e+01 nan 3.658659600000000000e+07 2.478296389007644152e+01
6.240429282188415527e-01 4.218530058860778809e-01 1.856151008397507339e-09 3.679731200000000000e+07 3.629945600000000000e+07 1.795081710815429688e+01 1.709593009948730469e+01 nan 3.672124400000000000e+07 2.431768716522346807e+01
6.294274330139160156e-01 4.254929423332214355e-01 1.855592947277603754e-09 3.693208800000000000e+07 3.643238400000000000e+07 1.770963478088378906e+01 1.686623573303222656e+01 nan 3.685574400000000000e+07 2.386566690983146088e+01
6.556535363197326660e-01 4.432217776775360107e-01 1.852943630635520644e-09 3.757850800000000000e+07 3.707053600000000000e+07 1.660690498352050781e+01 1.581601810455322266e+01 nan 3.750090400000000000e+07 2.182922317388319655e+01
8.039034605026245117e-01 5.434387326240539551e-01 1.839770603253567837e-09 4.083192800000000000e+07 4.028009600000000000e+07 1.200301361083984375e+01 1.143138504028320312e+01 nan 4.074762400000000000e+07 1.388263702291564172e+01
9.932619333267211914e-01 6.714450716972351074e-01 1.826201010048688587e-09 4.426918400000000000e+07 4.367108400000000000e+07 8.524570465087890625e+00 8.118597030639648438e+00 nan 4.417780800000000000e+07 8.587770955770444914e+00
1.227223634719848633e+00 8.296031951904296875e-01 1.812731498599941669e-09 4.776066400000000000e+07 4.711554400000000000e+07 6.024510383605957031e+00 5.737599849700927734e+00 nan 4.766210400000000000e+07 5.260453940656373284e+00
1.516294717788696289e+00 1.025015234947204590e+00 1.799361337301671755e-09 5.129924400000000000e+07 5.060647600000000000e+07 4.238799095153808594e+00 4.036931037902832031e+00 nan 5.119340400000000000e+07 3.193814315068304932e+00
1.873456120491027832e+00 1.266456365585327148e+00 1.786089789356977996e-09 5.487779200000000000e+07 5.413682800000000000e+07 2.970358848571777344e+00 2.828898429870605469e+00 nan 5.476459200000000000e+07 1.923472771125952718e+00
2.314746379852294922e+00 1.564768552780151367e+00 1.772916133006574509e-09 5.849088000000000000e+07 5.770124000000000000e+07 2.073866844177246094e+00 1.975100994110107422e+00 nan 5.837024400000000000e+07 1.149937979322525727e+00
2.859982252120971680e+00 1.933347940444946289e+00 1.759839636962373426e-09 6.213362800000000000e+07 6.129491200000000000e+07 1.443111538887023926e+00 1.374384641647338867e+00 nan 6.200548800000000000e+07 6.828994124296750012e-01
3.533647537231445312e+00 2.388745784759521484e+00 1.746859588797865175e-09 6.580167200000000000e+07 6.491353200000000000e+07 1.001130461692810059e+00 9.534523487091064453e-01 nan 6.566598800000000000e+07 4.030717628338619796e-01
4.365993976593017578e+00 2.951411962509155273e+00 1.733975279535418463e-09 6.949131200000000000e+07 6.855342400000000000e+07 6.925718784332275391e-01 6.595885157585144043e-01 nan 6.934802400000000000e+07 2.365781708367829805e-01
5.394398689270019531e+00 3.646613597869873047e+00 1.721185999058096773e-09 7.319952000000000000e+07 7.221164000000000000e+07 4.778850972652435303e-01 4.551258683204650879e-01 nan 7.304860000000000000e+07 1.381450473261090772e-01
6.665042877197265625e+00 4.505568981170654297e+00 1.708491050912268841e-09 7.692310400000000000e+07 7.588498400000000000e+07 3.289676010608673096e-01 3.133004009723663330e-01 nan 7.676450400000000000e+07 8.028560352279885681e-02
8.234986305236816406e+00 5.566850662231445312e+00 1.695889732548296616e-09 8.066003200000000000e+07 7.957143200000000000e+07 2.259624302387237549e-01 2.152006775140762329e-01 nan 8.049371200000000000e+07 4.645644182553026330e-02
1.017472743988037109e+01 6.878115653991699219e+00 1.683381361073609185e-09 8.440780800000000000e+07 8.326851200000000000e+07 1.548969000577926636e-01 1.475195437669754028e-01 nan 8.423376000000000000e+07 2.677316016179701746e-02
1.257137203216552734e+01 8.498247146606445312e+00 1.670965250288532184e-09 8.816432800000000000e+07 8.697410400000000000e+07 1.059830114245414734e-01 1.009350791573524475e-01 nan 8.798248800000000000e+07 1.537182311156009770e-02
1.553254413604736328e+01 1.050000000000000000e+01 1.658640709094829109e-09 9.192764800000000000e+07 9.068620000000000000e+07 7.238928973674774170e-02 6.894120573997497559e-02 nan 9.173797600000000000e+07 8.795023404207092180e-03
