# k/h [h/Mpc]            k [1/Mpc]              Primoridal             T_cdm(k)                 T_bar(k)                 T_phot(k)                T_massless neutrions(k)  T_massive neutrinos(k)   T_total(k)               Linear Pk [(Mpc/h)^3]  
1.049045658874092624e-05 7.091548468451946974e-06 2.727206404909961128e-09 1.000000000000000000e+00 1.000000000000000000e+00 1.000000000000000000e+00 1.000000000000000000e+00 nan 1.000000000000000000e+00 2.686931930697825432e+00
1.158353370556142181e-05 7.830468348402064294e-06 2.717761705682844603e-09 1.219251394271850586e+00 1.219251394271850586e+00 1.219220757484436035e+00 1.219220161437988281e+00 nan 1.219251394271850586e+00 2.956626782615149995e+00
1.279050593439023942e-05 8.646382411825470626e-06 2.708349706436794825e-09 1.486574053764343262e+00 1.486574053764343262e+00 1.486491441726684570e+00 1.486489653587341309e+00 nan 1.486574053764343262e+00 3.253391821476733448e+00
1.412324218108551577e-05 9.547311492497101426e-06 2.698970312856197758e-09 1.812507033348083496e+00 1.812507033348083496e+00 1.812338948249816895e+00 1.812335610389709473e+00 nan 1.812507033348083496e+00 3.579943229234665569e+00
1.559484553581569344e-05 1.054211588780162856e-05 2.689623392481895528e-09 2.209901332855224609e+00 2.209901332855224609e+00 2.209596395492553711e+00 2.209590196609497070e+00 nan 2.209901332855224609e+00 3.939270625170460338e+00
1.721978514979127795e-05 1.164057448477251455e-05 2.680308856040028027e-09 2.694424152374267578e+00 2.694423913955688477e+00 2.693903446197509766e+00 2.693892717361450195e+00 nan 2.694423913955688477e+00 4.334663970896258434e+00
1.901403993542771786e-05 1.285349117097212002e-05 2.671026563908324178e-09 3.285179376602172852e+00 3.285178899765014648e+00 3.284323215484619141e+00 3.284306049346923828e+00 nan 3.285179376602172852e+00 4.769742744132232204e+00
2.099525045196060091e-05 1.419278942194068804e-05 2.661776424936157355e-09 4.005457401275634766e+00 4.005456924438476562e+00 4.004084587097167969e+00 4.004056930541992188e+00 nan 4.005456924438476562e+00 5.248490570798444388e+00
2.318289807590190321e-05 1.567163963045459241e-05 2.652558315858844083e-09 4.883656978607177734e+00 4.883656024932861328e+00 4.881494045257568359e+00 4.881450176239013672e+00 nan 4.883656978607177734e+00 5.775289173300770074e+00
2.559849235694855452e-05 1.730458097881637514e-05 2.643372135990062650e-09 5.954399585723876953e+00 5.954399108886718750e+00 5.951036453247070312e+00 5.950968265533447266e+00 nan 5.954399585723876953e+00 6.354960333261079342e+00
2.826578383974265307e-05 1.910767059598583728e-05 2.634217767634683471e-09 7.259902000427246094e+00 7.259901046752929688e+00 7.254720687866210938e+00 7.254615783691406250e+00 nan 7.259902000427246094e+00 6.992810794360581284e+00
3.121100235148333013e-05 2.109863817167934030e-05 2.625095097817206075e-09 8.851634025573730469e+00 8.851633071899414062e+00 8.843710899353027344e+00 8.843551635742187500e+00 nan 8.851634025573730469e+00 7.694679717177131728e+00
3.446310074650682509e-05 2.329705603187903762e-05 2.616004033478672110e-09 1.079234695434570312e+01 1.079234600067138672e+01 1.078030204772949219e+01 1.078005790710449219e+01 nan 1.079234600067138672e+01 8.466987323602980453e+00
3.805406231549568474e-05 2.572454650362487882e-05 2.606944439452153756e-09 1.315855693817138672e+01 1.315855407714843750e+01 1.314032554626464844e+01 1.313995552062988281e+01 nan 1.315855693817138672e+01 9.316803856811523232e+00
4.201919000479392707e-05 2.840497290890198201e-05 2.597916226597658093e-09 1.604354667663574219e+01 1.604354286193847656e+01 1.601604461669921875e+01 1.601548767089843750e+01 nan 1.604354667663574219e+01 1.025190592974698411e+01
4.639747567125596106e-05 3.136469240416772664e-05 2.588919279439887767e-09 1.956105232238769531e+01 1.956104850769042969e+01 1.951968955993652344e+01 1.951885414123535156e+01 nan 1.956105041503906250e+01 1.128084772535640923e+01
5.123196388012729585e-05 3.463280881987884641e-05 2.579953483847589841e-09 2.384975051879882812e+01 2.384974288940429688e+01 2.378767776489257812e+01 2.378642272949218750e+01 nan 2.384975051879882812e+01 1.241304122063451487e+01
5.657019573845900595e-05 3.824145096587017179e-05 2.571018745591721348e-09 2.907869911193847656e+01 2.907868385314941406e+01 2.898572158813476562e+01 2.898384094238281250e+01 nan 2.907869529724121094e+01 1.365884459268581352e+01
6.246465636650100350e-05 4.222610732540488243e-05 2.562114941593048984e-09 3.545404052734375000e+01 3.545402145385742188e+01 3.531498718261718750e+01 3.531217956542968750e+01 nan 3.545403671264648438e+01 1.502964514579284305e+01
6.897329876665025949e-05 4.662595165427774191e-05 2.553241977543412439e-09 4.322706985473632812e+01 4.322703933715820312e+01 4.301937484741210938e+01 4.301517868041992188e+01 nan 4.322706604003906250e+01 1.653797382427001494e+01
7.616012590005993843e-05 5.148424679646268487e-05 2.544399743325443185e-09 5.270420074462890625e+01 5.270414733886718750e+01 5.239428329467773438e+01 5.238802337646484375e+01 nan 5.270419311523437500e+01 1.819761562172326208e+01
8.409580186707898974e-05 5.684876305167563260e-05 2.535588130685252624e-09 6.425896453857421875e+01 6.425890350341796875e+01 6.379695510864257812e+01 6.378762435913085938e+01 nan 6.425895690917968750e+01 2.002372913686502187e+01
9.285835403716191649e-05 6.277224747464060783e-05 2.526807033334104165e-09 7.834679412841796875e+01 7.834670257568359375e+01 7.765855407714843750e+01 7.764466857910156250e+01 nan 7.834677886962890625e+01 2.203298606025667183e+01
1.025339443003758788e-04 6.931294774403795600e-05 2.518056339675267213e-09 9.552288818359375000e+01 9.552275085449218750e+01 9.449835968017578125e+01 9.447770690917968750e+01 nan 9.552286529541015625e+01 2.424371083702477847e+01
1.132176985265687108e-04 7.653516513528302312e-05 2.509335958204897443e-09 1.164641189575195312e+02 1.164639129638671875e+02 1.149399261474609375e+02 1.149092254638671875e+02 nan 1.164640960693359375e+02 2.667606997125499291e+01
1.250146742677316070e-04 8.450992027064785361e-05 2.500645773867358897e-09 1.419956207275390625e+02 1.419953002929687500e+02 1.397294006347656250e+02 1.396838226318359375e+02 nan 1.419955596923828125e+02 2.935221323644171676e+01
1.380408502882346511e-04 9.331561159342527390e-05 2.491985695624705562e-09 1.731232147216796875e+02 1.731227264404296875e+02 1.697557678222656250e+02 1.696880950927734375e+02 nan 1.731231384277343750e+02 3.229647340044289905e+01
1.524243270978331566e-04 1.030388448270969093e-04 2.483355596498544299e-09 2.110731506347656250e+02 2.110724334716796875e+02 2.060723571777343750e+02 2.059720153808593750e+02 nan 2.110730438232421875e+02 3.553561354510104309e+01
1.683065347606316209e-04 1.137752187787555158e-04 2.474755379885282393e-09 2.573399963378906250e+02 2.573389892578125000e+02 2.499183502197265625e+02 2.497697601318359375e+02 nan 2.573398437500000000e+02 3.909900298373364791e+01
1.858436153270304203e-04 1.256302784895524383e-04 2.466184957973141175e-09 3.137453613281250000e+02 3.137438354492187500e+02 3.027387390136718750e+02 3.025188598632812500e+02 nan 3.137451477050781250e+02 4.301889006311741070e+01
2.052080089924857020e-04 1.387206139042973518e-04 2.457644209414643305e-09 3.825096740722656250e+02 3.825073242187500000e+02 3.661993713378906250e+02 3.658744812011718750e+02 nan 3.825092468261718750e+02 4.733067599622351906e+01
2.265901130158454180e-04 1.531749148853123188e-04 2.449133045395065615e-09 4.663384399414062500e+02 4.663350524902343750e+02 4.421912231445312500e+02 4.417119140625000000e+02 nan 4.663379516601562500e+02 5.207313346485732097e+01
2.502001880202442408e-04 1.691353245405480266e-04 2.440651351248999153e-09 5.685289306640625000e+02 5.685239868164062500e+02 5.328178100585937500e+02 5.321120605468750000e+02 nan 5.685281982421875000e+02 5.728881570476954721e+01
2.762703516054898500e-04 1.867587561719119549e-04 2.432199034655000626e-09 6.930983886718750000e+02 6.930910034179687500e+02 6.403532714843750000e+02 6.393162841796875000e+02 nan 6.930972290039062500e+02 6.302426692184057089e+01
3.050569503102451563e-04 2.062184939859434962e-04 2.423775992290330563e-09 8.449403686523437500e+02 8.449294433593750000e+02 7.671557006835937500e+02 7.656361694335937500e+02 nan 8.449387817382812500e+02 6.933038815582851555e+01
3.368430479895323515e-04 2.277058956678956747e-04 2.415382114947829304e-09 1.030015747070312500e+03 1.029999755859375000e+03 9.155158081054687500e+02 9.132963867187500000e+02 nan 1.030013427734375000e+03 7.626278311800346899e+01
3.719411906786262989e-04 2.514322404749691486e-04 2.407017301830847028e-09 1.255583496093750000e+03 1.255559936523437500e+03 1.087411987304687500e+03 1.084183227539062500e+03 nan 1.255579956054687500e+03 8.388210972661670439e+01
4.106964333914220333e-04 2.776307810563594103e-04 2.398681465071051552e-09 1.530479980468750000e+03 1.530445312500000000e+03 1.284139892578125000e+03 1.279465209960937500e+03 nan 1.530474731445312500e+03 9.225436484044760732e+01
4.534898616839200258e-04 3.065591445192694664e-04 2.390374494355455649e-09 1.865460449218750000e+03 1.865409790039062500e+03 1.505785034179687500e+03 1.499056762695312500e+03 nan 1.865452880859375000e+03 1.014511772803914198e+02
5.007422878406941891e-04 3.385017917025834322e-04 2.382096284987275655e-09 2.273610351562500000e+03 2.273536376953125000e+03 1.750508544921875000e+03 1.740892700195312500e+03 nan 2.273599365234375000e+03 1.115501925375810117e+02
5.529182380996644497e-04 3.737727238330990076e-04 2.373846756225058361e-09 2.770841308593750000e+03 2.770733642578125000e+03 2.013642211914062500e+03 2.000018920898437500e+03 nan 2.770824707031250000e+03 1.226351844857672546e+02
6.105307838879525661e-04 4.127188003621995449e-04 2.365625794166928840e-09 3.376496093750000000e+03 3.376340820312500000e+03 2.286658691406250000e+03 2.267560791015625000e+03 nan 3.376472412109375000e+03 1.347962114142990799e+02
6.741464603692293167e-04 4.557229985948652029e-04 2.357433293568910220e-09 4.114073730468750000e+03 4.113849609375000000e+03 2.556162109375000000e+03 2.529730468750000000e+03 nan 4.114039550781250000e+03 1.481298469244604235e+02
7.443906506523489952e-04 5.032080807723104954e-04 2.349269171114912410e-09 5.012098144531250000e+03 5.011777832031250000e+03 2.803242919921875000e+03 2.767226318359375000e+03 nan 5.012048828125000000e+03 1.627387327967454098e+02
8.219541050493717194e-04 5.556409596465528011e-04 2.341133324843220307e-09 6.105175781250000000e+03 6.104722167968750000e+03 3.003782470703125000e+03 2.955619140625000000e+03 nan 6.105106445312500000e+03 1.787317180923315902e+02
9.075994603335857391e-04 6.135372095741331577e-04 2.333025652639057309e-09 7.435255371093750000e+03 7.434618164062500000e+03 3.130561767578125000e+03 3.067590087890625000e+03 nan 7.435157226562500000e+03 1.962232317268837676e+02
1.002168864943087101e-03 6.774661596864461899e-04 2.324946049885245546e-09 9.053135742187500000e+03 9.052250976562500000e+03 3.158221923828125000e+03 3.078056396484375000e+03 nan 9.053000976562500000e+03 2.153327160729814409e+02
1.106592128053307533e-03 7.480562780983746052e-04 2.316894434325377400e-09 1.102027734375000000e+04 1.101906152343750000e+04 3.071873535156250000e+03 2.972920410156250000e+03 nan 1.102009082031250000e+04 2.361838954722089738e+02
1.221895916387438774e-03 8.260016329586505890e-04 2.308870708568745277e-09 1.341095312500000000e+04 1.340930566406250000e+04 2.878949707031250000e+03 2.760913330078125000e+03 nan 1.341070117187500000e+04 2.589035592853270487e+02
1.349214115180075169e-03 9.120687609538435936e-04 2.300874762407135126e-09 1.631483984375000000e+04 1.631264062500000000e+04 2.621097656250000000e+03 2.485108398437500000e+03 nan 1.631450488281250000e+04 2.836205870721052520e+02
1.489798538386821747e-03 1.007103826850652695e-03 2.292906509188567727e-09 1.984006250000000000e+04 1.983715429687500000e+04 2.378345703125000000e+03 2.226158935546875000e+03 nan 1.983961523437500000e+04 3.104641695147195719e+02
1.645031501539051533e-03 1.112041296437382698e-03 2.284965850418265676e-09 2.411682226562500000e+04 2.411302343750000000e+04 2.253390136718750000e+03 2.085214599609375000e+03 nan 2.411624218750000000e+04 3.395619228477623324e+02
1.816439209505915642e-03 1.227912958711385727e-03 2.277052691606405739e-09 2.930169531250000000e+04 2.929674804687500000e+04 2.325409667968750000e+03 2.136852294921875000e+03 nan 2.930093750000000000e+04 3.710373949098546404e+02
2.005707239732146263e-03 1.355858054012060165e-03 2.269166941709029953e-09 3.558263671875000000e+04 3.557615234375000000e+04 2.580537109375000000e+03 2.361200927734375000e+03 nan 3.558164843750000000e+04 4.050064403557532273e+02
2.214696491137146950e-03 1.497134799137711525e-03 2.261308494449764354e-09 4.318483984375000000e+04 4.317622656250000000e+04 2.865727783203125000e+03 2.603904785156250000e+03 nan 4.318351953125000000e+04 4.415720351488255346e+02
2.445461694151163101e-03 1.653132145293056965e-03 2.253477264686429142e-09 5.237743750000000000e+04 5.236575390625000000e+04 2.950651855468750000e+03 2.646044189453125000e+03 nan 5.237565625000000000e+04 4.808181340067853853e+02
2.700272016227245331e-03 1.825383864343166351e-03 2.245673160886940457e-09 6.348134375000000000e+04 6.346515234375000000e+04 2.739554931640625000e+03 2.414127685546875000e+03 nan 6.347886328125000000e+04 5.228029517133151103e+02
2.981632947921752930e-03 2.015583915635943413e-03 2.237896076485985185e-09 7.687812500000000000e+04 7.685541406250000000e+04 2.470262695312500000e+03 2.154187988281250000e+03 nan 7.687464062500000000e+04 5.675506139334254385e+02
3.292310982942581177e-03 2.225602278485894203e-03 2.230145925871712440e-09 9.302015625000000000e+04 9.298819531250000000e+04 2.523136230468750000e+03 2.213301757812500000e+03 nan 9.301526562500000000e+04 6.150445002721387482e+02
3.635360859334468842e-03 2.457503927871584892e-03 2.222422616889744185e-09 1.124421953125000000e+05 1.123972109375000000e+05 2.806792968750000000e+03 2.290544677734375000e+03 nan 1.124353125000000000e+05 6.652187502930697747e+02
4.014155361801385880e-03 2.713568974286317825e-03 2.214726058195065524e-09 1.357740000000000000e+05 1.357104687500000000e+05 2.720706054687500000e+03 2.268690185546875000e+03 nan 1.357642968750000000e+05 7.179471784915975832e+02
4.432419314980506897e-03 2.996315481141209602e-03 2.207056148657132701e-09 1.637541562500000000e+05 1.636636875000000000e+05 2.355944580078125000e+03 2.244369628906250000e+03 nan 1.637403125000000000e+05 7.730316254228108619e+02
4.894265439361333847e-03 3.308523446321487427e-03 2.199412800139309644e-09 1.972448437500000000e+05 1.971150781250000000e+05 2.498795898437500000e+03 2.217368408203125000e+03 nan 1.972250312500000000e+05 8.301896518910891700e+02
5.404234398156404495e-03 3.653262509033083916e-03 2.191795924301313793e-09 2.372475156250000000e+05 2.370609531250000000e+05 2.526180664062500000e+03 2.187546875000000000e+03 nan 2.372190312500000000e+05 8.890427962641733757e+02
5.967340432107448578e-03 4.033922217786312103e-03 2.184205430909534259e-09 2.849181875000000000e+05 2.846496250000000000e+05 2.230737060546875000e+03 2.154742187500000000e+03 nan 2.848771250000000000e+05 9.491024738344565321e+02
6.589121185243129730e-03 4.454245790839195251e-03 2.176641221197925960e-09 3.415820937500000000e+05 3.411944687500000000e+05 2.604603271484375000e+03 2.118748291015625000e+03 nan 3.415228750000000000e+05 1.009755855795713273e+03
7.275689393281936646e-03 4.918366204947233200e-03 2.169103203027300791e-09 4.087460312500000000e+05 4.081855937500000000e+05 2.231526123046875000e+03 2.079428466796875000e+03 nan 4.086604062500000000e+05 1.070253308582499358e+03
8.033796213567256927e-03 5.430846009403467178e-03 2.161591299930936394e-09 4.881057187500000000e+05 4.872954062500000000e+05 2.310326416015625000e+03 2.036585449218750000e+03 nan 4.879819375000000000e+05 1.129693813491445781e+03
8.870895951986312866e-03 5.996725521981716156e-03 2.154105401952956366e-09 5.815466875000000000e+05 5.803746250000000000e+05 2.250745605468750000e+03 1.990056030273437500e+03 nan 5.813676250000000000e+05 1.187012848564683964e+03
9.795218706130981445e-03 6.621567998081445694e-03 2.146645430474833453e-09 6.911337500000000000e+05 6.894406875000000000e+05 2.122500244140625000e+03 1.939667480468750000e+03 nan 6.908750625000000000e+05 1.240977191539980595e+03
1.081585418432950974e-02 7.311517372727394104e-03 2.139211293795359687e-09 8.190836250000000000e+05 8.166411875000000000e+05 2.208024169921875000e+03 1.885250244140625000e+03 nan 8.187103750000000000e+05 1.290177524469671198e+03
1.194283645600080490e-02 8.073357865214347839e-03 2.131802900090153706e-09 9.677151875000000000e+05 9.642009375000000000e+05 1.855546020507812500e+03 1.826649414062500000e+03 nan 9.671782500000000000e+05 1.333034548119555893e+03
1.318724639713764191e-02 8.914578706026077271e-03 2.124420174276236449e-09 1.139371250000000000e+06 1.134331625000000000e+06 1.917371215820312500e+03 1.763712890625000000e+03 nan 1.138601375000000000e+06 1.367824302663752860e+03
1.456132158637046814e-02 9.843453764915466309e-03 2.117063005254935590e-09 1.336302750000000000e+06 1.329107750000000000e+06 1.723710205078125000e+03 1.696328491210937500e+03 nan 1.335203500000000000e+06 1.392716748394839215e+03
1.607857085764408112e-02 1.086911372840404510e-02 2.109731324472420402e-09 1.560510625000000000e+06 1.550296750000000000e+06 1.570185791015625000e+03 1.624423828125000000e+03 nan 1.558950125000000000e+06 1.405853380889486516e+03
1.775391399860382080e-02 1.200164575129747391e-02 2.102425026951150955e-09 1.813553750000000000e+06 1.799157750000000000e+06 1.693408325195312500e+03 1.548008422851562500e+03 nan 1.811354375000000000e+06 1.405467533483353463e+03
1.960382424294948578e-02 1.325218472629785538e-02 2.095144031049849183e-09 2.096330125000000000e+06 2.076219625000000000e+06 1.722775024414062500e+03 1.467215332031250000e+03 nan 2.093257750000000000e+06 1.390057080462190243e+03
2.164648845791816711e-02 1.463302597403526306e-02 2.087888252770266929e-09 2.408881750000000000e+06 2.381098000000000000e+06 1.470475952148437500e+03 1.382358398437500000e+03 nan 2.404637250000000000e+06 1.358618930631819239e+03
2.390199340879917145e-02 1.615774817764759064e-02 2.080657597354892904e-09 2.750302750000000000e+06 2.712441250000000000e+06 1.442003295898437500e+03 1.294004028320312500e+03 nan 2.744518500000000000e+06 1.310934540938319515e+03
2.639251388609409332e-02 1.784133911132812500e-02 2.073451995948668221e-09 3.118881000000000000e+06 3.068152750000000000e+06 1.314643432617187500e+03 1.203053710937500000e+03 nan 3.111131000000000000e+06 1.247875188970780528e+03
2.914254181087017059e-02 1.970035769045352936e-02 2.066271340052806293e-09 3.512678750000000000e+06 3.446121750000000000e+06 1.215493408203125000e+03 1.110817504882812500e+03 nan 3.502510500000000000e+06 1.171665827872956925e+03
3.217911347746849060e-02 2.175308018922805786e-02 2.059115554147728899e-09 3.930751000000000000e+06 3.845664750000000000e+06 1.189652587890625000e+03 1.019053955078125000e+03 nan 3.917751750000000000e+06 1.086003867700620731e+03
3.553209081292152405e-02 2.401969395577907562e-02 2.051984539888671147e-09 4.375154000000000000e+06 4.269825000000000000e+06 9.926850585937500000e+02 9.299343261718750000e+02 nan 4.359062000000000000e+06 9.959101343465248419e+02
3.923443704843521118e-02 2.652247995138168335e-02 2.044878229365854235e-09 4.853560000000000000e+06 4.728270000000000000e+06 9.608134155273437500e+02 8.458753051757812500e+02 nan 4.834418500000000000e+06 9.072096227427462054e+02
4.332255572080612183e-02 2.928604744374752045e-02 2.037796533657790378e-09 5.381630500000000000e+06 5.239758500000000000e+06 8.324561767578125000e+02 7.691880493164062500e+02 nan 5.359956000000000000e+06 8.255970801596380397e+02
4.765481501817703247e-02 3.221465647220611572e-02 2.031010053452367756e-09 5.956778000000000000e+06 5.805645000000000000e+06 7.591909179687500000e+02 7.037532958984375000e+02 nan 5.933688500000000000e+06 7.574191615754393752e+02
5.198707059025764465e-02 3.514325991272926331e-02 2.024834231214258902e-09 6.565678000000000000e+06 6.414253000000000000e+06 7.034168701171875000e+02 6.520493164062500000e+02 nan 6.542543000000000000e+06 7.066173303181305982e+02
5.631932616233825684e-02 3.807186335325241089e-02 2.019169610001785353e-09 7.203060000000000000e+06 7.058546000000000000e+06 6.578776245117187500e+02 6.098325805664062500e+02 nan 7.180981000000000000e+06 6.670467909458618578e+02
6.065158173441886902e-02 4.100047051906585693e-02 2.013939112582009273e-09 7.860576000000000000e+06 7.726537000000000000e+06 6.193428344726562500e+02 5.741094360351562500e+02 nan 7.840097500000000000e+06 6.343813600598408584e+02
6.498383730649948120e-02 4.392907395958900452e-02 2.009081821590703985e-09 8.516938000000000000e+06 8.392235000000000000e+06 5.847995605468750000e+02 5.420871582031250000e+02 nan 8.497886000000000000e+06 6.040463756729765237e+02
6.931609660387039185e-02 4.685768112540245056e-02 2.004548729015451583e-09 9.145618000000000000e+06 9.024394000000000000e+06 5.520487060546875000e+02 5.117276611328125000e+02 nan 9.127097000000000000e+06 5.726142415893011730e+02
7.364834845066070557e-02 4.978628456592559814e-02 2.000299865353250301e-09 9.721406000000000000e+06 9.594191000000000000e+06 5.198109130859375000e+02 4.818447265625000000e+02 nan 9.701971000000000000e+06 5.382524352663308491e+02
7.798060774803161621e-02 5.271489173173904419e-02 1.996302173696350216e-09 1.022850000000000000e+07 1.008420500000000000e+07 4.877587585449218750e+02 4.521345214843750000e+02 nan 1.020645500000000000e+07 5.009704185673506913e+02
8.231285959482192993e-02 5.564349144697189331e-02 1.992528044667567094e-09 1.066442900000000000e+07 1.049280200000000000e+07 4.562713317871093750e+02 4.229483642578125000e+02 nan 1.063820900000000000e+07 4.621664384999759818e+02
8.664511889219284058e-02 5.857209861278533936e-02 1.988954134422163219e-09 1.103939600000000000e+07 1.083336600000000000e+07 4.260801696777343750e+02 3.949637756347656250e+02 nan 1.100791900000000000e+07 4.238428614472965137e+02
9.097737073898315430e-02 6.150070205330848694e-02 1.985560585482697045e-09 1.137242000000000000e+07 1.112979000000000000e+07 3.979486083984375000e+02 3.688881225585937500e+02 nan 1.133535100000000000e+07 3.878917422283021210e+02
9.636187553405761719e-02 6.514062732458114624e-02 1.981568674123380254e-09 1.176767100000000000e+07 1.148481300000000000e+07 3.668822631835937500e+02 3.400916442871093750e+02 nan 1.172445700000000000e+07 3.488158717904183845e+02
1.017463728785514832e-01 6.878054887056350708e-02 1.977801256732118934e-09 1.219673700000000000e+07 1.188807900000000000e+07 3.410066528320312500e+02 3.161059875488281250e+02 nan 1.214958000000000000e+07 3.177129834846811036e+02
1.071308776736259460e-01 7.242047041654586792e-02 1.974234781265857972e-09 1.270553700000000000e+07 1.239061000000000000e+07 3.204506225585937500e+02 2.970505371093750000e+02 nan 1.265742300000000000e+07 2.948238737505919289e+02
1.125153750181198120e-01 7.606039196252822876e-02 1.970849203820953451e-09 1.330429700000000000e+07 1.300185200000000000e+07 3.043102416992187500e+02 2.820877075195312500e+02 nan 1.325808900000000000e+07 2.785630157467143135e+02
1.178998723626136780e-01 7.970031350851058960e-02 1.967627323526894450e-09 1.396592700000000000e+07 1.368827000000000000e+07 2.910711364746093750e+02 2.698141479492187500e+02 nan 1.392350900000000000e+07 2.663570203194881287e+02
1.232843771576881409e-01 8.334024250507354736e-02 1.964554264128985100e-09 1.464278700000000000e+07 1.439210400000000000e+07 2.792309265136718750e+02 2.588375854492187500e+02 nan 1.460448800000000000e+07 2.556872237692581109e+02
1.286688745021820068e-01 8.698015660047531128e-02 1.961617102724775952e-09 1.528193400000000000e+07 1.504977600000000000e+07 2.676244201660156250e+02 2.480780792236328125e+02 nan 1.524646500000000000e+07 2.446088703812377219e+02
1.340533792972564697e-01 9.062008559703826904e-02 1.958804483640675406e-09 1.583689400000000000e+07 1.560684900000000000e+07 2.555379791259765625e+02 2.368742828369140625e+02 nan 1.580174800000000000e+07 2.319634211947245888e+02
1.394378840923309326e-01 9.426000714302062988e-02 1.956106446915437174e-09 1.628190700000000000e+07 1.603460000000000000e+07 2.427923736572265625e+02 2.250599060058593750e+02 nan 1.624412400000000000e+07 2.175617108757536755e+02
1.448223739862442017e-01 9.789992123842239380e-02 1.953514161287429418e-09 1.662099300000000000e+07 1.633982400000000000e+07 2.296945343017578125e+02 2.129192962646484375e+02 nan 1.657803800000000000e+07 2.020902701908776748e+02
1.502068787813186646e-01 1.015398502349853516e-01 1.951019758654691563e-09 1.688438800000000000e+07 1.656027400000000000e+07 2.168228759765625000e+02 2.009883880615234375e+02 nan 1.683487000000000000e+07 1.866743331978133824e+02
1.555913835763931274e-01 1.051797717809677124e-01 1.948616241255242070e-09 1.711937400000000000e+07 1.675319000000000000e+07 2.048130340576171875e+02 1.898562469482421875e+02 nan 1.706343000000000000e+07 1.724516182974530238e+02
1.609758734703063965e-01 1.088196933269500732e-01 1.946297314463125787e-09 1.737995600000000000e+07 1.698200200000000000e+07 1.942046508789062500e+02 1.800229187011718750e+02 nan 1.731915600000000000e+07 1.603045749604677894e+02
1.663603782653808594e-01 1.124596148729324341e-01 1.944057316713681798e-09 1.771038200000000000e+07 1.729719600000000000e+07 1.852808990478515625e+02 1.717508697509765625e+02 nan 1.764725400000000000e+07 1.506388363477606447e+02
1.717448830604553223e-01 1.160995438694953918e-01 1.941891129256332855e-09 1.812792000000000000e+07 1.771745200000000000e+07 1.779647827148437500e+02 1.649687805175781250e+02 nan 1.806521000000000000e+07 1.432818330135815188e+02
1.771293878555297852e-01 1.197394654154777527e-01 1.939794125595426991e-09 1.861959600000000000e+07 1.822621200000000000e+07 1.718911285400390625e+02 1.593382720947265625e+02 nan 1.855949400000000000e+07 1.376404283710863865e+02
1.825138777494430542e-01 1.233793795108795166e-01 1.937762091126241291e-09 1.915248200000000000e+07 1.878327200000000000e+07 1.665835571289062500e+02 1.544178466796875000e+02 nan 1.909607600000000000e+07 1.329795104353476631e+02
1.878983825445175171e-01 1.270193010568618774e-01 1.935791175107242678e-09 1.968406600000000000e+07 1.933733200000000000e+07 1.615800628662109375e+02 1.497793731689453125e+02 nan 1.963109400000000000e+07 1.285999729502818525e+02
1.932828873395919800e-01 1.306592375040054321e-01 1.933877861004656685e-09 2.017028800000000000e+07 1.983655200000000000e+07 1.565023803710937500e+02 1.450723419189453125e+02 nan 2.011929800000000000e+07 1.239351999028495328e+02
1.986673772335052490e-01 1.342991441488265991e-01 1.932018951816384183e-09 2.057800600000000000e+07 2.024306000000000000e+07 1.511347656250000000e+02 1.400967102050781250e+02 nan 2.052683400000000000e+07 1.186752495122817095e+02
2.040518820285797119e-01 1.379390656948089600e-01 1.930211465507478933e-09 2.089724800000000000e+07 2.054630600000000000e+07 1.454734802246093750e+02 1.348490447998046875e+02 nan 2.084363000000000000e+07 1.128451973033082965e+02
2.094363868236541748e-01 1.415790021419525146e-01 1.928452677645768952e-09 2.114200000000000000e+07 2.076373800000000000e+07 1.396811065673828125e+02 1.294799346923828125e+02 nan 2.108420800000000000e+07 1.067250571272792854e+02
2.148208767175674438e-01 1.452189087867736816e-01 1.926740094380007882e-09 2.134178800000000000e+07 2.093114400000000000e+07 1.339910125732421875e+02 1.242056579589843750e+02 nan 2.127904800000000000e+07 1.006878456807813080e+02
2.202053815126419067e-01 1.488588303327560425e-01 1.925071368159055733e-09 2.153329000000000000e+07 2.109238200000000000e+07 1.286361999511718750e+02 1.192421340942382812e+02 nan 2.146592600000000000e+07 9.508361828752987321e+01
2.255898863077163696e-01 1.524987667798995972e-01 1.923444343781293656e-09 2.175235400000000000e+07 2.128942600000000000e+07 1.237992019653320312e+02 1.147585144042968750e+02 nan 2.168163000000000000e+07 9.016853715504774414e+01
2.309743911027908325e-01 1.561386883258819580e-01 1.921857033120720865e-09 2.202377600000000000e+07 2.155059600000000000e+07 1.195641632080078125e+02 1.108327407836914062e+02 nan 2.195148400000000000e+07 8.604684124214715268e+01
2.363588809967041016e-01 1.597786098718643188e-01 1.920307567935778733e-09 2.235428800000000000e+07 2.188283200000000000e+07 1.158999099731445312e+02 1.074360046386718750e+02 nan 2.228226200000000000e+07 8.266058061436581283e+01
2.417433857917785645e-01 1.634185314178466797e-01 1.918794213956308179e-09 2.273385600000000000e+07 2.227318000000000000e+07 1.126912994384765625e+02 1.044615631103515625e+02 nan 2.266347600000000000e+07 7.984220422812673235e+01
2.471278905868530273e-01 1.670584529638290405e-01 1.917315352832477265e-09 2.314055400000000000e+07 2.269471400000000000e+07 1.097814788818359375e+02 1.017640838623046875e+02 nan 2.307243600000000000e+07 7.737443228877619106e+01
2.525123953819274902e-01 1.706983745098114014e-01 1.915869472055197894e-09 2.354462200000000000e+07 2.311207800000000000e+07 1.070015106201171875e+02 9.918701171875000000e+01 nan 2.347853800000000000e+07 7.502794826493311575e+01
2.578969001770019531e-01 1.743383109569549561e-01 1.914455150219987163e-09 2.391563000000000000e+07 2.349012800000000000e+07 1.042064895629882812e+02 9.659603118896484375e+01 nan 2.385062400000000000e+07 7.260927993472286346e+01
2.632813751697540283e-01 1.779782027006149292e-01 1.913071083197014340e-09 2.423382400000000000e+07 2.380646800000000000e+07 1.013205795288085938e+02 9.392089080810546875e+01 nan 2.416853400000000000e+07 7.002230733238175731e+01
2.686658799648284912e-01 1.816181391477584839e-01 1.911715991580206360e-09 2.449684600000000000e+07 2.405863000000000000e+07 9.835179901123046875e+01 9.116896820068359375e+01 nan 2.442989200000000000e+07 6.728649537811539005e+01
2.740503847599029541e-01 1.852580606937408447e-01 1.910388727493893778e-09 2.471569800000000000e+07 2.425986000000000000e+07 9.536055755615234375e+01 8.839625549316406250e+01 nan 2.464605400000000000e+07 6.449083267359260674e+01
2.794348895549774170e-01 1.888979822397232056e-01 1.909088184011114833e-09 2.490742600000000000e+07 2.443097400000000000e+07 9.242184448242187500e+01 8.567225646972656250e+01 nan 2.483463800000000000e+07 6.173956898733190712e+01
2.848193943500518799e-01 1.925379037857055664e-01 1.907813323590368924e-09 2.509215800000000000e+07 2.459629200000000000e+07 8.961075592041015625e+01 8.306653594970703125e+01 nan 2.501640000000000000e+07 5.913233721959656464e+01
2.902038991451263428e-01 1.961778402328491211e-01 1.906563162582237113e-09 2.529132800000000000e+07 2.478076000000000000e+07 8.699531555175781250e+01 8.064215087890625000e+01 nan 2.521332600000000000e+07 5.675530138192326035e+01
2.955884039402008057e-01 1.998177617788314819e-01 1.905336787226579552e-09 2.552137800000000000e+07 2.500281000000000000e+07 8.461569976806640625e+01 7.843632507324218750e+01 nan 2.544215400000000000e+07 5.465623146927289611e+01
3.009728789329528809e-01 2.034576684236526489e-01 1.904133323856378078e-09 2.578670200000000000e+07 2.526695000000000000e+07 8.246595764160156250e+01 7.644355773925781250e+01 nan 2.570729600000000000e+07 5.282367389259954393e+01
3.063573837280273438e-01 2.070975899696350098e-01 1.902951936232507350e-09 2.607956800000000000e+07 2.556385800000000000e+07 8.050172424316406250e+01 7.462271118164062500e+01 nan 2.600077800000000000e+07 5.119945498462562483e+01
3.117418885231018066e-01 2.107375115156173706e-01 1.901791846628511990e-09 2.638620400000000000e+07 2.587702000000000000e+07 7.866522216796875000e+01 7.292027282714843750e+01 nan 2.630841200000000000e+07 4.971107294474589366e+01
3.171263933181762695e-01 2.143774479627609253e-01 1.900652308391623192e-09 2.669167800000000000e+07 2.618845000000000000e+07 7.690230560302734375e+01 7.128605651855468750e+01 nan 2.661479600000000000e+07 4.829241957917978567e+01
3.225108981132507324e-01 2.180173695087432861e-01 1.899532626729035332e-09 2.698147200000000000e+07 2.648105000000000000e+07 7.516699218750000000e+01 6.967744445800781250e+01 nan 2.690501800000000000e+07 4.688852438055030802e+01
3.278954029083251953e-01 2.216572910547256470e-01 1.898432128189829179e-09 2.724390600000000000e+07 2.674164200000000000e+07 7.342719268798828125e+01 6.806470489501953125e+01 nan 2.716717400000000000e+07 4.546211307118100819e+01
3.332799077033996582e-01 2.252972126007080078e-01 1.897350177081271127e-09 2.747452600000000000e+07 2.696559200000000000e+07 7.167431640625000000e+01 6.643984985351562500e+01 nan 2.739677200000000000e+07 4.400502885740035452e+01
3.386643826961517334e-01 2.289371192455291748e-01 1.896286172945125672e-09 2.767809000000000000e+07 2.715873400000000000e+07 6.992476654052734375e+01 6.481809997558593750e+01 nan 2.759874400000000000e+07 4.253920361324770028e+01
3.440488874912261963e-01 2.325770407915115356e-01 1.895239531240720810e-09 2.786543600000000000e+07 2.733380600000000000e+07 6.820821380615234375e+01 6.322694015502929688e+01 nan 2.778421400000000000e+07 4.110145298118030155e+01
3.494333922863006592e-01 2.362169772386550903e-01 1.894209703480833635e-09 2.804828200000000000e+07 2.750469000000000000e+07 6.655287170410156250e+01 6.169251632690429688e+01 nan 2.796523400000000000e+07 3.972547874100720122e+01
3.548178970813751221e-01 2.398568987846374512e-01 1.893196174858241155e-09 2.823644600000000000e+07 2.768306200000000000e+07 6.497895050048828125e+01 6.023355865478515625e+01 nan 2.815190200000000000e+07 3.843447206260092486e+01
3.602024018764495850e-01 2.434968203306198120e-01 1.892198441798694543e-09 2.843729400000000000e+07 2.787742000000000000e+07 6.349834823608398438e+01 5.886108398437500000e+01 nan 2.835175600000000000e+07 3.724133250085719027e+01
3.655869066715240479e-01 2.471367418766021729e-01 1.891216027459402332e-09 2.865455200000000000e+07 2.809168200000000000e+07 6.211309051513671875e+01 5.757698822021484375e+01 nan 2.856856000000000000e+07 3.614750386807809690e+01
3.709714114665985107e-01 2.507766783237457275e-01 1.890248472221847833e-09 2.888656800000000000e+07 2.832352800000000000e+07 6.081306838989257812e+01 5.637189483642578125e+01 nan 2.880054800000000000e+07 3.514076654753779394e+01
3.763558864593505859e-01 2.544165849685668945e-01 1.889295352117686434e-09 2.912674600000000000e+07 2.856508800000000000e+07 5.957875823974609375e+01 5.522771453857421875e+01 nan 2.904093800000000000e+07 3.419868215968306657e+01
3.817403912544250488e-01 2.580564916133880615e-01 1.888356242191734645e-09 2.936675800000000000e+07 2.880653400000000000e+07 5.838909149169921875e+01 5.412490081787109375e+01 nan 2.928117000000000000e+07 3.329764011134853519e+01
3.871248960494995117e-01 2.616964280605316162e-01 1.887430735669950155e-09 2.959944200000000000e+07 2.903938200000000000e+07 5.722745513916015625e+01 5.304809188842773438e+01 nan 2.951387800000000000e+07 3.241951882552572073e+01
3.925094008445739746e-01 2.653363645076751709e-01 1.886518457772270655e-09 2.981957000000000000e+07 2.925755400000000000e+07 5.608279418945312500e+01 5.198702239990234375e+01 nan 2.973370600000000000e+07 3.155260789313778602e+01
3.978939056396484375e-01 2.689762711524963379e-01 1.885619049100158659e-09 3.002416200000000000e+07 2.945786000000000000e+07 5.494948577880859375e+01 5.093647766113281250e+01 nan 2.993764600000000000e+07 3.069132513266145779e+01
4.032784104347229004e-01 2.726162075996398926e-01 1.884732143174389957e-09 3.021381000000000000e+07 2.964127400000000000e+07 5.382900619506835938e+01 4.989783859252929688e+01 nan 3.012634000000000000e+07 2.983785063919150105e+01
4.086629152297973633e-01 2.762561440467834473e-01 1.883857409814700777e-09 3.039307000000000000e+07 2.981318400000000000e+07 5.272972869873046875e+01 4.887884902954101562e+01 nan 3.030447600000000000e+07 2.900167769330727197e+01
4.140473902225494385e-01 2.798960208892822266e-01 1.882994538868699288e-09 3.056813200000000000e+07 2.998078200000000000e+07 5.166190338134765625e+01 4.788901901245117188e+01 nan 3.047840000000000000e+07 2.819412063614525366e+01
4.194318950176239014e-01 2.835359573364257812e-01 1.882143190604211824e-09 3.074395200000000000e+07 3.014995000000000000e+07 5.063265228271484375e+01 4.693494033813476562e+01 nan 3.065320000000000000e+07 2.742265539786873063e+01
4.248163998126983643e-01 2.871758937835693359e-01 1.881303079826970542e-09 3.092362400000000000e+07 3.032439800000000000e+07 4.964525222778320312e+01 4.601965713500976562e+01 nan 3.083207600000000000e+07 2.669054713659542699e+01
4.302009046077728271e-01 2.908158004283905029e-01 1.880473925305205483e-09 3.110931800000000000e+07 3.050650600000000000e+07 4.870099639892578125e+01 4.514435577392578125e+01 nan 3.101722200000000000e+07 2.599897400499445155e+01
4.355854094028472900e-01 2.944557368755340576e-01 1.879655436356054805e-09 3.130171400000000000e+07 3.069675400000000000e+07 4.779859924316406250e+01 4.430785751342773438e+01 nan 3.120928800000000000e+07 2.534639912617690882e+01
4.409699141979217529e-01 2.980956733226776123e-01 1.878847353036435648e-09 3.149864400000000000e+07 3.089245800000000000e+07 4.693249893188476562e+01 4.350500488281250000e+01 nan 3.140603400000000000e+07 2.472692121354523564e+01
4.463544189929962158e-01 3.017355799674987793e-01 1.878049424887222573e-09 3.169584800000000000e+07 3.108869200000000000e+07 4.609447097778320312e+01 4.272817611694335938e+01 nan 3.160308600000000000e+07 2.413204063931635801e+01
4.517388939857482910e-01 3.053754866123199463e-01 1.877261397654174740e-09 3.188954000000000000e+07 3.128104400000000000e+07 4.527774429321289062e+01 4.197108840942382812e+01 nan 3.179657600000000000e+07 2.355486822067613062e+01
4.571233987808227539e-01 3.090154230594635010e-01 1.876483026309890802e-09 3.207767400000000000e+07 3.146700400000000000e+07 4.447855377197265625e+01 4.123025131225585938e+01 nan 3.198437800000000000e+07 2.299173542944654614e+01
4.625079035758972168e-01 3.126553297042846680e-01 1.875714093387305177e-09 3.225909000000000000e+07 3.164523800000000000e+07 4.369472885131835938e+01 4.050367355346679688e+01 nan 3.216530800000000000e+07 2.244064042271727999e+01
4.678924083709716797e-01 3.162952661514282227e-01 1.874954364165268396e-09 3.243310600000000000e+07 3.181514400000000000e+07 4.292496871948242188e+01 3.979013442993164062e+01 nan 3.233869400000000000e+07 2.190037435241058006e+01
4.732769131660461426e-01 3.199352025985717773e-01 1.874203630559428286e-09 3.260043800000000000e+07 3.197774400000000000e+07 4.216991806030273438e+01 3.909023284912109375e+01 nan 3.250530400000000000e+07 2.137171571175934304e+01
4.786614179611206055e-01 3.235751092433929443e-01 1.873461691551420399e-09 3.276373400000000000e+07 3.213610400000000000e+07 4.143263244628906250e+01 3.840678787231445312e+01 nan 3.266784400000000000e+07 2.085778169739831966e+01
4.840458929538726807e-01 3.272150158882141113e-01 1.872728340933758753e-09 3.292616200000000000e+07 3.229382200000000000e+07 4.071650314331054688e+01 3.774296188354492188e+01 nan 3.282955400000000000e+07 2.036194289030347093e+01
4.894303977489471436e-01 3.308549523353576660e-01 1.872003379495005729e-09 3.308961400000000000e+07 3.245310200000000000e+07 4.002303314208984375e+01 3.710014343261718750e+01 nan 3.299237000000000000e+07 1.988561112942717202e+01
4.948149025440216064e-01 3.344948589801788330e-01 1.871286632213937058e-09 3.325452000000000000e+07 3.261453200000000000e+07 3.935181045532226562e+01 3.647793579101562500e+01 nan 3.315674600000000000e+07 1.942831611923878654e+01
5.001994371414184570e-01 3.381348252296447754e-01 1.870577900826693527e-09 3.342096400000000000e+07 3.277817400000000000e+07 3.870197677612304688e+01 3.587555313110351562e+01 nan 3.332276000000000000e+07 1.898916640174594761e+01
5.055838823318481445e-01 3.417747020721435547e-01 1.869877039368293133e-09 3.358892400000000000e+07 3.294383400000000000e+07 3.807256317138671875e+01 3.529211044311523438e+01 nan 3.349037000000000000e+07 1.856723822069418972e+01
5.109683871269226074e-01 3.454146385192871094e-01 1.869183849789121820e-09 3.375761600000000000e+07 3.311047000000000000e+07 3.746180725097656250e+01 3.472595596313476562e+01 nan 3.365874400000000000e+07 1.816080752837198276e+01
5.163528919219970703e-01 3.490545451641082764e-01 1.868498185335105332e-09 3.392510000000000000e+07 3.327586200000000000e+07 3.686679077148437500e+01 3.417439270019531250e+01 nan 3.382591200000000000e+07 1.776711643549798225e+01
5.217373967170715332e-01 3.526944816112518311e-01 1.867819876059786520e-09 3.408950400000000000e+07 3.343791200000000000e+07 3.628488922119140625e+01 3.363498687744140625e+01 nan 3.398995600000000000e+07 1.738369856350310982e+01
5.271219015121459961e-01 3.563344180583953857e-01 1.867148773833358248e-09 3.425016000000000000e+07 3.359583600000000000e+07 3.571496582031250000e+01 3.310668563842773438e+01 nan 3.415018800000000000e+07 1.700954324758723146e+01
5.325064063072204590e-01 3.599743247032165527e-01 1.866484735032350672e-09 3.440741200000000000e+07 3.374996400000000000e+07 3.515700912475585938e+01 3.258947372436523438e+01 nan 3.430696800000000000e+07 1.664469235124059310e+01
5.378909111022949219e-01 3.636142611503601074e-01 1.865827604301946768e-09 3.456158000000000000e+07 3.390070400000000000e+07 3.461096954345703125e+01 3.208331298828125000e+01 nan 3.446061600000000000e+07 1.628912677779947060e+01
5.432754158973693848e-01 3.672541677951812744e-01 1.865177252290424566e-09 3.471281600000000000e+07 3.404835600000000000e+07 3.407664108276367188e+01 3.158801460266113281e+01 nan 3.461130000000000000e+07 1.594268660039231733e+01
5.486599206924438477e-01 3.708941042423248291e-01 1.864533532427482462e-09 3.486196400000000000e+07 3.419394400000000000e+07 3.355452346801757812e+01 3.110401916503906250e+01 nan 3.475990400000000000e+07 1.560579851202039414e+01
5.540444254875183105e-01 3.745340406894683838e-01 1.863896318172137942e-09 3.501051600000000000e+07 3.433910800000000000e+07 3.304561614990234375e+01 3.063228034973144531e+01 nan 3.490793600000000000e+07 1.527941454232717255e+01
5.594289302825927734e-01 3.781739473342895508e-01 1.863265486641235488e-09 3.515940400000000000e+07 3.448488000000000000e+07 3.255035400390625000e+01 3.017318534851074219e+01 nan 3.505635200000000000e+07 1.496389959500096190e+01
5.648134350776672363e-01 3.818138837814331055e-01 1.862640903204479876e-09 3.530845200000000000e+07 3.463110400000000000e+07 3.206806182861328125e+01 2.972611618041992188e+01 nan 3.520496800000000000e+07 1.465862160619098908e+01
5.701979398727416992e-01 3.854538202285766602e-01 1.862022452330667509e-09 3.545710800000000000e+07 3.477719600000000000e+07 3.159779357910156250e+01 2.929019355773925781e+01 nan 3.535323200000000000e+07 1.436270826194739136e+01
5.755824446678161621e-01 3.890937268733978271e-01 1.861410021730888845e-09 3.560533200000000000e+07 3.492300400000000000e+07 3.113906478881835938e+01 2.886496734619140625e+01 nan 3.550108800000000000e+07 1.407574246910107441e+01
5.809668898582458496e-01 3.927336037158966064e-01 1.860803497296447543e-09 3.575309600000000000e+07 3.506840800000000000e+07 3.069144630432128906e+01 2.845003509521484375e+01 nan 3.564848800000000000e+07 1.379734468966696959e+01
5.863513946533203125e-01 3.963735401630401611e-01 1.860202753428811389e-09 3.589971600000000000e+07 3.521261200000000000e+07 3.025396919250488281e+01 2.804450798034667969e+01 nan 3.579474000000000000e+07 1.352664992898003682e+01
5.917358994483947754e-01 4.000134766101837158e-01 1.859607692406273365e-09 3.604421600000000000e+07 3.535458800000000000e+07 2.982548522949218750e+01 2.764731597900390625e+01 nan 3.593886000000000000e+07 1.326265533364803773e+01
5.971204042434692383e-01 4.036533832550048828e-01 1.859018214291441706e-09 3.618637200000000000e+07 3.549407600000000000e+07 2.940553474426269531e+01 2.725803565979003906e+01 nan 3.608060400000000000e+07 1.300498574235543714e+01
6.025049090385437012e-01 4.072933197021484375e-01 1.858434207544148841e-09 3.632673200000000000e+07 3.563164400000000000e+07 2.899431228637695312e+01 2.687684440612792969e+01 nan 3.622053600000000000e+07 1.275380711268550193e+01
6.078894138336181641e-01 4.109332561492919922e-01 1.857855577876460681e-09 3.646566400000000000e+07 3.576769600000000000e+07 2.859184646606445312e+01 2.650377464294433594e+01 nan 3.635903600000000000e+07 1.250916096250214338e+01
6.132739186286926270e-01 4.145731627941131592e-01 1.857282233477322155e-09 3.660305200000000000e+07 3.590219600000000000e+07 2.819779205322265625e+01 2.613849067687988281e+01 nan 3.649597600000000000e+07 1.227074178315259090e+01
6.186584234237670898e-01 4.182130992412567139e-01 1.856714071034082293e-09 3.673902800000000000e+07 3.603533200000000000e+07 2.781199073791503906e+01 2.578086853027343750e+01 nan 3.663151600000000000e+07 1.203841492547914527e+01
6.240429282188415527e-01 4.218530058860778809e-01 1.856151008397507339e-09 3.687426400000000000e+07 3.616781600000000000e+07 2.743470954895019531e+01 2.543114280700683594e+01 nan 3.676633200000000000e+07 1.181240683803846458e+01
6.294274330139160156e-01 4.254929423332214355e-01 1.855592947277603754e-09 3.700932800000000000e+07 3.630025600000000000e+07 2.706610298156738281e+01 2.508945655822753906e+01 nan 3.690100000000000000e+07 1.159284131307966348e+01
6.556535363197326660e-01 4.432217776775360107e-01 1.852943630635520644e-09 3.765707200000000000e+07 3.693625600000000000e+07 2.538077545166015625e+01 2.352720642089843750e+01 nan 3.754694800000000000e+07 1.060361397912479653e+01
8.039034605026245117e-01 5.434387326240539551e-01 1.839770603253567837e-09 4.091728400000000000e+07 4.013423600000000000e+07 1.834452819824218750e+01 1.700481986999511719e+01 nan 4.079765600000000000e+07 6.743531231585154551e+00
9.932619333267211914e-01 6.714450716972351074e-01 1.826201010048688587e-09 4.436171600000000000e+07 4.351299600000000000e+07 1.302832984924316406e+01 1.207686424255371094e+01 nan 4.423205200000000000e+07 4.171532619551157062e+00
1.227223634719848633e+00 8.296031951904296875e-01 1.812731498599941669e-09 4.786048400000000000e+07 4.694503600000000000e+07 9.207421302795410156e+00 8.534998893737792969e+00 nan 4.772062800000000000e+07 2.555278410376381704e+00
1.516294717788696289e+00 1.025015234947204590e+00 1.799361337301671755e-09 5.140645600000000000e+07 5.042336400000000000e+07 6.478270530700683594e+00 6.005158424377441406e+00 nan 5.125626400000000000e+07 1.551402978896022855e+00
1.873456120491027832e+00 1.266456365585327148e+00 1.786089789356977996e-09 5.499247600000000000e+07 5.394095600000000000e+07 4.539679050445556641e+00 4.208143234252929688e+00 nan 5.483182400000000000e+07 9.343313903400676246e-01
2.314746379852294922e+00 1.564768552780151367e+00 1.772916133006574509e-09 5.861310800000000000e+07 5.749246800000000000e+07 3.169546365737915039e+00 2.938071489334106445e+00 nan 5.844189600000000000e+07 5.585849079735404343e-01
2.859982252120971680e+00 1.933347940444946289e+00 1.759839636962373426e-09 6.226346400000000000e+07 6.107308800000000000e+07 2.205545663833618164e+00 2.044472217559814453e+00 nan 6.208160400000000000e+07 3.317198307910201316e-01
3.533647537231445312e+00 2.388745784759521484e+00 1.746859588797865175e-09 6.593918400000000000e+07 6.467852400000000000e+07 1.530053853988647461e+00 1.418311834335327148e+00 nan 6.574658000000000000e+07 1.957930198321848336e-01
4.365993976593017578e+00 2.951411962509155273e+00 1.733975279535418463e-09 6.963652800000000000e+07 6.830506400000000000e+07 1.058475255966186523e+00 9.811728596687316895e-01 nan 6.943311200000000000e+07 1.149183737615547540e-01
5.394398689270019531e+00 3.646613597869873047e+00 1.721185999058096773e-09 7.335251200000000000e+07 7.194971200000000000e+07 7.303635478019714355e-01 6.770231127738952637e-01 nan 7.313820000000000000e+07 6.710430528196370537e-02
6.665042877197265625e+00 4.505568981170654297e+00 1.708491050912268841e-09 7.708389600000000000e+07 7.560922400000000000e+07 5.027687549591064453e-01 4.660496413707733154e-01 nan 7.685860000000000000e+07 3.899895548960699565e-02
8.234986305236816406e+00 5.566850662231445312e+00 1.695889732548296616e-09 8.082868000000000000e+07 7.928143200000000000e+07 3.453431427478790283e-01 3.201208114624023438e-01 nan 8.059228800000000000e+07 2.256637330006763115e-02
1.017472743988037109e+01 6.878115653991699219e+00 1.683381361073609185e-09 8.458439200000000000e+07 8.296369600000000000e+07 2.367316633462905884e-01 2.194412350654602051e-01 nan 8.433678400000000000e+07 1.300518053522096810e-02
1.257137203216552734e+01 8.498247146606445312e+00 1.670965250288532184e-09 8.834888800000000000e+07 8.665352000000000000e+07 1.619751602411270142e-01 1.501441448926925659e-01 nan 8.808988000000000000e+07 7.466953068925013398e-03
1.553254413604736328e+01 1.050000000000000000e+01 1.658640709094829109e-09 9.212030400000000000e+07 9.034844000000000000e+07 1.106328889727592468e-01 1.025513410568237305e-01 nan 9.184960800000000000e+07 4.272253817742209178e-03
