# k/h [h/Mpc]            k [1/Mpc]              Primoridal             T_cdm(k)                 T_bar(k)                 T_phot(k)                T_massless neutrions(k)  T_massive neutrinos(k)   T_total(k)               Linear Pk [(Mpc/h)^3]  
1.049045658874092624e-05 7.091548468451946974e-06 2.727206404909961128e-09 1.000000000000000000e+00 1.000000000000000000e+00 1.000000000000000000e+00 1.000000000000000000e+00 nan 1.000000000000000000e+00 3.579992735048194596e+00
1.158353370556142181e-05 7.830468348402064294e-06 2.717761705682844603e-09 1.219251394271850586e+00 1.219251394271850586e+00 1.219216227531433105e+00 1.219215273857116699e+00 nan 1.219251394271850586e+00 3.939327042969861026e+00
1.279050593439023942e-05 8.646382411825470626e-06 2.708349706436794825e-09 1.486573815345764160e+00 1.486573815345764160e+00 1.486478567123413086e+00 1.486476421356201172e+00 nan 1.486573815345764160e+00 4.334726803685682306e+00
1.412324218108551577e-05 9.547311492497101426e-06 2.698970312856197758e-09 1.812506794929504395e+00 1.812506794929504395e+00 1.812313079833984375e+00 1.812308430671691895e+00 nan 1.812506794929504395e+00 4.769814397109736426e+00
1.559484553581569344e-05 1.054211588780162856e-05 2.689623392481895528e-09 2.209901332855224609e+00 2.209901094436645508e+00 2.209549188613891602e+00 2.209541082382202148e+00 nan 2.209901332855224609e+00 5.248573432566490560e+00
1.721978514979127795e-05 1.164057448477251455e-05 2.680308856040028027e-09 2.694423675537109375e+00 2.694423675537109375e+00 2.693822383880615234e+00 2.693808555603027344e+00 nan 2.694423675537109375e+00 5.775383342545469922e+00
1.901403993542771786e-05 1.285349117097212002e-05 2.671026563908324178e-09 3.285179138183593750e+00 3.285178899765014648e+00 3.284190177917480469e+00 3.284167289733886719e+00 nan 3.285179138183593750e+00 6.355070540941017754e+00
2.099525045196060091e-05 1.419278942194068804e-05 2.661776424936157355e-09 4.005456924438476562e+00 4.005456924438476562e+00 4.003870964050292969e+00 4.003834247589111328e+00 nan 4.005456924438476562e+00 6.992939492232058463e+00
2.318289807590190321e-05 1.567163963045459241e-05 2.652558315858844083e-09 4.883655548095703125e+00 4.883655548095703125e+00 4.881156921386718750e+00 4.881099224090576172e+00 nan 4.883655548095703125e+00 7.694829887913764210e+00
2.559849235694855452e-05 1.730458097881637514e-05 2.643372135990062650e-09 5.954398155212402344e+00 5.954397678375244141e+00 5.950511932373046875e+00 5.950422286987304688e+00 nan 5.954397678375244141e+00 8.467168101406244318e+00
2.826578383974265307e-05 1.910767059598583728e-05 2.634217767634683471e-09 7.259900093078613281e+00 7.259899139404296875e+00 7.253913402557373047e+00 7.253775596618652344e+00 nan 7.259900093078613281e+00 9.317019936329687724e+00
3.121100235148333013e-05 2.109863817167934030e-05 2.625095097817206075e-09 8.851630210876464844e+00 8.851629257202148438e+00 8.842476844787597656e+00 8.842266082763671875e+00 nan 8.851630210876464844e+00 1.025216822359989344e+01
3.446310074650682509e-05 2.329705603187903762e-05 2.616004033478672110e-09 1.079234313964843750e+01 1.079233932495117188e+01 1.077842330932617188e+01 1.077810382843017578e+01 nan 1.079234218597412109e+01 1.128116820240063944e+01
3.805406231549568474e-05 2.572454650362487882e-05 2.606944439452153756e-09 1.315855121612548828e+01 1.315854740142822266e+01 1.313748168945312500e+01 1.313699817657470703e+01 nan 1.315855026245117188e+01 1.241343790529669988e+01
4.201919000479392707e-05 2.840497290890198201e-05 2.597916226597658093e-09 1.604353713989257812e+01 1.604353141784667969e+01 1.601175880432128906e+01 1.601102828979492188e+01 nan 1.604353332519531250e+01 1.365933745304571190e+01
4.639747567125596106e-05 3.136469240416772664e-05 2.588919279439887767e-09 1.956103897094726562e+01 1.956103324890136719e+01 1.951324462890625000e+01 1.951214599609375000e+01 nan 1.956103897094726562e+01 1.503026427144685861e+01
5.123196388012729585e-05 3.463280881987884641e-05 2.579953483847589841e-09 2.384972763061523438e+01 2.384971618652343750e+01 2.377800750732421875e+01 2.377636146545410156e+01 nan 2.384972572326660156e+01 1.653875884605317026e+01
5.657019573845900595e-05 3.824145096587017179e-05 2.571018745591721348e-09 2.907866287231445312e+01 2.907864952087402344e+01 2.897124481201171875e+01 2.896877670288085938e+01 nan 2.907866287231445312e+01 1.819862130203466677e+01
6.246465636650100350e-05 4.222610732540488243e-05 2.562114941593048984e-09 3.545398712158203125e+01 3.545396423339843750e+01 3.529334259033203125e+01 3.528965759277343750e+01 nan 3.545398712158203125e+01 2.002502223922628488e+01
6.897329876665025949e-05 4.662595165427774191e-05 2.553241977543412439e-09 4.322699737548828125e+01 4.322696304321289062e+01 4.298706054687500000e+01 4.298155593872070312e+01 nan 4.322699356079101562e+01 2.203465705959997223e+01
7.616012590005993843e-05 5.148424679646268487e-05 2.544399743325443185e-09 5.270409011840820312e+01 5.270403671264648438e+01 5.234609222412109375e+01 5.233788681030273438e+01 nan 5.270407867431640625e+01 2.424589483825933911e+01
8.409580186707898974e-05 5.684876305167563260e-05 2.535588130685252624e-09 6.425881195068359375e+01 6.425872039794921875e+01 6.372515869140625000e+01 6.371292877197265625e+01 nan 6.425878906250000000e+01 2.667892429180158587e+01
9.285835403716191649e-05 6.277224747464060783e-05 2.526807033334104165e-09 7.834654998779296875e+01 7.834643554687500000e+01 7.755169677734375000e+01 7.753348541259765625e+01 nan 7.834652709960937500e+01 2.935594962781357253e+01
1.025339443003758788e-04 6.931294774403795600e-05 2.518056339675267213e-09 9.552252960205078125e+01 9.552235412597656250e+01 9.433946228027343750e+01 9.431239318847656250e+01 nan 9.552249908447265625e+01 3.230140097696318691e+01
1.132176985265687108e-04 7.653516513528302312e-05 2.509335958204897443e-09 1.164635925292968750e+02 1.164633407592773438e+02 1.147038574218750000e+02 1.146636199951171875e+02 nan 1.164635391235351562e+02 3.554212653294098345e+01
1.250146742677316070e-04 8.450992027064785361e-05 2.500645773867358897e-09 1.419948120117187500e+02 1.419944458007812500e+02 1.393789978027343750e+02 1.393192443847656250e+02 nan 1.419947662353515625e+02 3.910762560602898219e+01
1.380408502882346511e-04 9.331561159342527390e-05 2.491985695624705562e-09 1.731220397949218750e+02 1.731214752197265625e+02 1.692361297607421875e+02 1.691474761962890625e+02 nan 1.731219635009765625e+02 4.303033310849243520e+01
1.524243270978331566e-04 1.030388448270969093e-04 2.483355596498544299e-09 2.110714111328125000e+02 2.110705718994140625e+02 2.053025207519531250e+02 2.051711425781250000e+02 nan 2.110712890625000000e+02 4.734588079752192158e+01
1.683065347606316209e-04 1.137752187787555158e-04 2.474755379885282393e-09 2.573374328613281250e+02 2.573361511230468750e+02 2.487792816162109375e+02 2.485847625732421875e+02 nan 2.573372497558593750e+02 5.209337751370621561e+01
1.858436153270304203e-04 1.256302784895524383e-04 2.466184957973141175e-09 3.137415161132812500e+02 3.137396545410156250e+02 3.010555725097656250e+02 3.007679138183593750e+02 nan 3.137412414550781250e+02 5.731576958718106596e+01
2.052080089924857020e-04 1.387206139042973518e-04 2.457644209414643305e-09 3.825039672851562500e+02 3.825012207031250000e+02 3.637162780761718750e+02 3.632915039062500000e+02 nan 3.825035400390625000e+02 6.306018643218149577e+01
2.265901130158454180e-04 1.531749148853123188e-04 2.449133045395065615e-09 4.663300476074218750e+02 4.663258972167968750e+02 4.385350341796875000e+02 4.379088134765625000e+02 nan 4.663294067382812500e+02 6.937828984861198478e+01
2.502001880202442408e-04 1.691353245405480266e-04 2.440651351248999153e-09 5.685165405273437500e+02 5.685104980468750000e+02 5.274468383789062500e+02 5.265254516601562500e+02 nan 5.685156250000000000e+02 7.632668762315350364e+01
2.762703516054898500e-04 1.867587561719119549e-04 2.432199034655000626e-09 6.930800170898437500e+02 6.930710449218750000e+02 6.324849243164062500e+02 6.311326293945312500e+02 nan 6.930786743164062500e+02 8.396731575030445072e+01
3.050569503102451563e-04 2.062184939859434962e-04 2.423775992290330563e-09 8.449132080078125000e+02 8.449000244140625000e+02 7.556678466796875000e+02 7.536889038085937500e+02 nan 8.449112548828125000e+02 9.236793281857613636e+01
3.368430479895323515e-04 2.277058956678956747e-04 2.415382114947829304e-09 1.029975830078125000e+03 1.029956420898437500e+03 8.988123779296875000e+02 8.959265136718750000e+02 nan 1.029972778320312500e+03 1.016025182731116558e+02
3.719411906786262989e-04 2.514322404749691486e-04 2.407017301830847028e-09 1.255524780273437500e+03 1.255496215820312500e+03 1.063246948242187500e+03 1.059056640625000000e+03 nan 1.255520385742187500e+03 1.117517191970251673e+02
4.106964333914220333e-04 2.776307810563594103e-04 2.398681465071051552e-09 1.530393432617187500e+03 1.530351684570312500e+03 1.249395019531250000e+03 1.243342651367187500e+03 nan 1.530387084960937500e+03 1.229032236828679885e+02
4.534898616839200258e-04 3.065591445192694664e-04 2.390374494355455649e-09 1.865333496093750000e+03 1.865272460937500000e+03 1.456205688476562500e+03 1.447519042968750000e+03 nan 1.865324096679687500e+03 1.351523343169647831e+02
5.007422878406941891e-04 3.385017917025834322e-04 2.382096284987275655e-09 2.273424804687500000e+03 2.273336181640625000e+03 1.680418579101562500e+03 1.668046630859375000e+03 nan 2.273411132812500000e+03 1.486020914821977783e+02
5.529182380996644497e-04 3.737727238330990076e-04 2.373846756225058361e-09 2.770570800781250000e+03 2.770442382812500000e+03 1.915693847656250000e+03 1.898238281250000000e+03 nan 2.770551269531250000e+03 1.633637910371516853e+02
6.105307838879525661e-04 4.127188003621995449e-04 2.365625794166928840e-09 3.376104248046875000e+03 3.375918701171875000e+03 2.151724853515625000e+03 2.127376464843750000e+03 nan 3.376075683593750000e+03 1.795570330910441612e+02
6.741464603692293167e-04 4.557229985948652029e-04 2.357433293568910220e-09 4.113507812500000000e+03 4.113242187500000000e+03 2.373565185546875000e+03 2.340067626953125000e+03 nan 4.113466796875000000e+03 1.973097818436809803e+02
7.443906506523489952e-04 5.032080807723104954e-04 2.349269171114912410e-09 5.011286621093750000e+03 5.010908691406250000e+03 2.561611328125000000e+03 2.516290771484375000e+03 nan 5.011229003906250000e+03 2.167583707003311133e+02
8.219541050493717194e-04 5.556409596465528011e-04 2.341133324843220307e-09 6.104020996093750000e+03 6.103488281250000000e+03 2.692933349609375000e+03 2.632834716796875000e+03 nan 6.103939941406250000e+03 2.380470742531043413e+02
9.075994603335857391e-04 6.135372095741331577e-04 2.333025652639057309e-09 7.433626464843750000e+03 7.432882812500000000e+03 2.744803955078125000e+03 2.666990478515625000e+03 nan 7.433512695312500000e+03 2.613277965926411639e+02
1.002168864943087101e-03 6.774661596864461899e-04 2.324946049885245546e-09 9.050862304687500000e+03 9.049836914062500000e+03 2.701232421875000000e+03 2.603263183593750000e+03 nan 9.050705078125000000e+03 2.867592015268777459e+02
1.106592128053307533e-03 7.480562780983746052e-04 2.316894434325377400e-09 1.101713769531250000e+04 1.101574511718750000e+04 2.562511230468750000e+03 2.443039794921875000e+03 nan 1.101692578125000000e+04 3.145055723341907878e+02
1.221895916387438774e-03 8.260016329586505890e-04 2.308870708568745277e-09 1.340667871093750000e+04 1.340481347656250000e+04 2.355786376953125000e+03 2.215044433593750000e+03 nan 1.340639257812500000e+04 3.447359795675734517e+02
1.349214115180075169e-03 9.120687609538435936e-04 2.300874762407135126e-09 1.630910156250000000e+04 1.630664648437500000e+04 2.141106689453125000e+03 1.980846191406250000e+03 nan 1.630872656250000000e+04 3.776223779316816263e+02
1.489798538386821747e-03 1.007103826850652695e-03 2.292906509188567727e-09 1.983248046875000000e+04 1.982928906250000000e+04 2.003297119140625000e+03 1.825677246093750000e+03 nan 1.983199218750000000e+04 4.133377406668611229e+02
1.645031501539051533e-03 1.112041296437382698e-03 2.284965850418265676e-09 2.410696484375000000e+04 2.410286523437500000e+04 2.019421630859375000e+03 1.824784545898437500e+03 nan 2.410633984375000000e+04 4.520530510176578787e+02
1.816439209505915642e-03 1.227912958711385727e-03 2.277052691606405739e-09 2.928907617187500000e+04 2.928383398437500000e+04 2.202440185546875000e+03 1.987285766601562500e+03 nan 2.928827734375000000e+04 4.939341053133130686e+02
2.005707239732146263e-03 1.355858054012060165e-03 2.269166941709029953e-09 3.556668359375000000e+04 3.555994531250000000e+04 2.451169433593750000e+03 2.209545166015625000e+03 nan 3.556565625000000000e+04 5.391354481343713587e+02
2.214696491137146950e-03 1.497134799137711525e-03 2.261308494449764354e-09 4.316485937500000000e+04 4.315606640625000000e+04 2.573471191406250000e+03 2.304792480468750000e+03 nan 4.316351953125000000e+04 5.877939542921609473e+02
2.445461694151163101e-03 1.653132145293056965e-03 2.253477264686429142e-09 5.235258203125000000e+04 5.234082812500000000e+04 2.438400634765625000e+03 2.157894775390625000e+03 nan 5.235078906250000000e+04 6.400207358007204448e+02
2.700272016227245331e-03 1.825383864343166351e-03 2.245673160886940457e-09 6.345051562500000000e+04 6.343448437500000000e+04 2.173566406250000000e+03 1.909436523437500000e+03 nan 6.344806640625000000e+04 6.958916670341995996e+02
2.981632947921752930e-03 2.015583915635943413e-03 2.237896076485985185e-09 7.684003125000000000e+04 7.681787500000000000e+04 2.112053955078125000e+03 1.877468261718750000e+03 nan 7.683664062500000000e+04 7.554394403178334869e+02
3.292310982942581177e-03 2.225602278485894203e-03 2.230145925871712440e-09 9.297327343750000000e+04 9.294252343750000000e+04 2.319389648437500000e+03 1.983487060546875000e+03 nan 9.296857031250000000e+04 8.186423688863158077e+02
3.635360859334468842e-03 2.457503927871584892e-03 2.222422616889744185e-09 1.123847109375000000e+05 1.123420546875000000e+05 2.336101074218750000e+03 1.966634887695312500e+03 nan 1.123781875000000000e+05 8.854128792031120838e+02
4.014155361801385880e-03 2.713568974286317825e-03 2.214726058195065524e-09 1.357037187500000000e+05 1.356442187500000000e+05 2.010059570312500000e+03 1.947825439453125000e+03 nan 1.356946250000000000e+05 9.555826939036023759e+02
4.432419314980506897e-03 2.996315481141209602e-03 2.207056148657132701e-09 1.636684218750000000e+05 1.635845625000000000e+05 2.014911621093750000e+03 1.926878540039062500e+03 nan 1.636556093750000000e+05 1.028887487360400200e+03
4.894265439361333847e-03 3.308523446321487427e-03 2.199412800139309644e-09 1.971404531250000000e+05 1.970213125000000000e+05 2.177103027343750000e+03 1.903654907226562500e+03 nan 1.971222812500000000e+05 1.104951076924543713e+03
5.404234398156404495e-03 3.653262509033083916e-03 2.191795924301313793e-09 2.371206875000000000e+05 2.369508281250000000e+05 1.917011352539062500e+03 1.878029052734375000e+03 nan 2.370947500000000000e+05 1.183269511865225468e+03
5.967340432107448578e-03 4.033922217786312103e-03 2.184205430909534259e-09 2.847642812500000000e+05 2.845215937500000000e+05 2.197857421875000000e+03 1.849825317382812500e+03 nan 2.847271562500000000e+05 1.263191825143353526e+03
6.589121185243129730e-03 4.454245790839195251e-03 2.176641221197925960e-09 3.413956562500000000e+05 3.410474062500000000e+05 2.046976684570312500e+03 1.818913940429687500e+03 nan 3.413424375000000000e+05 1.343902196465793850e+03
7.275689393281936646e-03 4.918366204947233200e-03 2.169103203027300791e-09 4.085203125000000000e+05 4.080194375000000000e+05 1.993471069335937500e+03 1.785137084960937500e+03 nan 4.084437812500000000e+05 1.424401063129874274e+03
8.033796213567256927e-03 5.430846009403467178e-03 2.161591299930936394e-09 4.878326875000000000e+05 4.871118437500000000e+05 1.795437133789062500e+03 1.748347045898437500e+03 nan 4.877225937500000000e+05 1.503489239940173320e+03
8.870895951986312866e-03 5.996725521981716156e-03 2.154105401952956366e-09 5.812166250000000000e+05 5.801778750000000000e+05 1.947714233398437500e+03 1.708389648437500000e+03 nan 5.810579375000000000e+05 1.579747895716486710e+03
9.795218706130981445e-03 6.621567998081445694e-03 2.146645430474833453e-09 6.907349375000000000e+05 6.892390000000000000e+05 1.769662597656250000e+03 1.665125610351562500e+03 nan 6.905064375000000000e+05 1.651535571557358708e+03
1.081585418432950974e-02 7.311517372727394104e-03 2.139211293795359687e-09 8.186016875000000000e+05 8.164493125000000000e+05 1.655473999023437500e+03 1.618405761718750000e+03 nan 8.182728125000000000e+05 1.716974333517717014e+03
1.194283645600080490e-02 8.073357865214347839e-03 2.131802900090153706e-09 9.671328125000000000e+05 9.640426250000000000e+05 1.668970825195312500e+03 1.568093017578125000e+03 nan 9.666606250000000000e+05 1.773960991115311572e+03
1.318724639713764191e-02 8.914578706026077271e-03 2.124420174276236449e-09 1.138667250000000000e+06 1.134243750000000000e+06 1.526320312500000000e+03 1.514063598632812500e+03 nan 1.137991500000000000e+06 1.820199493148669262e+03
1.456132158637046814e-02 9.843453764915466309e-03 2.117063005254935590e-09 1.335451125000000000e+06 1.329145000000000000e+06 1.533970825195312500e+03 1.456215454101562500e+03 nan 1.334487875000000000e+06 1.853252341025050555e+03
1.607857085764408112e-02 1.086911372840404510e-02 2.109731324472420402e-09 1.559479750000000000e+06 1.550538625000000000e+06 1.493234619140625000e+03 1.394488647460937500e+03 nan 1.558113750000000000e+06 1.870645975686945576e+03
1.775391399860382080e-02 1.200164575129747391e-02 2.102425026951150955e-09 1.812305500000000000e+06 1.799715625000000000e+06 1.477115234375000000e+03 1.328891235351562500e+03 nan 1.810382125000000000e+06 1.870028665689530271e+03
1.960382424294948578e-02 1.325218472629785538e-02 2.095144031049849183e-09 2.094818125000000000e+06 2.077245500000000000e+06 1.452901000976562500e+03 1.259536499023437500e+03 nan 2.092133375000000000e+06 1.849402594340795076e+03
2.164648845791816711e-02 1.463302597403526306e-02 2.087888252770266929e-09 2.407051750000000000e+06 2.382790500000000000e+06 1.293313232421875000e+03 1.186693603515625000e+03 nan 2.403345250000000000e+06 1.807436527848203241e+03
2.390199340879917145e-02 1.615774817764759064e-02 2.080657597354892904e-09 2.748091750000000000e+06 2.715048750000000000e+06 1.124391601562500000e+03 1.110848876953125000e+03 nan 2.743043250000000000e+06 1.743845165476980583e+03
2.639251388609409332e-02 1.784133911132812500e-02 2.073451995948668221e-09 3.116219000000000000e+06 3.071967250000000000e+06 1.142394775390625000e+03 1.032775268554687500e+03 nan 3.109458500000000000e+06 1.659797115416691895e+03
2.914254181087017059e-02 1.970035769045352936e-02 2.066271340052806293e-09 3.509493750000000000e+06 3.451456500000000000e+06 1.115261230468750000e+03 9.535979614257812500e+02 nan 3.500627250000000000e+06 1.558265108618373915e+03
3.217911347746849060e-02 2.175308018922805786e-02 2.059115554147728899e-09 3.926976250000000000e+06 3.852805500000000000e+06 9.798526611328125000e+02 8.748256225585937500e+02 nan 3.915644750000000000e+06 1.444183546476762331e+03
3.553209081292152405e-02 2.401969395577907562e-02 2.051984539888671147e-09 4.370741000000000000e+06 4.278948500000000000e+06 8.441451416015625000e+02 7.983215942382812500e+02 nan 4.356717000000000000e+06 1.324247442953082327e+03
3.923443704843521118e-02 2.652247995138168335e-02 2.044878229365854235e-09 4.848495000000000000e+06 4.739332000000000000e+06 7.860311889648437500e+02 7.261604614257812500e+02 nan 4.831817500000000000e+06 1.206219407043561205e+03
4.332255572080612183e-02 2.928604744374752045e-02 2.037796533657790378e-09 5.375953500000000000e+06 5.252366000000000000e+06 6.930667114257812500e+02 6.603258056640625000e+02 nan 5.357072500000000000e+06 1.097682945429455685e+03
4.765481501817703247e-02 3.221465647220611572e-02 2.031010053452367756e-09 5.950605500000000000e+06 5.818973000000000000e+06 6.441127319335937500e+02 6.041494140625000000e+02 nan 5.930495000000000000e+06 1.007073750789457449e+03
5.198707059025764465e-02 3.514325991272926331e-02 2.024834231214258902e-09 6.559169500000000000e+06 6.427298500000000000e+06 5.967882080078125000e+02 5.597595214843750000e+02 nan 6.539023000000000000e+06 9.396115900396096094e+02
5.631932616233825684e-02 3.807186335325241089e-02 2.019169610001785353e-09 7.196343000000000000e+06 7.070498500000000000e+06 5.581470947265625000e+02 5.235141601562500000e+02 nan 7.177117500000000000e+06 8.870978566681876600e+02
6.065158173441886902e-02 4.100047051906585693e-02 2.013939112582009273e-09 7.853710500000000000e+06 7.736990000000000000e+06 5.254497070312500000e+02 4.928442077636718750e+02 nan 7.835878500000000000e+06 8.437561987626406790e+02
6.498383730649948120e-02 4.392907395958900452e-02 2.009081821590703985e-09 8.509905000000000000e+06 8.401307000000000000e+06 4.961402587890625000e+02 4.653523864746093750e+02 nan 8.493313000000000000e+06 8.034857938293395136e+02
6.931609660387039185e-02 4.685768112540245056e-02 2.004548729015451583e-09 9.138316000000000000e+06 9.032734000000000000e+06 4.683533325195312500e+02 4.392893676757812500e+02 nan 9.122185000000000000e+06 7.617175129934269080e+02
7.364834845066070557e-02 4.978628456592559814e-02 2.000299865353250301e-09 9.713680000000000000e+06 9.602860000000000000e+06 4.410033874511718750e+02 4.136367492675781250e+02 nan 9.696749000000000000e+06 7.160130422821150660e+02
7.798060774803161621e-02 5.271489173173904419e-02 1.996302173696350216e-09 1.022016800000000000e+07 1.009445400000000000e+07 4.138121032714843750e+02 3.881333923339843750e+02 nan 1.020096200000000000e+07 6.663919925918087301e+02
8.231285959482192993e-02 5.564349144697189331e-02 1.992528044667567094e-09 1.065532800000000000e+07 1.050579500000000000e+07 3.871007080078125000e+02 3.630803833007812500e+02 nan 1.063248200000000000e+07 6.147270570617566818e+02
8.664511889219284058e-02 5.857209861278533936e-02 1.988954134422163219e-09 1.102941800000000000e+07 1.084991400000000000e+07 3.614891052246093750e+02 3.390589904785156250e+02 nan 1.100199400000000000e+07 5.636959922377203611e+02
9.097737073898315430e-02 6.150070205330848694e-02 1.985560585482697045e-09 1.136154400000000000e+07 1.115016400000000000e+07 3.376245422363281250e+02 3.166760559082031250e+02 nan 1.132925000000000000e+07 5.158281254772291504e+02
9.636187553405761719e-02 6.514062732458114624e-02 1.981568674123380254e-09 1.175579100000000000e+07 1.150938600000000000e+07 3.112694702148437500e+02 2.919569702148437500e+02 nan 1.171814600000000000e+07 4.638146622385309001e+02
1.017463728785514832e-01 6.878054887056350708e-02 1.977801256732118934e-09 1.218411700000000000e+07 1.191526200000000000e+07 2.893168334960937500e+02 2.713666076660156250e+02 nan 1.214304200000000000e+07 4.224362716334474612e+02
1.071308776736259460e-01 7.242047041654586792e-02 1.974234781265857972e-09 1.269251400000000000e+07 1.241822500000000000e+07 2.718759460449218750e+02 2.550075836181640625e+02 nan 1.265060800000000000e+07 3.920103144362744843e+02
1.125153750181198120e-01 7.606039196252822876e-02 1.970849203820953451e-09 1.329119500000000000e+07 1.302780000000000000e+07 2.581804809570312500e+02 2.421612243652343750e+02 nan 1.325095300000000000e+07 3.704189008271976036e+02
1.178998723626136780e-01 7.970031350851058960e-02 1.967627323526894450e-09 1.395295400000000000e+07 1.371115700000000000e+07 2.469462432861328125e+02 2.316233215332031250e+02 nan 1.391601300000000000e+07 3.542276430738688759e+02
1.232843771576881409e-01 8.334024250507354736e-02 1.964554264128985100e-09 1.462998000000000000e+07 1.441167400000000000e+07 2.368992309570312500e+02 2.221990814208984375e+02 nan 1.459662600000000000e+07 3.400748520989706662e+02
1.286688745021820068e-01 8.698015660047531128e-02 1.961617102724775952e-09 1.526914800000000000e+07 1.506696800000000000e+07 2.270511627197265625e+02 2.129617462158203125e+02 nan 1.523826000000000000e+07 3.253648369921172616e+02
1.340533792972564697e-01 9.062008559703826904e-02 1.958804483640675406e-09 1.582385400000000000e+07 1.562349100000000000e+07 2.167969055175781250e+02 2.033437194824218750e+02 nan 1.579324100000000000e+07 3.085528117941773871e+02
1.394378840923309326e-01 9.426000714302062988e-02 1.956106446915437174e-09 1.626829100000000000e+07 1.605287300000000000e+07 2.059841613769531250e+02 1.932021179199218750e+02 nan 1.623537900000000000e+07 2.893885579916412780e+02
1.448223739862442017e-01 9.789992123842239380e-02 1.953514161287429418e-09 1.660653400000000000e+07 1.636160600000000000e+07 1.948730010986328125e+02 1.827808380126953125e+02 nan 1.656911500000000000e+07 2.687911132295041057e+02
1.502068787813186646e-01 1.015398502349853516e-01 1.951019758654691563e-09 1.686894200000000000e+07 1.658660700000000000e+07 1.839538421630859375e+02 1.725396270751953125e+02 nan 1.682580800000000000e+07 2.482647930499359177e+02
1.555913835763931274e-01 1.051797717809677124e-01 1.948616241255242070e-09 1.710297600000000000e+07 1.678400200000000000e+07 1.737656097412109375e+02 1.629839324951171875e+02 nan 1.705424400000000000e+07 2.293297587379773574e+02
1.609758734703063965e-01 1.088196933269500732e-01 1.946297314463125787e-09 1.736279200000000000e+07 1.701616400000000000e+07 1.647659149169921875e+02 1.545428924560546875e+02 nan 1.730983600000000000e+07 2.131636819106975338e+02
1.663603782653808594e-01 1.124596148729324341e-01 1.944057316713681798e-09 1.769273600000000000e+07 1.733286200000000000e+07 1.571949768066406250e+02 1.474417114257812500e+02 nan 1.763775400000000000e+07 2.003072569435950925e+02
1.717448830604553223e-01 1.160995438694953918e-01 1.941891129256332855e-09 1.811010200000000000e+07 1.775261000000000000e+07 1.509875030517578125e+02 1.416192474365234375e+02 nan 1.805548400000000000e+07 1.905296330386524630e+02
1.771293878555297852e-01 1.197394654154777527e-01 1.939794125595426991e-09 1.860184600000000000e+07 1.825924600000000000e+07 1.458338928222656250e+02 1.367851715087890625e+02 nan 1.854950400000000000e+07 1.830387876725907574e+02
1.825138777494430542e-01 1.233793795108795166e-01 1.937762091126241291e-09 1.913492200000000000e+07 1.881337800000000000e+07 1.413301849365234375e+02 1.325606231689453125e+02 nan 1.908579800000000000e+07 1.768534012019878787e+02
1.878983825445175171e-01 1.270193010568618774e-01 1.935791175107242678e-09 1.966666200000000000e+07 1.936469200000000000e+07 1.370845794677734375e+02 1.285782623291015625e+02 nan 1.962052600000000000e+07 1.710401359445625928e+02
1.932828873395919800e-01 1.306592375040054321e-01 1.933877861004656685e-09 2.015287600000000000e+07 1.986221600000000000e+07 1.327763366699218750e+02 1.245372390747070312e+02 nan 2.010847000000000000e+07 1.648428433930029939e+02
1.986673772335052490e-01 1.342991441488265991e-01 1.932018951816384183e-09 2.056035200000000000e+07 2.026862400000000000e+07 1.282224426269531250e+02 1.202658843994140625e+02 nan 2.051578200000000000e+07 1.578484080202720747e+02
2.040518820285797119e-01 1.379390656948089600e-01 1.930211465507478933e-09 2.087911200000000000e+07 2.057343800000000000e+07 1.234196243286132812e+02 1.157611999511718750e+02 nan 2.083241000000000000e+07 1.500909306634635243e+02
2.094363868236541748e-01 1.415790021419525146e-01 1.928452677645768952e-09 2.112319600000000000e+07 2.079372000000000000e+07 1.185057601928710938e+02 1.111523818969726562e+02 nan 2.107285800000000000e+07 1.419446742391679948e+02
2.148208767175674438e-01 1.452189087867736816e-01 1.926740094380007882e-09 2.132224000000000000e+07 2.096455800000000000e+07 1.136786880493164062e+02 1.066249847412109375e+02 nan 2.126759400000000000e+07 1.339080492546755750e+02
2.202053815126419067e-01 1.488588303327560425e-01 1.925071368159055733e-09 2.151304600000000000e+07 2.112900600000000000e+07 1.091359939575195312e+02 1.023642959594726562e+02 nan 2.145437200000000000e+07 1.264486484113063938e+02
2.255898863077163696e-01 1.524987667798995972e-01 1.923444343781293656e-09 2.173156000000000000e+07 2.132834800000000000e+07 1.050324707031250000e+02 9.851544189453125000e+01 nan 2.166995800000000000e+07 1.199084512562840104e+02
2.309743911027908325e-01 1.561386883258819580e-01 1.921857033120720865e-09 2.200263200000000000e+07 2.159050800000000000e+07 1.014394226074218750e+02 9.514533996582031250e+01 nan 2.193967000000000000e+07 1.144263632844383238e+02
2.363588809967041016e-01 1.597786098718643188e-01 1.920307567935778733e-09 2.233300000000000000e+07 2.192238600000000000e+07 9.833051300048828125e+01 9.222929382324218750e+01 nan 2.227026800000000000e+07 1.099249740457064490e+02
2.417433857917785645e-01 1.634185314178466797e-01 1.918794213956308179e-09 2.271257200000000000e+07 2.231135800000000000e+07 9.560806274414062500e+01 8.967568206787109375e+01 nan 2.265127600000000000e+07 1.061804350407269624e+02
2.471278905868530273e-01 1.670584529638290405e-01 1.917315352832477265e-09 2.311934200000000000e+07 2.273105000000000000e+07 9.313909149169921875e+01 8.735981750488281250e+01 nan 2.306001800000000000e+07 1.029026339618807242e+02
2.525123953819274902e-01 1.706983745098114014e-01 1.915869472055197894e-09 2.352345400000000000e+07 2.314673800000000000e+07 9.078034210205078125e+01 8.514735412597656250e+01 nan 2.346590000000000000e+07 9.978546943455575047e+01
2.578969001770019531e-01 1.743383109569549561e-01 1.914455150219987163e-09 2.389440000000000000e+07 2.352381400000000000e+07 8.840892028808593750e+01 8.292303466796875000e+01 nan 2.383778400000000000e+07 9.657091817743520323e+01
2.632813751697540283e-01 1.779782027006149292e-01 1.913071083197014340e-09 2.421239000000000000e+07 2.384017800000000000e+07 8.596048736572265625e+01 8.062652587890625000e+01 nan 2.415552400000000000e+07 9.313080430286389344e+01
2.686658799648284912e-01 1.816181391477584839e-01 1.911715991580206360e-09 2.447505600000000000e+07 2.409338000000000000e+07 8.344184112548828125e+01 7.826419830322265625e+01 nan 2.441674400000000000e+07 8.949123180182454007e+01
2.740503847599029541e-01 1.852580606937408447e-01 1.910388727493893778e-09 2.469344600000000000e+07 2.429641400000000000e+07 8.090419769287109375e+01 7.588406372070312500e+01 nan 2.463278800000000000e+07 8.577114385839399802e+01
2.794348895549774170e-01 1.888979822397232056e-01 1.909088184011114833e-09 2.488466800000000000e+07 2.446968000000000000e+07 7.841113281250000000e+01 7.354573822021484375e+01 nan 2.482126800000000000e+07 8.210981600085089838e+01
2.848193943500518799e-01 1.925379037857055664e-01 1.907813323590368924e-09 2.506891400000000000e+07 2.463702400000000000e+07 7.602631378173828125e+01 7.130895996093750000e+01 nan 2.500293400000000000e+07 7.864038453999562250e+01
2.902038991451263428e-01 1.961778402328491211e-01 1.906563162582237113e-09 2.526769400000000000e+07 2.482299800000000000e+07 7.380744171142578125e+01 6.922778320312500000e+01 nan 2.519975200000000000e+07 7.547790909307731511e+01
2.955884039402008057e-01 1.998177617788314819e-01 1.905336787226579552e-09 2.549746000000000000e+07 2.504580600000000000e+07 7.178856658935546875e+01 6.733418273925781250e+01 nan 2.542846000000000000e+07 7.268599309103640849e+01
3.009728789329528809e-01 2.034576684236526489e-01 1.904133323856378078e-09 2.576261400000000000e+07 2.530993800000000000e+07 6.996466827392578125e+01 6.562344360351562500e+01 nan 2.569345600000000000e+07 7.024936226160804154e+01
3.063573837280273438e-01 2.070975899696350098e-01 1.902951936232507350e-09 2.605540400000000000e+07 2.560624800000000000e+07 6.829811859130859375e+01 6.406027221679687500e+01 nan 2.598678200000000000e+07 6.809036666243638081e+01
3.117418885231018066e-01 2.107375115156173706e-01 1.901791846628511990e-09 2.636200200000000000e+07 2.591853200000000000e+07 6.673993682861328125e+01 6.259873580932617188e+01 nan 2.629424800000000000e+07 6.611219298163317148e+01
3.171263933181762695e-01 2.143774479627609253e-01 1.900652308391623192e-09 2.666742800000000000e+07 2.622914600000000000e+07 6.524420166015625000e+01 6.119578170776367188e+01 nan 2.660046800000000000e+07 6.422660251140891319e+01
3.225108981132507324e-01 2.180173695087432861e-01 1.899532626729035332e-09 2.695712200000000000e+07 2.652128200000000000e+07 6.377190017700195312e+01 5.981482696533203125e+01 nan 2.689053800000000000e+07 6.236025271977847950e+01
3.278954029083251953e-01 2.216572910547256470e-01 1.898432128189829179e-09 2.721938200000000000e+07 2.678193000000000000e+07 6.229583358764648438e+01 5.843034744262695312e+01 nan 2.715254800000000000e+07 6.046344250228488448e+01
3.332799077033996582e-01 2.252972126007080078e-01 1.897350177081271127e-09 2.744974800000000000e+07 2.700648000000000000e+07 6.080871200561523438e+01 5.703550720214843750e+01 nan 2.738202400000000000e+07 5.852535850266428952e+01
3.386643826961517334e-01 2.289371192455291748e-01 1.896286172945125672e-09 2.765299800000000000e+07 2.720065000000000000e+07 5.932443237304687500e+01 5.564334106445312500e+01 nan 2.758388600000000000e+07 5.657532067078238214e+01
3.440488874912261963e-01 2.325770407915115356e-01 1.895239531240720810e-09 2.784000000000000000e+07 2.737696400000000000e+07 5.786815643310546875e+01 5.427744293212890625e+01 nan 2.776926000000000000e+07 5.466249318362843468e+01
3.494333922863006592e-01 2.362169772386550903e-01 1.894209703480833635e-09 2.802251400000000000e+07 2.754906000000000000e+07 5.646379470825195312e+01 5.296024322509765625e+01 nan 2.795018000000000000e+07 5.283190760310291267e+01
3.548178970813751221e-01 2.398568987846374512e-01 1.893196174858241155e-09 2.821038400000000000e+07 2.772840200000000000e+07 5.512850570678710938e+01 5.170780944824218750e+01 nan 2.813674800000000000e+07 5.111452773489003931e+01
3.602024018764495850e-01 2.434968203306198120e-01 1.892198441798694543e-09 2.841099600000000000e+07 2.792336200000000000e+07 5.387235641479492188e+01 5.052961730957031250e+01 nan 2.833649400000000000e+07 4.952757747382612052e+01
3.655869066715240479e-01 2.471367418766021729e-01 1.891216027459402332e-09 2.862807600000000000e+07 2.813784200000000000e+07 5.269709014892578125e+01 4.942726898193359375e+01 nan 2.855318000000000000e+07 4.807296278736699691e+01
3.709714114665985107e-01 2.507766783237457275e-01 1.890248472221847833e-09 2.885996400000000000e+07 2.836958400000000000e+07 5.159412384033203125e+01 4.839273452758789062e+01 nan 2.878504400000000000e+07 4.673436928051929584e+01
3.763558864593505859e-01 2.544165849685668945e-01 1.889295352117686434e-09 2.910004000000000000e+07 2.861086400000000000e+07 5.054689788818359375e+01 4.741048049926757812e+01 nan 2.902530400000000000e+07 4.548185295419418850e+01
3.817403912544250488e-01 2.580564916133880615e-01 1.888356242191734645e-09 2.933995000000000000e+07 2.885202400000000000e+07 4.953754806518554688e+01 4.646374893188476562e+01 nan 2.926540600000000000e+07 4.428388065970987952e+01
3.871248960494995117e-01 2.616964280605316162e-01 1.887430735669950155e-09 2.957251200000000000e+07 2.908472800000000000e+07 4.855199050903320312e+01 4.553934097290039062e+01 nan 2.949799000000000000e+07 4.311629436911562152e+01
3.925094008445739746e-01 2.653363645076751709e-01 1.886518457772270655e-09 2.979248400000000000e+07 2.930299200000000000e+07 4.758084869384765625e+01 4.462845230102539062e+01 nan 2.971769800000000000e+07 4.196347688768751993e+01
3.978939056396484375e-01 2.689762711524963379e-01 1.885619049100158659e-09 2.999688400000000000e+07 2.950365600000000000e+07 4.661935043334960938e+01 4.372661590576171875e+01 nan 2.992152800000000000e+07 4.081800044736198174e+01
4.032784104347229004e-01 2.726162075996398926e-01 1.884732143174389957e-09 3.018630600000000000e+07 2.968765000000000000e+07 4.566875076293945312e+01 4.283500289916992188e+01 nan 3.011012200000000000e+07 3.968276811010839822e+01
4.086629152297973633e-01 2.762561440467834473e-01 1.883857409814700777e-09 3.036532600000000000e+07 2.986026200000000000e+07 4.473612594604492188e+01 4.196025466918945312e+01 nan 3.028816200000000000e+07 3.857051115700171806e+01
4.140473902225494385e-01 2.798960208892822266e-01 1.882994538868699288e-09 3.054014600000000000e+07 3.002858600000000000e+07 4.383019256591796875e+01 4.111054611206054688e+01 nan 3.046199600000000000e+07 3.749631318551335823e+01
4.194318950176239014e-01 2.835359573364257812e-01 1.882143190604211824e-09 3.071573800000000000e+07 3.019838400000000000e+07 4.295699310302734375e+01 4.029152297973632812e+01 nan 3.063669800000000000e+07 3.647015017189769992e+01
4.248163998126983643e-01 2.871758937835693359e-01 1.881303079826970542e-09 3.089521400000000000e+07 3.037331400000000000e+07 4.211927795410156250e+01 3.950579452514648438e+01 nan 3.081547600000000000e+07 3.549642388574891072e+01
4.302009046077728271e-01 2.908158004283905029e-01 1.880473925305205483e-09 3.108073400000000000e+07 3.055571400000000000e+07 4.131816482543945312e+01 3.875439071655273438e+01 nan 3.100052400000000000e+07 3.457667757977684175e+01
4.355854094028472900e-01 2.944557368755340576e-01 1.879655436356054805e-09 3.127298600000000000e+07 3.074609400000000000e+07 4.055256271362304688e+01 3.803628921508789062e+01 nan 3.119248800000000000e+07 3.370887484456158489e+01
4.409699141979217529e-01 2.980956733226776123e-01 1.878847353036435648e-09 3.146978800000000000e+07 3.094183200000000000e+07 3.981774520874023438e+01 3.734706497192382812e+01 nan 3.138912600000000000e+07 3.288511781124575606e+01
4.463544189929962158e-01 3.017355799674987793e-01 1.878049424887222573e-09 3.166686400000000000e+07 3.113805800000000000e+07 3.910675430297851562e+01 3.668018722534179688e+01 nan 3.158607600000000000e+07 3.209407721202747155e+01
4.517388939857482910e-01 3.053754866123199463e-01 1.877261397654174740e-09 3.186043000000000000e+07 3.133045200000000000e+07 3.841382980346679688e+01 3.603025817871093750e+01 nan 3.177946000000000000e+07 3.132657029614459532e+01
4.571233987808227539e-01 3.090154230594635010e-01 1.876483026309890802e-09 3.204841800000000000e+07 3.151655400000000000e+07 3.773578643798828125e+01 3.539428329467773438e+01 nan 3.196716000000000000e+07 3.057769320349558129e+01
4.625079035758972168e-01 3.126553297042846680e-01 1.875714093387305177e-09 3.222967200000000000e+07 3.169503400000000000e+07 3.707078933715820312e+01 3.477054595947265625e+01 nan 3.214799400000000000e+07 2.984477499819606194e+01
4.678924083709716797e-01 3.162952661514282227e-01 1.874954364165268396e-09 3.240351600000000000e+07 3.186529800000000000e+07 3.641772460937500000e+01 3.415800476074218750e+01 nan 3.232128800000000000e+07 2.912622939057509797e+01
4.732769131660461426e-01 3.199352025985717773e-01 1.874203630559428286e-09 3.257066400000000000e+07 3.202832400000000000e+07 3.577714157104492188e+01 3.355717849731445312e+01 nan 3.248780600000000000e+07 2.842308568582695827e+01
4.786614179611206055e-01 3.235751092433929443e-01 1.873461691551420399e-09 3.273377400000000000e+07 3.218713600000000000e+07 3.515162658691406250e+01 3.297047805786132812e+01 nan 3.265026000000000000e+07 2.773952786299192752e+01
4.840458929538726807e-01 3.272150158882141113e-01 1.872728340933758753e-09 3.289602200000000000e+07 3.234528200000000000e+07 3.454406356811523438e+01 3.240061187744140625e+01 nan 3.281188000000000000e+07 2.708003642501121178e+01
4.894303977489471436e-01 3.308549523353576660e-01 1.872003379495005729e-09 3.305930400000000000e+07 3.250492800000000000e+07 3.395572662353515625e+01 3.184878158569335938e+01 nan 3.297460800000000000e+07 2.644651522225825602e+01
4.948149025440216064e-01 3.344948589801788330e-01 1.871286632213937058e-09 3.322405400000000000e+07 3.266665200000000000e+07 3.338626098632812500e+01 3.131464767456054688e+01 nan 3.313889600000000000e+07 2.583833883095844897e+01
5.001994371414184570e-01 3.381348252296447754e-01 1.870577900826693527e-09 3.339035200000000000e+07 3.283051400000000000e+07 3.283493423461914062e+01 3.079753303527832031e+01 nan 3.330482400000000000e+07 2.525430664059941677e+01
5.055838823318481445e-01 3.417747020721435547e-01 1.869877039368293133e-09 3.355817600000000000e+07 3.299633600000000000e+07 3.230093383789062500e+01 3.029666709899902344e+01 nan 3.347234000000000000e+07 2.469319589692555894e+01
5.109683871269226074e-01 3.454146385192871094e-01 1.869183849789121820e-09 3.372674000000000000e+07 3.316310600000000000e+07 3.178275871276855469e+01 2.981064796447753906e+01 nan 3.364062400000000000e+07 2.415270650143888886e+01
5.163528919219970703e-01 3.490545451641082764e-01 1.868498185335105332e-09 3.389409200000000000e+07 3.332863800000000000e+07 3.127794647216796875e+01 2.933715248107910156e+01 nan 3.380770400000000000e+07 2.362915591067872612e+01
5.217373967170715332e-01 3.526944816112518311e-01 1.867819876059786520e-09 3.405835600000000000e+07 3.349085000000000000e+07 3.078425979614257812e+01 2.887409782409667969e+01 nan 3.397165600000000000e+07 2.311925289004841488e+01
5.271219015121459961e-01 3.563344180583953857e-01 1.867148773833358248e-09 3.421887600000000000e+07 3.364898800000000000e+07 3.030073165893554688e+01 2.842057418823242188e+01 nan 3.413180800000000000e+07 2.262165892972832637e+01
5.325064063072204590e-01 3.599743247032165527e-01 1.866484735032350672e-09 3.437598400000000000e+07 3.380337600000000000e+07 2.982735633850097656e+01 2.797657203674316406e+01 nan 3.428850000000000000e+07 2.213643026740210118e+01
5.378909111022949219e-01 3.636142611503601074e-01 1.865827604301946768e-09 3.453000800000000000e+07 3.395440400000000000e+07 2.936409568786621094e+01 2.754205703735351562e+01 nan 3.444206400000000000e+07 2.166353985356665390e+01
5.432754158973693848e-01 3.672541677951812744e-01 1.865177252290424566e-09 3.468108400000000000e+07 3.410236800000000000e+07 2.891077804565429688e+01 2.711686515808105469e+01 nan 3.459267200000000000e+07 2.120277004284391964e+01
5.486599206924438477e-01 3.708941042423248291e-01 1.864533532427482462e-09 3.483008800000000000e+07 3.424826800000000000e+07 2.846780586242675781e+01 2.670138168334960938e+01 nan 3.474119600000000000e+07 2.075471981431959279e+01
5.540444254875183105e-01 3.745340406894683838e-01 1.863896318172137942e-09 3.497848400000000000e+07 3.439372400000000000e+07 2.803605079650878906e+01 2.629641723632812500e+01 nan 3.488914400000000000e+07 2.032063170495251470e+01
5.594289302825927734e-01 3.781739473342895508e-01 1.863265486641235488e-09 3.512723600000000000e+07 3.453976000000000000e+07 2.761586380004882812e+01 2.590230560302734375e+01 nan 3.503748000000000000e+07 1.990101432936224768e+01
5.648134350776672363e-01 3.818138837814331055e-01 1.862640903204479876e-09 3.527614400000000000e+07 3.468621200000000000e+07 2.720668792724609375e+01 2.551852226257324219e+01 nan 3.518601600000000000e+07 1.949501460749801751e+01
5.701979398727416992e-01 3.854538202285766602e-01 1.862022452330667509e-09 3.542467600000000000e+07 3.483250000000000000e+07 2.680770874023437500e+01 2.514429664611816406e+01 nan 3.533420400000000000e+07 1.910147822025954412e+01
5.755824446678161621e-01 3.890937268733978271e-01 1.861410021730888845e-09 3.557277200000000000e+07 3.497849200000000000e+07 2.641852188110351562e+01 2.477925682067871094e+01 nan 3.548198000000000000e+07 1.871983859507902181e+01
5.809668898582458496e-01 3.927336037158966064e-01 1.860803497296447543e-09 3.572040800000000000e+07 3.512407200000000000e+07 2.603876113891601562e+01 2.442305564880371094e+01 nan 3.562930000000000000e+07 1.834959716492656412e+01
5.863513946533203125e-01 3.963735401630401611e-01 1.860202753428811389e-09 3.586690000000000000e+07 3.526846800000000000e+07 2.566760253906250000e+01 2.407493209838867188e+01 nan 3.577547600000000000e+07 1.798959458886453788e+01
5.917358994483947754e-01 4.000134766101837158e-01 1.859607692406273365e-09 3.601127600000000000e+07 3.541064000000000000e+07 2.530407142639160156e+01 2.373395729064941406e+01 nan 3.591951200000000000e+07 1.763850730675848766e+01
5.971204042434692383e-01 4.036533832550048828e-01 1.859018214291441706e-09 3.615330000000000000e+07 3.555034000000000000e+07 2.494778251647949219e+01 2.339977645874023438e+01 nan 3.606118400000000000e+07 1.729582070387564130e+01
6.025049090385437012e-01 4.072933197021484375e-01 1.858434207544148841e-09 3.629352800000000000e+07 3.568813600000000000e+07 2.459890174865722656e+01 2.307254219055175781e+01 nan 3.620104400000000000e+07 1.696176837260370718e+01
6.078894138336181641e-01 4.109332561492919922e-01 1.857855577876460681e-09 3.643233600000000000e+07 3.582443600000000000e+07 2.425744628906250000e+01 2.275227737426757812e+01 nan 3.633946400000000000e+07 1.663640296920429407e+01
6.132739186286926270e-01 4.145731627941131592e-01 1.857282233477322155e-09 3.656959600000000000e+07 3.595917600000000000e+07 2.392312622070312500e+01 2.243869972229003906e+01 nan 3.647633200000000000e+07 1.631931840094756225e+01
6.186584234237670898e-01 4.182130992412567139e-01 1.856714071034082293e-09 3.670543600000000000e+07 3.609254800000000000e+07 2.359581375122070312e+01 2.213170051574707031e+01 nan 3.661180400000000000e+07 1.601032919722762315e+01
6.240429282188415527e-01 4.218530058860778809e-01 1.856151008397507339e-09 3.684054400000000000e+07 3.622526400000000000e+07 2.327573204040527344e+01 2.183147239685058594e+01 nan 3.674654400000000000e+07 1.570974993119397745e+01
6.294274330139160156e-01 4.254929423332214355e-01 1.855592947277603754e-09 3.697548400000000000e+07 3.635791200000000000e+07 2.296300506591796875e+01 2.153815460205078125e+01 nan 3.688113600000000000e+07 1.541774150816445754e+01
6.556535363197326660e-01 4.432217776775360107e-01 1.852943630635520644e-09 3.762265200000000000e+07 3.699485600000000000e+07 2.153316116333007812e+01 2.019703102111816406e+01 nan 3.752673600000000000e+07 1.410214444431066916e+01
8.039034605026245117e-01 5.434387326240539551e-01 1.839770603253567837e-09 4.087988800000000000e+07 4.019788800000000000e+07 1.556357860565185547e+01 1.459786033630371094e+01 nan 4.077569200000000000e+07 8.968474840173234597e+00
9.932619333267211914e-01 6.714450716972351074e-01 1.826201010048688587e-09 4.432117600000000000e+07 4.358198000000000000e+07 1.105329132080078125e+01 1.036743545532226562e+01 nan 4.420824400000000000e+07 5.547879652581782395e+00
1.227223634719848633e+00 8.296031951904296875e-01 1.812731498599941669e-09 4.781674800000000000e+07 4.701944400000000000e+07 7.811616897583007812e+00 7.326906204223632812e+00 nan 4.769493600000000000e+07 3.398362043749777239e+00
1.516294717788696289e+00 1.025015234947204590e+00 1.799361337301671755e-09 5.135948000000000000e+07 5.050327200000000000e+07 5.496193408966064453e+00 5.155154228210449219e+00 nan 5.122866800000000000e+07 2.063269970552060517e+00
1.873456120491027832e+00 1.266456365585327148e+00 1.786089789356977996e-09 5.494222400000000000e+07 5.402643600000000000e+07 3.851483345031738281e+00 3.612499237060546875e+00 nan 5.480231600000000000e+07 1.242603020973495509e+00
2.314746379852294922e+00 1.564768552780151367e+00 1.772916133006574509e-09 5.855955600000000000e+07 5.758357600000000000e+07 2.689057111740112305e+00 2.522200584411621094e+00 nan 5.841044400000000000e+07 7.428835480521500667e-01
2.859982252120971680e+00 1.933347940444946289e+00 1.759839636962373426e-09 6.220657200000000000e+07 6.116990000000000000e+07 1.871194720268249512e+00 1.755086541175842285e+00 nan 6.204819200000000000e+07 4.411669666535006917e-01
3.533647537231445312e+00 2.388745784759521484e+00 1.746859588797865175e-09 6.587892800000000000e+07 6.478108400000000000e+07 1.298104643821716309e+00 1.217556595802307129e+00 nan 6.571120800000000000e+07 2.603925824238363940e-01
4.365993976593017578e+00 2.951411962509155273e+00 1.733975279535418463e-09 6.957289600000000000e+07 6.841346400000000000e+07 8.980154991149902344e-01 8.422927260398864746e-01 nan 6.939576000000000000e+07 1.528343257286294832e-01
5.394398689270019531e+00 3.646613597869873047e+00 1.721185999058096773e-09 7.328547200000000000e+07 7.206404000000000000e+07 6.196441650390625000e-01 5.811942219734191895e-01 nan 7.309887200000000000e+07 8.924455780970175223e-02
6.665042877197265625e+00 4.505568981170654297e+00 1.708491050912268841e-09 7.701344800000000000e+07 7.572958400000000000e+07 4.265518486499786377e-01 4.000832438468933105e-01 nan 7.681728800000000000e+07 5.186618312533353148e-02
8.234986305236816406e+00 5.566850662231445312e+00 1.695889732548296616e-09 8.075477600000000000e+07 7.940804000000000000e+07 2.929912507534027100e-01 2.748100161552429199e-01 nan 8.054903200000000000e+07 3.001184906810774530e-02
1.017472743988037109e+01 6.878115653991699219e+00 1.683381361073609185e-09 8.450700800000000000e+07 8.309680000000000000e+07 2.008448541164398193e-01 1.883812248706817627e-01 nan 8.429156000000000000e+07 1.729604925475642166e-02
1.257137203216552734e+01 8.498247146606445312e+00 1.670965250288532184e-09 8.826800800000000000e+07 8.679356000000000000e+07 1.374211460351943970e-01 1.288929134607315063e-01 nan 8.804275200000000000e+07 9.930551963433877083e-03
1.553254413604736328e+01 1.050000000000000000e+01 1.658640709094829109e-09 9.203587200000000000e+07 9.049605600000000000e+07 9.386216849088668823e-02 8.803672343492507935e-02 nan 9.180062400000000000e+07 5.681801076953495004e-03
