# k/h [h/Mpc]            k [1/Mpc]              Primoridal             T_cdm(k)                 T_bar(k)                 T_phot(k)                T_massless neutrions(k)  T_massive neutrinos(k)   T_total(k)               Linear Pk [(Mpc/h)^3]  
1.049045658874092624e-05 7.091548468451946974e-06 2.727206404909961128e-09 1.000000000000000000e+00 1.000000000000000000e+00 1.000000000000000000e+00 1.000000000000000000e+00 nan 1.000000000000000000e+00 7.426794037061253739e+00
1.158353370556142181e-05 7.830468348402064294e-06 2.717761705682844603e-09 9.999998211860656738e-01 9.999997615814208984e-01 9.999578595161437988e-01 9.999567270278930664e-01 nan 9.999998211860656738e-01 8.172242563747301958e+00
1.279050593439023942e-05 8.646382411825470626e-06 2.708349706436794825e-09 9.999995231628417969e-01 9.999995231628417969e-01 9.999065399169921875e-01 9.999038577079772949e-01 nan 9.999995231628417969e-01 8.992511712450385275e+00
1.412324218108551577e-05 9.547311492497101426e-06 2.698970312856197758e-09 9.999991059303283691e-01 9.999991059303283691e-01 9.998439550399780273e-01 9.998396635055541992e-01 nan 9.999991059303283691e-01 9.895111993403647332e+00
1.559484553581569344e-05 1.054211588780162856e-05 2.689623392481895528e-09 9.999986886978149414e-01 9.999986290931701660e-01 9.997676610946655273e-01 9.997612237930297852e-01 nan 9.999986886978149414e-01 1.088830745458088956e+01
1.721978514979127795e-05 1.164057448477251455e-05 2.680308856040028027e-09 9.999981522560119629e-01 9.999980330467224121e-01 9.996745586395263672e-01 9.996656775474548340e-01 nan 9.999981522560119629e-01 1.198119012622206192e+01
1.901403993542771786e-05 1.285349117097212002e-05 2.671026563908324178e-09 9.999975562095642090e-01 9.999974966049194336e-01 9.995611310005187988e-01 9.995490908622741699e-01 nan 9.999975562095642090e-01 1.318376490537404067e+01
2.099525045196060091e-05 1.419278942194068804e-05 2.661776424936157355e-09 9.999967217445373535e-01 9.999966025352478027e-01 9.994227290153503418e-01 9.994070529937744141e-01 nan 9.999967217445373535e-01 1.450703810649343950e+01
2.318289807590190321e-05 1.567163963045459241e-05 2.652558315858844083e-09 9.999957680702209473e-01 9.999956488609313965e-01 9.992541074752807617e-01 9.992338418960571289e-01 nan 9.999957680702209473e-01 1.596312721774874177e+01
2.559849235694855452e-05 1.730458097881637514e-05 2.643372135990062650e-09 9.999946355819702148e-01 9.999944567680358887e-01 9.990485906600952148e-01 9.990227818489074707e-01 nan 9.999945759773254395e-01 1.756535859307507508e+01
2.826578383974265307e-05 1.910767059598583728e-05 2.634217767634683471e-09 9.999932050704956055e-01 9.999929666519165039e-01 9.987980127334594727e-01 9.987654685974121094e-01 nan 9.999931454658508301e-01 1.932839486364798631e+01
3.121100235148333013e-05 2.109863817167934030e-05 2.625095097817206075e-09 9.999914169311523438e-01 9.999911785125732422e-01 9.984925985336303711e-01 9.984517097473144531e-01 nan 9.999913573265075684e-01 2.126837481678865416e+01
3.446310074650682509e-05 2.329705603187903762e-05 2.616004033478672110e-09 9.999892711639404297e-01 9.999890923500061035e-01 9.981203079223632812e-01 9.980694651603698730e-01 nan 9.999892711639404297e-01 2.340304815668402227e+01
3.805406231549568474e-05 2.572454650362487882e-05 2.606944439452153756e-09 9.999867677688598633e-01 9.999864101409912109e-01 9.976665973663330078e-01 9.976035356521606445e-01 nan 9.999867081642150879e-01 2.575196056454041837e+01
4.201919000479392707e-05 2.840497290890198201e-05 2.597916226597658093e-09 9.999836087226867676e-01 9.999831914901733398e-01 9.971137046813964844e-01 9.970356225967407227e-01 nan 9.999835491180419922e-01 2.833658887470557985e+01
4.639747567125596106e-05 3.136469240416772664e-05 2.588919279439887767e-09 9.999797344207763672e-01 9.999791979789733887e-01 9.964399933815002441e-01 9.963436722755432129e-01 nan 9.999796748161315918e-01 3.118058274090352455e+01
5.123196388012729585e-05 3.463280881987884641e-05 2.579953483847589841e-09 9.999750256538391113e-01 9.999744892120361328e-01 9.956190586090087891e-01 9.955006837844848633e-01 nan 9.999749660491943359e-01 3.430995879052448316e+01
5.657019573845900595e-05 3.824145096587017179e-05 2.571018745591721348e-09 9.999693632125854492e-01 9.999685883522033691e-01 9.946190118789672852e-01 9.944736361503601074e-01 nan 9.999691843986511230e-01 3.775333256063375131e+01
6.246465636650100350e-05 4.222610732540488243e-05 2.562114941593048984e-09 9.999623894691467285e-01 9.999614357948303223e-01 9.934010505676269531e-01 9.932228326797485352e-01 nan 9.999622106552124023e-01 4.154217770403420218e+01
6.897329876665025949e-05 4.662595165427774191e-05 2.553241977543412439e-09 9.999538660049438477e-01 9.999527931213378906e-01 9.919179677963256836e-01 9.916997551918029785e-01 nan 9.999536275863647461e-01 4.571112316469453418e+01
7.616012590005993843e-05 5.148424679646268487e-05 2.544399743325443185e-09 9.999435544013977051e-01 9.999421834945678711e-01 9.901126027107238770e-01 9.898458123207092285e-01 nan 9.999433755874633789e-01 5.029825841306008982e+01
8.409580186707898974e-05 5.684876305167563260e-05 2.535588130685252624e-09 9.999309182167053223e-01 9.999293088912963867e-01 9.879156947135925293e-01 9.875897765159606934e-01 nan 9.999306201934814453e-01 5.534546152438763755e+01
9.285835403716191649e-05 6.277224747464060783e-05 2.526807033334104165e-09 9.999154806137084961e-01 9.999136328697204590e-01 9.852432012557983398e-01 9.848456382751464844e-01 nan 9.999152421951293945e-01 6.089878823311034495e+01
1.025339443003758788e-04 6.931294774403795600e-05 2.518056339675267213e-09 9.998968243598937988e-01 9.998943209648132324e-01 9.819943308830261230e-01 9.815096855163574219e-01 nan 9.998964071273803711e-01 6.700889268144834432e+01
1.132176985265687108e-04 7.653516513528302312e-05 2.509335958204897443e-09 9.998739957809448242e-01 9.998710155487060547e-01 9.780467748641967773e-01 9.774565696716308594e-01 nan 9.998734593391418457e-01 7.373142852163067573e+01
1.250146742677316070e-04 8.450992027064785361e-05 2.500645773867358897e-09 9.998461604118347168e-01 9.998425245285034180e-01 9.732542037963867188e-01 9.725362062454223633e-01 nan 9.998455643653869629e-01 8.112757565573164698e+01
1.380408502882346511e-04 9.331561159342527390e-05 2.491985695624705562e-09 9.998123049736022949e-01 9.998078942298889160e-01 9.674413204193115234e-01 9.665687084197998047e-01 nan 9.998115301132202148e-01 8.926456652236990408e+01
1.524243270978331566e-04 1.030388448270969093e-04 2.483355596498544299e-09 9.997708797454833984e-01 9.997656941413879395e-01 9.603987336158752441e-01 9.593394398689270020e-01 nan 9.997701048851013184e-01 9.821620725516392270e+01
1.683065347606316209e-04 1.137752187787555158e-04 2.474755379885282393e-09 9.997206926345825195e-01 9.997143149375915527e-01 9.518784284591674805e-01 9.505943059921264648e-01 nan 9.997196793556213379e-01 1.080636432189510714e+02
1.858436153270304203e-04 1.256302784895524383e-04 2.466184957973141175e-09 9.996595382690429688e-01 9.996517896652221680e-01 9.415878057479858398e-01 9.400337338447570801e-01 nan 9.996583461761474609e-01 1.188957883293006859e+02
2.052080089924857020e-04 1.387206139042973518e-04 2.457644209414643305e-09 9.995850324630737305e-01 9.995755553245544434e-01 9.291850328445434570e-01 9.273077249526977539e-01 nan 9.995835423469543457e-01 1.308102581946575071e+02
2.265901130158454180e-04 1.531749148853123188e-04 2.449133045395065615e-09 9.994944334030151367e-01 9.994829893112182617e-01 9.142746329307556152e-01 9.120120406150817871e-01 nan 9.994926452636718750e-01 1.439140089471925421e+02
2.502001880202442408e-04 1.691353245405480266e-04 2.440651351248999153e-09 9.993842840194702148e-01 9.993704557418823242e-01 8.964057564735412598e-01 8.936862349510192871e-01 nan 9.993821382522583008e-01 1.583242390227477188e+02
2.762703516054898500e-04 1.867587561719119549e-04 2.432199034655000626e-09 9.992504119873046875e-01 9.992336034774780273e-01 8.750729560852050781e-01 8.718150258064270020e-01 nan 9.992478489875793457e-01 1.741690753539366483e+02
3.050569503102451563e-04 2.062184939859434962e-04 2.423775992290330563e-09 9.990879297256469727e-01 9.990675449371337891e-01 8.497244119644165039e-01 8.458365201950073242e-01 nan 9.990848302841186523e-01 1.915886534642502284e+02
3.368430479895323515e-04 2.277058956678956747e-04 2.415382114947829304e-09 9.988906979560852051e-01 9.988662600517272949e-01 8.197766542434692383e-01 8.151599764823913574e-01 nan 9.988869428634643555e-01 2.107358144410286513e+02
3.719411906786262989e-04 2.514322404749691486e-04 2.407017301830847028e-09 9.986516237258911133e-01 9.986223578453063965e-01 7.846452593803405762e-01 7.791950106620788574e-01 nan 9.986472129821777344e-01 2.317770725900180082e+02
4.106964333914220333e-04 2.776307810563594103e-04 2.398681465071051552e-09 9.983623027801513672e-01 9.983271360397338867e-01 7.437905073165893555e-01 7.374021410942077637e-01 nan 9.983569383621215820e-01 2.548935349531866734e+02
4.534898616839200258e-04 3.065591445192694664e-04 2.390374494355455649e-09 9.980126023292541504e-01 9.979706406593322754e-01 6.967887282371520996e-01 6.893658041954040527e-01 nan 9.980062246322631836e-01 2.802815726668367233e+02
5.007422878406941891e-04 3.385017917025834322e-04 2.382096284987275655e-09 9.975906610488891602e-01 9.975408315658569336e-01 6.434308290481567383e-01 6.348966956138610840e-01 nan 9.975830912590026855e-01 3.081536299274357589e+02
5.529182380996644497e-04 3.737727238330990076e-04 2.373846756225058361e-09 9.970827698707580566e-01 9.970237016677856445e-01 5.838515758514404297e-01 5.741661190986633301e-01 nan 9.970736503601074219e-01 3.387388212697976542e+02
6.105307838879525661e-04 4.127188003621995449e-04 2.365625794166928840e-09 9.964725971221923828e-01 9.964031577110290527e-01 5.186862349510192871e-01 5.078653693199157715e-01 nan 9.964619874954223633e-01 3.722830934994577774e+02
6.741464603692293167e-04 4.557229985948652029e-04 2.357433293568910220e-09 9.957419633865356445e-01 9.956610798835754395e-01 4.492359757423400879e-01 4.373750388622283936e-01 nan 9.957296252250671387e-01 4.090498782553418664e+02
7.443906506523489952e-04 5.032080807723104954e-04 2.349269171114912410e-09 9.948700070381164551e-01 9.947765469551086426e-01 3.776074349880218506e-01 3.649032711982727051e-01 nan 9.948557019233703613e-01 4.493196136920327604e+02
8.219541050493717194e-04 5.556409596465528011e-04 2.341133324843220307e-09 9.938332438468933105e-01 9.937264323234558105e-01 3.067609667778015137e-01 2.935262024402618408e-01 nan 9.938168525695800781e-01 4.933893191499630007e+02
9.075994603335857391e-04 6.135372095741331577e-04 2.333025652639057309e-09 9.926059246063232422e-01 9.924852252006530762e-01 2.403745353221893311e-01 2.270353287458419800e-01 nan 9.925874471664428711e-01 5.415722594927444788e+02
1.002168864943087101e-03 6.774661596864461899e-04 2.324946049885245546e-09 9.911597371101379395e-01 9.910254478454589844e-01 1.824159771203994751e-01 1.694811582565307617e-01 nan 9.911392331123352051e-01 5.941964298702408769e+02
1.106592128053307533e-03 7.480562780983746052e-04 2.316894434325377400e-09 9.894644021987915039e-01 9.893174171447753906e-01 1.363504081964492798e-01 1.243446469306945801e-01 nan 9.894419908523559570e-01 6.516031202799956645e+02
1.221895916387438774e-03 8.260016329586505890e-04 2.308870708568745277e-09 9.874874949455261230e-01 9.873293042182922363e-01 1.040412634611129761e-01 9.340692311525344849e-02 nan 9.874634146690368652e-01 7.141444083762762602e+02
1.349214115180075169e-03 9.120687609538435936e-04 2.300874762407135126e-09 9.851942658424377441e-01 9.850272536277770996e-01 8.466218411922454834e-02 7.565747201442718506e-02 nan 9.851688146591186523e-01 7.821798288679290181e+02
1.489798538386821747e-03 1.007103826850652695e-03 2.292906509188567727e-09 9.825477600097656250e-01 9.823741912841796875e-01 7.427281141281127930e-02 6.691981106996536255e-02 nan 9.825212359428405762e-01 8.560718534775605804e+02
1.645031501539051533e-03 1.112041296437382698e-03 2.284965850418265676e-09 9.795078039169311523e-01 9.793295264244079590e-01 6.686895340681076050e-02 6.100781634449958801e-02 nan 9.794805049896240234e-01 9.361785773365119212e+02
1.816439209505915642e-03 1.227912958711385727e-03 2.277052691606405739e-09 9.760299921035766602e-01 9.758480787277221680e-01 5.721345171332359314e-02 5.266142636537551880e-02 nan 9.760022163391113281e-01 1.022843684033184218e+03
2.005707239732146263e-03 1.355858054012060165e-03 2.269166941709029953e-09 9.720661640167236328e-01 9.718793034553527832e-01 4.421527311205863953e-02 4.090891405940055847e-02 nan 9.720376729965209961e-01 1.116386587015838359e+03
2.214696491137146950e-03 1.497134799137711525e-03 2.261308494449764354e-09 9.675632715225219727e-01 9.673681259155273438e-01 3.177784755825996399e-02 2.970558404922485352e-02 nan 9.675334095954895020e-01 1.217087459014432625e+03
2.445461694151163101e-03 1.653132145293056965e-03 2.253477264686429142e-09 9.624645113945007324e-01 9.622562527656555176e-01 2.460372447967529297e-02 2.352474816143512726e-02 nan 9.624326825141906738e-01 1.325172721026062163e+03
2.700272016227245331e-03 1.825383864343166351e-03 2.245673160886940457e-09 9.567102789878845215e-01 9.564836025238037109e-01 2.200832590460777283e-02 1.998405717313289642e-02 nan 9.566757082939147949e-01 1.440800725426637655e+03
2.981632947921752930e-03 2.015583915635943413e-03 2.237896076485985185e-09 9.502382874488830566e-01 9.499884843826293945e-01 1.864856109023094177e-02 1.628063246607780457e-02 nan 9.502000808715820312e-01 1.564040945753286906e+03
3.292310982942581177e-03 2.225602278485894203e-03 2.230145925871712440e-09 9.429831504821777344e-01 9.427069425582885742e-01 1.358001213520765305e-02 1.325182244181632996e-02 nan 9.429409503936767578e-01 1.694848930528912888e+03
3.635360859334468842e-03 2.457503927871584892e-03 2.222422616889744185e-09 9.348771572113037109e-01 9.345713257789611816e-01 1.127619016915559769e-02 1.077587623149156570e-02 nan 9.348304271697998047e-01 1.833041297270324549e+03
4.014155361801385880e-03 2.713568974286317825e-03 2.214726058195065524e-09 9.258508682250976562e-01 9.255098700523376465e-01 1.024006865918636322e-02 8.753060363233089447e-03 nan 9.257987737655639648e-01 1.978268631790480867e+03
4.432419314980506897e-03 2.996315481141209602e-03 2.207056148657132701e-09 9.158332347869873047e-01 9.154485464096069336e-01 7.453118450939655304e-03 7.101572118699550629e-03 nan 9.157744646072387695e-01 2.129982462819530610e+03
4.894265439361333847e-03 3.308523446321487427e-03 2.199412800139309644e-09 9.047524333000183105e-01 9.043133854866027832e-01 6.620207335799932480e-03 5.754157435148954391e-03 nan 9.046853184700012207e-01 2.287403373037396250e+03
5.404234398156404495e-03 3.653262509033083916e-03 2.191795924301313793e-09 8.925361633300781250e-01 8.920327425003051758e-01 5.079139024019241333e-03 4.655748605728149414e-03 nan 8.924592733383178711e-01 2.449485904431302515e+03
5.967340432107448578e-03 4.033922217786312103e-03 2.184205430909534259e-09 8.791121244430541992e-01 8.785325288772583008e-01 4.057915415614843369e-03 3.761115949600934982e-03 nan 8.790236115455627441e-01 2.614880357333146094e+03
6.589121185243129730e-03 4.454245790839195251e-03 2.176641221197925960e-09 8.644078969955444336e-01 8.637359738349914551e-01 3.121213754639029503e-03 3.033170243725180626e-03 nan 8.643052577972412109e-01 2.781895292315298775e+03
7.275689393281936646e-03 4.918366204947233200e-03 2.169103203027300791e-09 8.483515977859497070e-01 8.475690484046936035e-01 2.757609123364090919e-03 2.441495424136519432e-03 nan 8.482320904731750488e-01 2.948459156461423390e+03
8.033796213567256927e-03 5.430846009403467178e-03 2.161591299930936394e-09 8.308717012405395508e-01 8.299583196640014648e-01 2.045739674940705299e-03 1.961161382496356964e-03 nan 8.307321071624755859e-01 3.112084046595780364e+03
8.870895951986312866e-03 5.996725521981716156e-03 2.154105401952956366e-09 8.118967413902282715e-01 8.108275532722473145e-01 1.595191773958504200e-03 1.571721164509654045e-03 nan 8.117333650588989258e-01 3.269828763402212189e+03
9.795218706130981445e-03 6.621567998081445694e-03 2.146645430474833453e-09 7.913575172424316406e-01 7.901049256324768066e-01 1.321105752140283585e-03 1.256430987268686295e-03 nan 7.911660671234130859e-01 3.418289706489496893e+03
1.081585418432950974e-02 7.311517372727394104e-03 2.139211293795359687e-09 7.691851854324340820e-01 7.677170038223266602e-01 1.038688584230840206e-03 1.001574681140482426e-03 nan 7.689608335494995117e-01 3.553573190219758999e+03
1.194283645600080490e-02 8.073357865214347839e-03 2.131802900090153706e-09 7.453142404556274414e-01 7.435952425003051758e-01 8.321472560055553913e-04 7.959261420182883739e-04 nan 7.450515627861022949e-01 3.671320689757275886e+03
1.318724639713764191e-02 8.914578706026077271e-03 2.124420174276236449e-09 7.196857333183288574e-01 7.176768779754638672e-01 6.400271668098866940e-04 6.303049158304929733e-04 nan 7.193788290023803711e-01 3.766771716870593991e+03
1.456132158637046814e-02 9.843453764915466309e-03 2.117063005254935590e-09 6.922513842582702637e-01 6.899119019508361816e-01 5.272863199934363365e-04 4.972084425389766693e-04 nan 6.918939948081970215e-01 3.834875341239598129e+03
1.607857085764408112e-02 1.086911372840404510e-02 2.109731324472420402e-09 6.629825830459594727e-01 6.602708101272583008e-01 4.399293393362313509e-04 3.905123157892376184e-04 nan 6.625682711601257324e-01 3.870506921610975496e+03
1.775391399860382080e-02 1.200164575129747391e-02 2.102425026951150955e-09 6.318823695182800293e-01 6.287590265274047852e-01 3.133978752885013819e-04 3.052226675208657980e-04 nan 6.314052343368530273e-01 3.868798554719703134e+03
1.960382424294948578e-02 1.325218472629785538e-02 2.095144031049849183e-09 5.990031957626342773e-01 5.954355001449584961e-01 2.448561426717787981e-04 2.372718008700758219e-04 nan 5.984581112861633301e-01 3.825621074416011652e+03
2.164648845791816711e-02 1.463302597403526306e-02 2.087888252770266929e-09 5.644705891609191895e-01 5.604380369186401367e-01 2.010378520935773849e-04 1.833506103139370680e-04 nan 5.638545155525207520e-01 3.738232809535265005e+03
2.390199340879917145e-02 1.615774817764759064e-02 2.080657597354892904e-09 5.285123586654663086e-01 5.240144133567810059e-01 1.605677389306947589e-04 1.407692034263163805e-04 nan 5.278251767158508301e-01 3.606068757457418087e+03
2.639251388609409332e-02 1.784133911132812500e-02 2.073451995948668221e-09 4.914909303188323975e-01 4.865564405918121338e-01 1.086395568563602865e-04 1.073416278813965619e-04 nan 4.907370805740356445e-01 3.431584893296680093e+03
2.914254181087017059e-02 1.970035769045352936e-02 2.066271340052806293e-09 4.539335668087005615e-01 4.486309587955474854e-01 8.997333497973158956e-05 8.129003253998234868e-05 nan 4.531234204769134521e-01 3.220982441540005311e+03
3.217911347746849060e-02 2.175308018922805786e-02 2.059115554147728899e-09 4.165489375591278076e-01 4.109954833984375000e-01 6.511973333545029163e-05 6.116500298958271742e-05 nan 4.157004952430725098e-01 2.984529508103133139e+03
3.553209081292152405e-02 2.401969395577907562e-02 2.051984539888671147e-09 3.802133500576019287e-01 3.745801746845245361e-01 5.102080831420607865e-05 4.577920844894833863e-05 nan 3.793526887893676758e-01 2.736141612174414604e+03
3.923443704843521118e-02 2.652247995138168335e-02 2.044878229365854235e-09 3.459040224552154541e-01 3.404125869274139404e-01 3.476962592685595155e-05 3.415315222810022533e-05 nan 3.450650572776794434e-01 2.491925666057446051e+03
4.332255572080612183e-02 2.928604744374752045e-02 2.037796533657790378e-09 3.145582377910614014e-01 3.094614446163177490e-01 2.671276888577267528e-05 2.547195617808029056e-05 nan 3.137795925140380859e-01 2.267597647128811332e+03
4.765481501817703247e-02 3.221465647220611572e-02 2.031010053452367756e-09 2.877649962902069092e-01 2.832800149917602539e-01 2.004839734581764787e-05 1.926015647768508643e-05 nan 2.870797812938690186e-01 2.080576613850752892e+03
5.198707059025764465e-02 3.514325991272926331e-02 2.024834231214258902e-09 2.665557265281677246e-01 2.627809345722198486e-01 1.560829150548670441e-05 1.499460631748661399e-05 nan 2.659789919853210449e-01 1.941555473741341075e+03
5.631932616233825684e-02 3.807186335325241089e-02 2.019169610001785353e-09 2.492173612117767334e-01 2.461481094360351562e-01 1.243807946593733504e-05 1.194902688439469784e-05 nan 2.487484365701675415e-01 1.833478567712812719e+03
6.065158173441886902e-02 4.100047051906585693e-02 2.013939112582009273e-09 2.345436364412307739e-01 2.320887297391891479e-01 1.009626157610910013e-05 9.699276233732234687e-06 nan 2.341686040163040161e-01 1.744314274330304215e+03
6.498383730649948120e-02 4.392907395958900452e-02 2.009081821590703985e-09 2.214055508375167847e-01 2.194152474403381348e-01 8.304304174089338630e-06 7.977772838785313070e-06 nan 2.211014777421951294e-01 1.661379886448470870e+03
6.931609660387039185e-02 4.685768112540245056e-02 2.004548729015451583e-09 2.089760154485702515e-01 2.072745561599731445e-01 6.889899850648362190e-06 6.618982297368347645e-06 nan 2.087160795927047729e-01 1.575188664364999113e+03
7.364834845066070557e-02 4.978628456592559814e-02 2.000299865353250301e-09 1.967701911926269531e-01 1.951876133680343628e-01 5.746770511905197054e-06 5.520802005776204169e-06 nan 1.965284049510955811e-01 1.480695425190875540e+03
7.798060774803161621e-02 5.271489173173904419e-02 1.996302173696350216e-09 1.846583485603332520e-01 1.830567121505737305e-01 4.809950041817501187e-06 4.620820163836469874e-06 nan 1.844136565923690796e-01 1.377970127089216248e+03
8.231285959482192993e-02 5.564349144697189331e-02 1.992528044667567094e-09 1.727752685546875000e-01 1.710655391216278076e-01 4.038345196022419259e-06 3.879559244523989037e-06 nan 1.725140511989593506e-01 1.270937601747642020e+03
8.664511889219284058e-02 5.857209861278533936e-02 1.988954134422163219e-09 1.613876968622207642e-01 1.595357805490493774e-01 3.403510163479950279e-06 3.269688249929458834e-06 nan 1.611047536134719849e-01 1.165195208706762742e+03
9.097737073898315430e-02 6.150070205330848694e-02 1.985560585482697045e-09 1.507754772901535034e-01 1.487979292869567871e-01 2.883316255974932574e-06 2.769950469883042388e-06 nan 1.504733413457870483e-01 1.066023792717113565e+03
9.636187553405761719e-02 6.514062732458114624e-02 1.981568674123380254e-09 1.390448510646820068e-01 1.369906961917877197e-01 2.369494950471562333e-06 2.276333589179557748e-06 nan 1.387310177087783813e-01 9.583258415066483167e+02
1.017463728785514832e-01 6.878054887056350708e-02 1.977801256732118934e-09 1.292551010847091675e-01 1.272452622652053833e-01 1.975455006686388515e-06 1.897786773952248041e-06 nan 1.289480328559875488e-01 8.727422057471331982e+02
1.071308776736259460e-01 7.242047041654586792e-02 1.974234781265857972e-09 1.214559152722358704e-01 1.196067258715629578e-01 1.674445570643001702e-06 1.608611341907817405e-06 nan 1.211734041571617126e-01 8.099155832421984087e+02
1.125153750181198120e-01 7.606039196252822876e-02 1.970849203820953451e-09 1.153123378753662109e-01 1.137026548385620117e-01 1.441532958779134788e-06 1.384854954267211724e-06 nan 1.150664091110229492e-01 7.654305249099892308e+02
1.178998723626136780e-01 7.970031350851058960e-02 1.967627323526894450e-09 1.102615073323249817e-01 1.089156940579414368e-01 1.255725806004193146e-06 1.206352067129046191e-06 nan 1.100558936595916748e-01 7.321381448524533653e+02
1.232843771576881409e-01 8.334024250507354736e-02 1.964554264128985100e-09 1.057448983192443848e-01 1.046335250139236450e-01 1.101694806493469514e-06 1.058376369655888993e-06 nan 1.055751144886016846e-01 7.030397512207028967e+02
1.286688745021820068e-01 8.698015660047531128e-02 1.961617102724775952e-09 1.013287976384162903e-01 1.003835946321487427e-01 9.693648053143988363e-07 9.312489055446349084e-07 nan 1.011843830347061157e-01 6.727326016075656980e+02
1.340533792972564697e-01 9.062008559703826904e-02 1.958804483640675406e-09 9.674606472253799438e-02 9.588287025690078735e-02 8.527215413778321818e-07 8.191920528588525485e-07 nan 9.661418944597244263e-02 6.380055725381773755e+02
1.394378840923309326e-01 9.426000714302062988e-02 1.956106446915437174e-09 9.192755818367004395e-02 9.106965363025665283e-02 7.488308142455935013e-07 7.193866053967212792e-07 nan 9.179648756980895996e-02 5.983477984112952299e+02
1.448223739862442017e-01 9.789992123842239380e-02 1.953514161287429418e-09 8.698481321334838867e-02 8.608058094978332520e-02 6.567431682924507186e-07 6.309203399723628536e-07 nan 8.684667199850082397e-02 5.556842303603118580e+02
1.502068787813186646e-01 1.015398502349853516e-01 1.951019758654691563e-09 8.213056623935699463e-02 8.116173744201660156e-02 5.763004082837142050e-07 5.536409730666491669e-07 nan 8.198255300521850586e-02 5.131567791166656889e+02
1.555913835763931274e-01 1.051797717809677124e-01 1.948616241255242070e-09 7.759959995746612549e-02 7.657968252897262573e-02 5.073604825156508014e-07 4.874120804743142799e-07 nan 7.744377851486206055e-02 4.739361594784429599e+02
1.609758734703063965e-01 1.088196933269500732e-01 1.946297314463125787e-09 7.359205186367034912e-02 7.255677133798599243e-02 4.494405629884568043e-07 4.317696209454879863e-07 nan 7.343386858701705933e-02 4.404744700294694439e+02
1.663603782653808594e-01 1.124596148729324341e-01 1.944057316713681798e-09 7.021349668502807617e-02 6.920724362134933472e-02 4.014816568087553605e-07 3.856964099213655572e-07 nan 7.005976140499114990e-02 4.138940181905315399e+02
1.717448830604553223e-01 1.160995438694953918e-01 1.941891129256332855e-09 6.743577867746353149e-02 6.649796664714813232e-02 3.618248740622220794e-07 3.475987284673465183e-07 nan 6.729250401258468628e-02 3.937117519225444653e+02
1.771293878555297852e-01 1.197394654154777527e-01 1.939794125595426991e-09 6.512352079153060913e-02 6.427861750125885010e-02 3.285481966486258898e-07 3.156301886519941036e-07 nan 6.499443948268890381e-02 3.782779381451200607e+02
1.825138777494430542e-01 1.233793795108795166e-01 1.937762091126241291e-09 6.310006231069564819e-02 6.235315278172492981e-02 2.998895354267006041e-07 2.880981639918900328e-07 nan 6.298594921827316284e-02 3.655483796107045578e+02
1.878983825445175171e-01 1.270193010568618774e-01 1.935791175107242678e-09 6.119388341903686523e-02 6.053199619054794312e-02 2.744464779880217975e-07 2.636553517731954344e-07 nan 6.109276786446571350e-02 3.535790830212561673e+02
1.932828873395919800e-01 1.306592375040054321e-01 1.933877861004656685e-09 5.926414579153060913e-02 5.866196006536483765e-02 2.512159085199527908e-07 2.413381139376724605e-07 nan 5.917214602231979370e-02 3.407968018192669319e+02
1.986673772335052490e-01 1.342991441488265991e-01 1.932018951816384183e-09 5.723003670573234558e-02 5.665787681937217712e-02 2.296275312119178125e-07 2.205985794034859282e-07 nan 5.714262276887893677e-02 3.263435148610030296e+02
2.040518820285797119e-01 1.379390656948089600e-01 1.930211465507478933e-09 5.508946254849433899e-02 5.452114343643188477e-02 2.095161022452884936e-07 2.012779702909028856e-07 nan 5.500263720750808716e-02 3.102926884356273831e+02
2.094363868236541748e-01 1.415790021419525146e-01 1.928452677645768952e-09 5.290225893259048462e-02 5.232077836990356445e-02 1.909641156316865818e-07 1.834555263258152991e-07 nan 5.281342193484306335e-02 2.934259548246267286e+02
2.148208767175674438e-01 1.452189087867736816e-01 1.926740094380007882e-09 5.075462162494659424e-02 5.015465244650840759e-02 1.741186963499785634e-07 1.672725602475111373e-07 nan 5.066296085715293884e-02 2.767832436072961286e+02
2.202053815126419067e-01 1.488588303327560425e-01 1.925071368159055733e-09 4.873271286487579346e-02 4.811971634626388550e-02 1.590866673950586119e-07 1.528316317944700131e-07 nan 4.863905906677246094e-02 2.613393999495223170e+02
2.255898863077163696e-01 1.524987667798995972e-01 1.923444343781293656e-09 4.690425097942352295e-02 4.629106819629669189e-02 1.458838454482247471e-07 1.401479607920919079e-07 nan 4.681056737899780273e-02 2.478064778121397467e+02
2.309743911027908325e-01 1.561386883258819580e-01 1.921857033120720865e-09 4.530060663819313049e-02 4.470278695225715637e-02 1.344008921932982048e-07 1.291165006023220485e-07 nan 4.520926997065544128e-02 2.364732077744205583e+02
2.363588809967041016e-01 1.597786098718643188e-01 1.920307567935778733e-09 4.391035437583923340e-02 4.334158450365066528e-02 1.244132192823599325e-07 1.195214878180195228e-07 nan 4.382346197962760925e-02 2.271776369940542111e+02
2.417433857917785645e-01 1.634185314178466797e-01 1.918794213956308179e-09 4.269087687134742737e-02 4.215960949659347534e-02 1.156393452106385666e-07 1.110925680336549703e-07 nan 4.260971024632453918e-02 2.194532979620882713e+02
2.471278905868530273e-01 1.670584529638290405e-01 1.917315352832477265e-09 4.158407077193260193e-02 4.109206423163414001e-02 1.077970495089175529e-07 1.035585768249802641e-07 nan 4.150890558958053589e-02 2.126955044456563257e+02
2.525123953819274902e-01 1.706983745098114014e-01 1.915869472055197894e-09 4.052716121077537537e-02 4.006993770599365234e-02 1.006336347586511692e-07 9.667679279345975374e-08 nan 4.045730829238891602e-02 2.062671116046002453e+02
2.578969001770019531e-01 1.743383109569549561e-01 1.914455150219987163e-09 3.946611285209655762e-02 3.903487697243690491e-02 9.395492384101089556e-08 9.026066294381962507e-08 nan 3.940023109316825867e-02 1.996314630373174452e+02
2.632813751697540283e-01 1.779782027006149292e-01 1.913071083197014340e-09 3.837254270911216736e-02 3.795692697167396545e-02 8.765449877046194160e-08 8.420796859809343005e-08 nan 3.830904886126518250e-02 1.925224538461542920e+02
2.686658799648284912e-01 1.816181391477584839e-01 1.911715991580206360e-09 3.724924847483634949e-02 3.683995828032493591e-02 8.170997034540050663e-08 7.849718741681499523e-08 nan 3.718671947717666626e-02 1.849949604201908073e+02
2.740503847599029541e-01 1.852580606937408447e-01 1.910388727493893778e-09 3.611854091286659241e-02 3.570935502648353577e-02 7.614258379362581763e-08 7.314871908192799310e-08 nan 3.605602681636810303e-02 1.772970621212793390e+02
2.794348895549774170e-01 1.888979822397232056e-01 1.909088184011114833e-09 3.500807285308837891e-02 3.459671512246131897e-02 7.097987264614857850e-08 6.818901709948477219e-08 nan 3.494522720575332642e-02 1.697195954978454040e+02
2.848193943500518799e-01 1.925379037857055664e-01 1.907813323590368924e-09 3.394557535648345947e-02 3.353351727128028870e-02 6.624372872465755790e-08 6.363911353446383146e-08 nan 3.388262167572975159e-02 1.625401736327435742e+02
2.902038991451263428e-01 1.961778402328491211e-01 1.906563162582237113e-09 3.295629471540451050e-02 3.254764527082443237e-02 6.194614599053238635e-08 5.951050852104344813e-08 nan 3.289386257529258728e-02 1.559984231165629183e+02
2.955884039402008057e-01 1.998177617788314819e-01 1.905336787226579552e-09 3.205525875091552734e-02 3.165520355105400085e-02 5.807661196399749315e-08 5.579312301051686518e-08 nan 3.199413418769836426e-02 1.502265389849252131e+02
3.009728789329528809e-01 2.034576684236526489e-01 1.904133323856378078e-09 3.124029189348220825e-02 3.085355833172798157e-02 5.459393648266086529e-08 5.244737621978856623e-08 nan 3.118120692670345306e-02 1.451923871723320190e+02
3.063573837280273438e-01 2.070975899696350098e-01 1.902951936232507350e-09 3.049492090940475464e-02 3.012456931173801422e-02 5.143652259675945970e-08 4.941410480796548654e-08 nan 3.043833561241626740e-02 1.407343659186332729e+02
3.117418885231018066e-01 2.107375115156173706e-01 1.901791846628511990e-09 2.979769557714462280e-02 2.944455109536647797e-02 4.854159740830255032e-08 4.663299435492263001e-08 nan 2.974374219775199890e-02 1.366508935279520074e+02
3.171263933181762695e-01 2.143774479627609253e-01 1.900652308391623192e-09 2.912852913141250610e-02 2.879125624895095825e-02 4.585585955396709323e-08 4.405284670383480261e-08 nan 2.907700091600418091e-02 1.327581470424296128e+02
3.225108981132507324e-01 2.180173695087432861e-01 1.899532626729035332e-09 2.847031131386756897e-02 2.814601361751556396e-02 4.333689673785556806e-08 4.163292288694719900e-08 nan 2.842076495289802551e-02 1.289034488939736605e+02
3.278954029083251953e-01 2.216572910547256470e-01 1.898432128189829179e-09 2.781102806329727173e-02 2.749612182378768921e-02 4.095486261235237180e-08 3.934454539944454154e-08 nan 2.776291593909263611e-02 1.249837208005023683e+02
3.332799077033996582e-01 2.252972126007080078e-01 1.897350177081271127e-09 2.714738436043262482e-02 2.683851681649684906e-02 3.869589093596914608e-08 3.717440222317236476e-08 nan 2.710019610822200775e-02 1.209766534259673278e+02
3.386643826961517334e-01 2.289371192455291748e-01 1.896286172945125672e-09 2.648542635142803192e-02 2.618017420172691345e-02 3.656052527389874740e-08 3.512299784347305831e-08 nan 2.643878944218158722e-02 1.169435589163898186e+02
3.440488874912261963e-01 2.325770407915115356e-01 1.895239531240720810e-09 2.583612315356731415e-02 2.553336508572101593e-02 3.455555130926768470e-08 3.319686214808825753e-08 nan 2.578986994922161102e-02 1.129868533740314689e+02
3.494333922863006592e-01 2.362169772386550903e-01 1.894209703480833635e-09 2.520992048084735870e-02 2.490982227027416229e-02 3.268588955052109668e-08 3.140071669349708827e-08 nan 2.516407333314418793e-02 1.092004299911980212e+02
3.548178970813751221e-01 2.398568987846374512e-01 1.893196174858241155e-09 2.461429312825202942e-02 2.431800216436386108e-02 3.095170697520188696e-08 2.973472135181509657e-08 nan 2.456902898848056793e-02 1.056488685981196056e+02
3.602024018764495850e-01 2.434968203306198120e-01 1.892198441798694543e-09 2.405365929007530212e-02 2.376279607415199280e-02 2.934893217343415017e-08 2.819496813799560186e-08 nan 2.400922030210494995e-02 1.023680930374808327e+02
3.655869066715240479e-01 2.471367418766021729e-01 1.891216027459402332e-09 2.352879010140895844e-02 2.324492484331130981e-02 2.786921626807270513e-08 2.677343324819503323e-08 nan 2.348542213439941406e-02 9.936191692958821875e+01
3.709714114665985107e-01 2.507766783237457275e-01 1.890248472221847833e-09 2.303595282137393951e-02 2.276018634438514709e-02 2.649954389255526621e-08 2.545761113026401290e-08 nan 2.299382165074348450e-02 9.659634363735726481e+01
3.763558864593505859e-01 2.544165849685668945e-01 1.889295352117686434e-09 2.256789058446884155e-02 2.230061963200569153e-02 2.522410369465433178e-08 2.423231926229618693e-08 nan 2.252705954015254974e-02 9.400901452096793776e+01
3.817403912544250488e-01 2.580564916133880615e-01 1.888356242191734645e-09 2.211676537990570068e-02 2.185763791203498840e-02 2.402794230249583052e-08 2.308318514110396791e-08 nan 2.207717485725879669e-02 9.153437275624538927e+01
3.871248960494995117e-01 2.616964280605316162e-01 1.887430735669950155e-09 2.167639508843421936e-02 2.142449468374252319e-02 2.289933398458288138e-08 2.199895376975291583e-08 nan 2.163791283965110779e-02 8.912206940332879412e+01
3.925094008445739746e-01 2.653363645076751709e-01 1.886518457772270655e-09 2.124265953898429871e-02 2.099676243960857391e-02 2.182980729514838458e-08 2.097147877577754116e-08 nan 2.120509184896945953e-02 8.673968744400323772e+01
3.978939056396484375e-01 2.689762711524963379e-01 1.885619049100158659e-09 2.081342972815036774e-02 2.057231590151786804e-02 2.081371519579988671e-08 1.999533694174715492e-08 nan 2.077659405767917633e-02 8.437185006216044769e+01
4.032784104347229004e-01 2.726162075996398926e-01 1.884732143174389957e-09 2.038922160863876343e-02 2.015191875398159027e-02 1.984848196912025742e-08 1.906805913165499078e-08 nan 2.035296708345413208e-02 8.202473758536783066e+01
4.086629152297973633e-01 2.762561440467834473e-01 1.883857409814700777e-09 1.997311413288116455e-02 1.973905786871910095e-02 1.893416978759887570e-08 1.818969685984939133e-08 nan 1.993735320866107941e-02 7.972486276766248636e+01
4.140473902225494385e-01 2.798960208892822266e-01 1.882994538868699288e-09 1.956893317401409149e-02 1.933799125254154205e-02 1.807140925791372865e-08 1.736085941672627087e-08 nan 1.953364908695220947e-02 7.750368704244145590e+01
4.194318950176239014e-01 2.835359573364257812e-01 1.882143190604211824e-09 1.917928084731101990e-02 1.895168423652648926e-02 1.725956266795947158e-08 1.658093573553287570e-08 nan 1.914450898766517639e-02 7.538200726377681349e+01
4.248163998126983643e-01 2.871758937835693359e-01 1.881303079826970542e-09 1.880536973476409912e-02 1.858155801892280579e-02 1.649670977599271282e-08 1.584807485244255076e-08 nan 1.877117715775966644e-02 7.336903052409124371e+01
4.302009046077728271e-01 2.908158004283905029e-01 1.880473925305205483e-09 1.844768598675727844e-02 1.822814159095287323e-02 1.578037611693616782e-08 1.515990888378837553e-08 nan 1.841414533555507660e-02 7.146796857081857013e+01
4.355854094028472900e-01 2.944557368755340576e-01 1.879655436356054805e-09 1.810576207935810089e-02 1.789084635674953461e-02 1.510742286825461633e-08 1.451341713476494988e-08 nan 1.807292737066745758e-02 6.967454345211061195e+01
4.409699141979217529e-01 2.980956733226776123e-01 1.878847353036435648e-09 1.777752675116062164e-02 1.756740547716617584e-02 1.447362496520554487e-08 1.390453707728056543e-08 nan 1.774542406201362610e-02 6.797232062934213559e+01
4.463544189929962158e-01 3.017355799674987793e-01 1.878049424887222573e-09 1.745992898941040039e-02 1.725451275706291199e-02 1.387428305577032006e-08 1.332876031767682434e-08 nan 1.742854528129100800e-02 6.633776419689674242e+01
4.517388939857482910e-01 3.053754866123199463e-01 1.877261397654174740e-09 1.715043000876903534e-02 1.694943755865097046e-02 1.330549359579435986e-08 1.278233430213049360e-08 nan 1.711972057819366455e-02 6.475170325646459446e+01
4.571233987808227539e-01 3.090154230594635010e-01 1.876483026309890802e-09 1.684762723743915558e-02 1.665064133703708649e-02 1.276452721299392579e-08 1.226263712794661842e-08 nan 1.681753061711788177e-02 6.320399529434592267e+01
4.625079035758972168e-01 3.126553297042846680e-01 1.875714093387305177e-09 1.655071973800659180e-02 1.635728962719440460e-02 1.224931445165111654e-08 1.176768371635716903e-08 nan 1.652116514742374420e-02 6.168911848050186819e+01
4.678924083709716797e-01 3.162952661514282227e-01 1.874954364165268396e-09 1.625919155776500702e-02 1.606892235577106476e-02 1.175815178555694729e-08 1.129583271364253960e-08 nan 1.623012125492095947e-02 6.020375595132836111e+01
4.732769131660461426e-01 3.199352025985717773e-01 1.874203630559428286e-09 1.597327366471290588e-02 1.578588411211967468e-02 1.128998494692723398e-08 1.084607426093953109e-08 nan 1.594464480876922607e-02 5.875014855211850318e+01
4.786614179611206055e-01 3.235751092433929443e-01 1.873461691551420399e-09 1.569409668445587158e-02 1.550944708287715912e-02 1.084444001264728286e-08 1.041804686963132554e-08 nan 1.566588506102561951e-02 5.733698331494736777e+01
4.840458929538726807e-01 3.272150158882141113e-01 1.872728340933758753e-09 1.542291790246963501e-02 1.524100080132484436e-02 1.042123010108753078e-08 1.001147786894307501e-08 nan 1.539512537419795990e-02 5.597362301710782617e+01
4.894303977489471436e-01 3.308549523353576660e-01 1.872003379495005729e-09 1.516028959304094315e-02 1.498117949813604355e-02 1.001958604973651745e-08 9.625626518072749604e-09 nan 1.513292454183101654e-02 5.466401609397218664e+01
4.948149025440216064e-01 3.344948589801788330e-01 1.871286632213937058e-09 1.490605156868696213e-02 1.472986303269863129e-02 9.638309705906067393e-09 9.259340849609998259e-09 nan 1.487913355231285095e-02 5.340688949809322139e+01
5.001994371414184570e-01 3.381348252296447754e-01 1.870577900826693527e-09 1.465987693518400192e-02 1.448670681565999985e-02 9.276161172522279230e-09 8.911433369007681904e-09 nan 1.463341992348432541e-02 5.219977517887804197e+01
5.055838823318481445e-01 3.417747020721435547e-01 1.869877039368293133e-09 1.442142296582460403e-02 1.425131596624851227e-02 8.931968054071148799e-09 8.580772536959102581e-09 nan 1.439543347805738449e-02 5.104009348025649473e+01
5.109683871269226074e-01 3.454146385192871094e-01 1.869183849789121820e-09 1.419002003967761993e-02 1.402294822037220001e-02 8.604428280989395716e-09 8.266111350963001314e-09 nan 1.416449621319770813e-02 4.992304505565167716e+01
5.163528919219970703e-01 3.490545451641082764e-01 1.868498185335105332e-09 1.396458968520164490e-02 1.380045339465141296e-02 8.292079023419773876e-09 7.966043824580992805e-09 nan 1.393951289355754852e-02 4.884100847896748121e+01
5.217373967170715332e-01 3.526944816112518311e-01 1.867819876059786520e-09 1.374413911253213882e-02 1.358279120177030563e-02 7.993613770906904392e-09 7.679312297170781676e-09 nan 1.371948886662721634e-02 4.778713574362925698e+01
5.271219015121459961e-01 3.563344180583953857e-01 1.867148773833358248e-09 1.352824643254280090e-02 1.336951553821563721e-02 7.708136351425309840e-09 7.405058788378937606e-09 nan 1.350399572402238846e-02 4.675865375659639511e+01
5.325064063072204590e-01 3.599743247032165527e-01 1.866484735032350672e-09 1.331690698862075806e-02 1.316062547266483307e-02 7.435043247738803984e-09 7.142704649965025965e-09 nan 1.329303067177534103e-02 4.575567769328422685e+01
5.378909111022949219e-01 3.636142611503601074e-01 1.865827604301946768e-09 1.311009470373392105e-02 1.295612659305334091e-02 7.173755811606952193e-09 6.891690773613845522e-09 nan 1.308657228946685791e-02 4.477817108932149637e+01
5.432754158973693848e-01 3.672541677951812744e-01 1.865177252290424566e-09 1.290773041546344757e-02 1.275598071515560150e-02 6.923697615235369085e-09 6.651464268259132950e-09 nan 1.288454700261354446e-02 4.382570638104009930e+01
5.486599206924438477e-01 3.708941042423248291e-01 1.864533532427482462e-09 1.270998455584049225e-02 1.256040297448635101e-02 6.684455211569684252e-09 6.421629006325701994e-09 nan 1.268713176250457764e-02 4.289952211982408414e+01
5.540444254875183105e-01 3.745340406894683838e-01 1.863896318172137942e-09 1.251723710447549820e-02 1.236980687826871872e-02 6.455740830801914854e-09 6.201907432057396363e-09 nan 1.249471399933099747e-02 4.200222642515227278e+01
5.594289302825927734e-01 3.781739473342895508e-01 1.863265486641235488e-09 1.232964824885129929e-02 1.218437124043703079e-02 6.237166783051861785e-09 5.991927398696361706e-09 nan 1.230745296925306320e-02 4.113485671534695598e+01
5.648134350776672363e-01 3.818138837814331055e-01 1.862640903204479876e-09 1.214696001261472702e-02 1.200384367257356644e-02 6.028151311454621464e-09 5.791130242016606644e-09 nan 1.212509628385305405e-02 4.029566810578123182e+01
5.701979398727416992e-01 3.854538202285766602e-01 1.862022452330667509e-09 1.196881663054227829e-02 1.182785723358392715e-02 5.828098004201365256e-09 5.598943086937424596e-09 nan 1.194728258997201920e-02 3.948226062990065799e+01
5.755824446678161621e-01 3.890937268733978271e-01 1.861410021730888845e-09 1.179504301398992538e-02 1.165621727705001831e-02 5.636530797659133896e-09 5.414907633394250297e-09 nan 1.177383307367563248e-02 3.869346350488007147e+01
5.809668898582458496e-01 3.927336037158966064e-01 1.860803497296447543e-09 1.162547804415225983e-02 1.148874126374721527e-02 5.453006046707287169e-09 5.238599332102467088e-09 nan 1.160458754748106003e-02 3.792822517494992240e+01
5.863513946533203125e-01 3.963735401630401611e-01 1.860202753428811389e-09 1.145975384861230850e-02 1.132504455745220184e-02 5.277008163773189153e-09 5.069521691325462598e-09 nan 1.143917348235845566e-02 3.718414412360222343e+01
5.917358994483947754e-01 4.000134766101837158e-01 1.859607692406273365e-09 1.129744108766317368e-02 1.116468664258718491e-02 5.108024225819463027e-09 4.907181772040303258e-09 nan 1.127715874463319778e-02 3.645846476866919517e+01
5.971204042434692383e-01 4.036533832550048828e-01 1.859018214291441706e-09 1.113836932927370071e-02 1.100749243050813675e-02 4.945686526980352937e-09 4.751226967414368119e-09 nan 1.111837383359670639e-02 3.575014285726502550e+01
6.025049090385437012e-01 4.072933197021484375e-01 1.858434207544148841e-09 1.098260749131441116e-02 1.085354108363389969e-02 4.789751262279651201e-09 4.601422354255646496e-09 nan 1.096288859844207764e-02 3.505965725388855958e+01
6.078894138336181641e-01 4.109332561492919922e-01 1.857855577876460681e-09 1.083016581833362579e-02 1.070285122841596603e-02 4.639960859975644780e-09 4.457521907141881456e-09 nan 1.081071514636278152e-02 3.438711235799515009e+01
6.132739186286926270e-01 4.145731627941131592e-01 1.857282233477322155e-09 1.068091206252574921e-02 1.055530551820993423e-02 4.496011563048796233e-09 4.319232971283781808e-09 nan 1.066172216087579727e-02 3.373168437380306983e+01
6.186584234237670898e-01 4.182130992412567139e-01 1.856714071034082293e-09 1.053478382527828217e-02 1.041085273027420044e-02 4.357641802954503873e-09 4.186303748099362565e-09 nan 1.051584910601377487e-02 3.309300146492218175e+01
6.240429282188415527e-01 4.218530058860778809e-01 1.856151008397507339e-09 1.039187982678413391e-02 1.026960369199514389e-02 4.224670391295148875e-09 4.058560598707572353e-09 nan 1.037319935858249664e-02 3.247169821870335937e+01
6.294274330139160156e-01 4.254929423332214355e-01 1.855592947277603754e-09 1.025225780904293060e-02 1.013161800801753998e-02 4.096904149264446460e-09 3.935817893818693847e-09 nan 1.023382600396871567e-02 3.186811345939053197e+01
6.556535363197326660e-01 4.432217776775360107e-01 1.852943630635520644e-09 9.613862261176109314e-03 9.500839747488498688e-03 3.540604698315519272e-09 3.401391390767116718e-09 nan 9.596594609320163727e-03 2.914884676935112040e+01
8.039034605026245117e-01 5.434387326240539551e-01 1.839770603253567837e-09 6.948630791157484055e-03 6.866959854960441589e-03 1.702237129030947926e-09 1.635306778879908052e-09 nan 6.936152931302785873e-03 1.853766483645697249e+01
9.932619333267211914e-01 6.714450716972351074e-01 1.826201010048688587e-09 4.934931639581918716e-03 4.876946099102497101e-03 7.919220279539729290e-10 7.607844354495796324e-10 nan 4.926072433590888977e-03 1.146736534760713866e+01
1.227223634719848633e+00 8.296031951904296875e-01 1.812731498599941669e-09 3.487627720460295677e-03 3.446658607572317123e-03 3.666163483906359488e-10 3.522013236612053788e-10 nan 3.481368534266948700e-03 7.024354247605948842e+00
1.516294717788696289e+00 1.025015234947204590e+00 1.799361337301671755e-09 2.453866647556424141e-03 2.425047336146235466e-03 1.689713646779722467e-10 1.623275680540103849e-10 nan 2.449463820084929466e-03 4.264743055351646994e+00
1.873456120491027832e+00 1.266456365585327148e+00 1.786089789356977996e-09 1.719557913020253181e-03 1.699366490356624126e-03 7.756385117518860284e-11 7.451411709880062517e-11 nan 1.716473023407161236e-03 2.568439844564276431e+00
2.314746379852294922e+00 1.564768552780151367e+00 1.772916133006574509e-09 1.200573053210973740e-03 1.186477835290133953e-03 3.547411323023830221e-11 3.407930188048524656e-11 nan 1.198419602587819099e-03 1.535528128829390937e+00
2.859982252120971680e+00 1.933347940444946289e+00 1.759839636962373426e-09 8.354246965609490871e-04 8.256179862655699253e-04 1.617002885756502195e-11 1.553423535638476238e-11 nan 8.339264313690364361e-04 9.118848873757610107e-01
3.533647537231445312e+00 2.388745784759521484e+00 1.746859588797865175e-09 5.795591278001666069e-04 5.727568641304969788e-04 7.348213183766549861e-12 7.059287182586970744e-12 nan 5.785198882222175598e-04 5.382272690070867283e-01
4.365993976593017578e+00 2.951411962509155273e+00 1.733975279535418463e-09 4.009326803497970104e-04 3.962275804951786995e-04 3.329937887930345397e-12 3.199006597814912922e-12 nan 4.002138448413461447e-04 3.159060407950383120e-01
5.394398689270019531e+00 3.646613597869873047e+00 1.721185999058096773e-09 2.766491961665451527e-04 2.734030713327229023e-04 1.505133366032362918e-12 1.445951756766372664e-12 nan 2.761532668955624104e-04 1.844669622257441022e-01
6.665042877197265625e+00 4.505568981170654297e+00 1.708491050912268841e-09 1.904399832710623741e-04 1.882057549664750695e-04 6.787109394466861456e-13 6.520240077023675696e-13 nan 1.900986244436353445e-04 1.072064375056021451e-01
8.234986305236816406e+00 5.566850662231445312e+00 1.695889732548296616e-09 1.308096398133784533e-04 1.292753004236146808e-04 3.053853556752444964e-13 2.933774100391528528e-13 nan 1.305752375628799200e-04 6.203387444733652473e-02
1.017472743988037109e+01 6.878115653991699219e+00 1.683381361073609185e-09 8.966936002252623439e-05 8.861786045599728823e-05 1.371307987952860574e-13 1.317386006055923375e-13 nan 8.950872143032029271e-05 3.575052471057819925e-02
1.257137203216552734e+01 8.498247146606445312e+00 1.670965250288532184e-09 6.135281000752002001e-05 6.063359978725202382e-05 6.146231662724002676e-14 5.904543347312607438e-14 nan 6.124292849563062191e-05 2.052617159212098349e-02
1.553254413604736328e+01 1.050000000000000000e+01 1.658640709094829109e-09 4.190516483504325151e-05 4.141417957725934684e-05 2.749966324534086626e-14 2.641824272905414495e-14 nan 4.183015335001982749e-05 1.174408040831951411e-02
