# k/h [h/Mpc]            k [1/Mpc]              Primoridal             T_cdm(k)                 T_bar(k)                 T_phot(k)                T_massless neutrions(k)  T_massive neutrinos(k)   T_total(k)               Linear Pk [(Mpc/h)^3]  
1.049045658874092624e-05 7.091548468451946974e-06 2.727206404909961128e-09 1.000000000000000000e+00 1.000000000000000000e+00 1.000000000000000000e+00 1.000000000000000000e+00 nan 1.000000000000000000e+00 3.313067136368566423e+01
1.158353370556142181e-05 7.830468348402064294e-06 2.717761705682844603e-09 9.999997019767761230e-01 9.999997615814208984e-01 9.999058842658996582e-01 9.999035596847534180e-01 nan 9.999997019767761230e-01 3.645608425868283575e+01
1.279050593439023942e-05 8.646382411825470626e-06 2.708349706436794825e-09 9.999993443489074707e-01 9.999994039535522461e-01 9.997910261154174805e-01 9.997858405113220215e-01 nan 9.999993443489074707e-01 4.011527113893174601e+01
1.412324218108551577e-05 9.547311492497101426e-06 2.698970312856197758e-09 9.999989271163940430e-01 9.999989867210388184e-01 9.996510148048400879e-01 9.996424913406372070e-01 nan 9.999989271163940430e-01 4.414173688392538253e+01
1.559484553581569344e-05 1.054211588780162856e-05 2.689623392481895528e-09 9.999984502792358398e-01 9.999983906745910645e-01 9.994803667068481445e-01 9.994675517082214355e-01 nan 9.999984502792358398e-01 4.857234157465351387e+01
1.721978514979127795e-05 1.164057448477251455e-05 2.680308856040028027e-09 9.999977946281433105e-01 9.999977946281433105e-01 9.992722868919372559e-01 9.992544651031494141e-01 nan 9.999977946281433105e-01 5.344763440098973462e+01
1.901403993542771786e-05 1.285349117097212002e-05 2.671026563908324178e-09 9.999970197677612305e-01 9.999970197677612305e-01 9.990187287330627441e-01 9.989946484565734863e-01 nan 9.999970197677612305e-01 5.881225795088299435e+01
2.099525045196060091e-05 1.419278942194068804e-05 2.661776424936157355e-09 9.999960660934448242e-01 9.999960660934448242e-01 9.987095594406127930e-01 9.986778497695922852e-01 nan 9.999960660934448242e-01 6.471531186057792695e+01
2.318289807590190321e-05 1.567163963045459241e-05 2.652558315858844083e-09 9.999949336051940918e-01 9.999948740005493164e-01 9.983328580856323242e-01 9.982919096946716309e-01 nan 9.999949336051940918e-01 7.121083785040040937e+01
2.559849235694855452e-05 1.730458097881637514e-05 2.643372135990062650e-09 9.999935626983642578e-01 9.999934434890747070e-01 9.978736042976379395e-01 9.978213906288146973e-01 nan 9.999935030937194824e-01 7.835828667963119187e+01
2.826578383974265307e-05 1.910767059598583728e-05 2.634217767634683471e-09 9.999918341636657715e-01 9.999917149543762207e-01 9.973140358924865723e-01 9.972480535507202148e-01 nan 9.999918341636657715e-01 8.622306167091373652e+01
3.121100235148333013e-05 2.109863817167934030e-05 2.625095097817206075e-09 9.999897480010986328e-01 9.999896287918090820e-01 9.966319799423217773e-01 9.965494871139526367e-01 nan 9.999897480010986328e-01 9.487715940694553751e+01
3.446310074650682509e-05 2.329705603187903762e-05 2.616004033478672110e-09 9.999873042106628418e-01 9.999870657920837402e-01 9.958012104034423828e-01 9.956982135772705078e-01 nan 9.999871850013732910e-01 1.043997714292554235e+02
3.805406231549568474e-05 2.572454650362487882e-05 2.606944439452153756e-09 9.999841451644897461e-01 9.999839067459106445e-01 9.947890639305114746e-01 9.946613311767578125e-01 nan 9.999841451644897461e-01 1.148779932033198747e+02
4.201919000479392707e-05 2.840497290890198201e-05 2.597916226597658093e-09 9.999804496765136719e-01 9.999800920486450195e-01 9.935563206672668457e-01 9.933984875679016113e-01 nan 9.999803900718688965e-01 1.264077329714269524e+02
4.639747567125596106e-05 3.136469240416772664e-05 2.588919279439887767e-09 9.999759197235107422e-01 9.999753832817077637e-01 9.920552372932434082e-01 9.918605685234069824e-01 nan 9.999758005142211914e-01 1.390944312070488706e+02
5.123196388012729585e-05 3.463280881987884641e-05 2.579953483847589841e-09 9.999703168869018555e-01 9.999697208404541016e-01 9.902279973030090332e-01 9.899886250495910645e-01 nan 9.999702572822570801e-01 1.530540799884346370e+02
5.657019573845900595e-05 3.824145096587017179e-05 2.571018745591721348e-09 9.999634623527526855e-01 9.999627470970153809e-01 9.880042076110839844e-01 9.877106547355651855e-01 nan 9.999633431434631348e-01 1.684143296707171942e+02
6.246465636650100350e-05 4.222610732540488243e-05 2.562114941593048984e-09 9.999551773071289062e-01 9.999542832374572754e-01 9.852992296218872070e-01 9.849398136138916016e-01 nan 9.999549984931945801e-01 1.853155531892462022e+02
6.897329876665025949e-05 4.662595165427774191e-05 2.553241977543412439e-09 9.999450445175170898e-01 9.999439716339111328e-01 9.820106029510498047e-01 9.815713167190551758e-01 nan 9.999448657035827637e-01 2.039121299177270430e+02
7.616012590005993843e-05 5.148424679646268487e-05 2.544399743325443185e-09 9.999328255653381348e-01 9.999314546585083008e-01 9.780148863792419434e-01 9.774786233901977539e-01 nan 9.999325275421142578e-01 2.243739713327299228e+02
8.409580186707898974e-05 5.684876305167563260e-05 2.535588130685252624e-09 9.999178051948547363e-01 9.999161958694458008e-01 9.731634855270385742e-01 9.725099802017211914e-01 nan 9.999175071716308594e-01 2.468876868287416073e+02
9.285835403716191649e-05 6.277224747464060783e-05 2.526807033334104165e-09 9.998995065689086914e-01 9.998975396156311035e-01 9.672791361808776855e-01 9.664837121963500977e-01 nan 9.998991489410400391e-01 2.716586967512296837e+02
1.025339443003758788e-04 6.931294774403795600e-05 2.518056339675267213e-09 9.998772144317626953e-01 9.998748898506164551e-01 9.601496458053588867e-01 9.591830968856811523e-01 nan 9.998768568038940430e-01 2.989126421631902417e+02
1.132176985265687108e-04 7.653516513528302312e-05 2.509335958204897443e-09 9.998501539230346680e-01 9.998471736907958984e-01 9.515235424041748047e-01 9.503512382507324219e-01 nan 9.998496770858764648e-01 3.288976558381995119e+02
1.250146742677316070e-04 8.450992027064785361e-05 2.500645773867358897e-09 9.998171329498291016e-01 9.998135566711425781e-01 9.411044716835021973e-01 9.396851062774658203e-01 nan 9.998165369033813477e-01 3.618863040502941999e+02
1.380408502882346511e-04 9.331561159342527390e-05 2.491985695624705562e-09 9.997769594192504883e-01 9.997724890708923340e-01 9.285459518432617188e-01 9.268310666084289551e-01 nan 9.997762441635131836e-01 3.981780129277014453e+02
1.524243270978331566e-04 1.030388448270969093e-04 2.483355596498544299e-09 9.997280836105346680e-01 9.997227191925048828e-01 9.134467244148254395e-01 9.113802909851074219e-01 nan 9.997272491455078125e-01 4.381015586942151003e+02
1.683065347606316209e-04 1.137752187787555158e-04 2.474755379885282393e-09 9.996685981750488281e-01 9.996621608734130859e-01 8.953491449356079102e-01 8.928663730621337891e-01 nan 9.996675848960876465e-01 4.820178934972271350e+02
1.858436153270304203e-04 1.256302784895524383e-04 2.466184957973141175e-09 9.995962381362915039e-01 9.995883107185363770e-01 8.737399578094482422e-01 8.707678914070129395e-01 nan 9.995949864387512207e-01 5.303228706685625866e+02
2.052080089924857020e-04 1.387206139042973518e-04 2.457644209414643305e-09 9.995083808898925781e-01 9.994988441467285156e-01 8.480578660964965820e-01 8.445154428482055664e-01 nan 9.995068907737731934e-01 5.834505302437593173e+02
2.265901130158454180e-04 1.531749148853123188e-04 2.449133045395065615e-09 9.994016885757446289e-01 9.993900656700134277e-01 8.177089691162109375e-01 8.135088682174682617e-01 nan 9.993999600410461426e-01 6.418762948042465268e+02
2.502001880202442408e-04 1.691353245405480266e-04 2.440651351248999153e-09 9.992723464965820312e-01 9.992582798004150391e-01 7.820962071418762207e-01 7.771483063697814941e-01 nan 9.992701411247253418e-01 7.061207163295454166e+02
2.762703516054898500e-04 1.867587561719119549e-04 2.432199034655000626e-09 9.991155266761779785e-01 9.990985393524169922e-01 7.406662702560424805e-01 7.348831295967102051e-01 nan 9.991129636764526367e-01 7.767524134420415294e+02
3.050569503102451563e-04 2.062184939859434962e-04 2.423775992290330563e-09 9.989258050918579102e-01 9.989053606986999512e-01 6.929806470870971680e-01 6.862859725952148438e-01 nan 9.989226460456848145e-01 8.543930047602174227e+02
3.368430479895323515e-04 2.277058956678956747e-04 2.415382114947829304e-09 9.986964464187622070e-01 9.986718893051147461e-01 6.388143301010131836e-01 6.311560869216918945e-01 nan 9.986927509307861328e-01 9.397195456445933814e+02
3.719411906786262989e-04 2.514322404749691486e-04 2.407017301830847028e-09 9.984198808670043945e-01 9.983904957771301270e-01 5.782873630523681641e-01 5.696541070938110352e-01 nan 9.984153509140014648e-01 1.033469802422290513e+03
4.106964333914220333e-04 2.776307810563594103e-04 2.398681465071051552e-09 9.980869293212890625e-01 9.980518817901611328e-01 5.120220780372619629e-01 5.024647712707519531e-01 nan 9.980815649032592773e-01 1.136444109618402081e+03
4.534898616839200258e-04 3.065591445192694664e-04 2.390374494355455649e-09 9.976872205734252930e-01 9.976456761360168457e-01 4.413123428821563721e-01 4.309686720371246338e-01 nan 9.976807832717895508e-01 1.249511197435007716e+03
5.007422878406941891e-04 3.385017917025834322e-04 2.382096284987275655e-09 9.972085952758789062e-01 9.971596598625183105e-01 3.682670593261718750e-01 3.573848903179168701e-01 nan 9.972011446952819824e-01 1.373609911582239192e+03
5.529182380996644497e-04 3.737727238330990076e-04 2.373846756225058361e-09 9.966374039649963379e-01 9.965801239013671875e-01 2.958650290966033936e-01 2.848185896873474121e-01 nan 9.966285824775695801e-01 1.509752551260032078e+03
6.105307838879525661e-04 4.127188003621995449e-04 2.365625794166928840e-09 9.959582686424255371e-01 9.958916306495666504e-01 2.278271764516830444e-01 2.171143442392349243e-01 nan 9.959480166435241699e-01 1.659027958612600287e+03
6.741464603692293167e-04 4.557229985948652029e-04 2.357433293568910220e-09 9.951537847518920898e-01 9.950771927833557129e-01 1.681987196207046509e-01 1.584061980247497559e-01 nan 9.951420426368713379e-01 1.822602170049951837e+03
7.443906506523489952e-04 5.032080807723104954e-04 2.349269171114912410e-09 9.942051768302917480e-01 9.941180944442749023e-01 1.205668300390243530e-01 1.122902631759643555e-01 nan 9.941918253898620605e-01 2.001721062721614544e+03
8.219541050493717194e-04 5.556409596465528011e-04 2.341133324843220307e-09 9.930914640426635742e-01 9.929935336112976074e-01 8.696636557579040527e-02 8.068434894084930420e-02 nan 9.930765032768249512e-01 2.197708272145555839e+03
9.075994603335857391e-04 6.135372095741331577e-04 2.333025652639057309e-09 9.917898178100585938e-01 9.916813373565673828e-01 6.678414344787597656e-02 6.270828098058700562e-02 nan 9.917733073234558105e-01 2.411964262331092414e+03
1.002168864943087101e-03 6.774661596864461899e-04 2.324946049885245546e-09 9.902751445770263672e-01 9.901568293571472168e-01 5.630163475871086121e-02 5.426055565476417542e-02 nan 9.902569651603698730e-01 2.645960487074729826e+03
1.106592128053307533e-03 7.480562780983746052e-04 2.316894434325377400e-09 9.885194897651672363e-01 9.883926510810852051e-01 4.967614635825157166e-02 4.911642894148826599e-02 nan 9.885001182556152344e-01 2.901229819418166244e+03
1.221895916387438774e-03 8.260016329586505890e-04 2.308870708568745277e-09 9.864919781684875488e-01 9.863584041595458984e-01 4.167170822620391846e-02 4.183397814631462097e-02 nan 9.864715337753295898e-01 3.179353305594205722e+03
1.349214115180075169e-03 9.120687609538435936e-04 2.300874762407135126e-09 9.841580986976623535e-01 9.840197563171386719e-01 3.095059841871261597e-02 3.117121383547782898e-02 nan 9.841369390487670898e-01 3.481940865854197000e+03
1.489798538386821747e-03 1.007103826850652695e-03 2.292906509188567727e-09 9.814793467521667480e-01 9.813382625579833984e-01 2.093927562236785889e-02 2.088591642677783966e-02 nan 9.814577102661132812e-01 3.810606018934473468e+03
1.645031501539051533e-03 1.112041296437382698e-03 2.284965850418265676e-09 9.784136414527893066e-01 9.782712459564208984e-01 1.583816297352313995e-02 1.548975147306919098e-02 nan 9.783918857574462891e-01 4.166934974436117045e+03
1.816439209505915642e-03 1.227912958711385727e-03 2.277052691606405739e-09 9.749152660369873047e-01 9.747723937034606934e-01 1.473949290812015533e-02 5.567339248955249786e-03 nan 9.748935103416442871e-01 4.552453585606694105e+03
2.005707239732146263e-03 1.355858054012060165e-03 2.269166941709029953e-09 9.709348678588867188e-01 9.707907438278198242e-01 1.241936068981885910e-02 4.548141267150640488e-03 nan 9.709128737449645996e-01 4.968577025487639730e+03
2.214696491137146950e-03 1.497134799137711525e-03 2.261308494449764354e-09 9.664189219474792480e-01 9.662715792655944824e-01 8.060075342655181885e-03 3.713358193635940552e-03 nan 9.663964509963989258e-01 5.416549750235824831e+03
2.445461694151163101e-03 1.653132145293056965e-03 2.253477264686429142e-09 9.613106846809387207e-01 9.611573219299316406e-01 6.176133174449205399e-03 3.029786283150315285e-03 nan 9.612872600555419922e-01 5.897383926422908189e+03
2.700272016227245331e-03 1.825383864343166351e-03 2.245673160886940457e-09 9.555500745773315430e-01 9.553876519203186035e-01 5.697122309356927872e-03 2.470237668603658676e-03 nan 9.555252194404602051e-01 6.411783147537388686e+03
2.981632947921752930e-03 2.015583915635943413e-03 2.237896076485985185e-09 9.490742683410644531e-01 9.489005208015441895e-01 3.831178648397326469e-03 2.012422308325767517e-03 nan 9.490476846694946289e-01 6.960048814040898833e+03
3.292310982942581177e-03 2.225602278485894203e-03 2.230145925871712440e-09 9.418175816535949707e-01 9.416312575340270996e-01 3.554072231054306030e-03 1.637995708733797073e-03 nan 9.417890906333923340e-01 7.541983066370942652e+03
3.635360859334468842e-03 2.457503927871584892e-03 2.222422616889744185e-09 9.337124228477478027e-01 9.335124492645263672e-01 2.466225298121571541e-03 1.331936684437096119e-03 nan 9.336817860603332520e-01 8.156770906131918309e+03
4.014155361801385880e-03 2.713568974286317825e-03 2.214726058195065524e-09 9.246888160705566406e-01 9.244727492332458496e-01 1.972188008949160576e-03 1.081899041309952736e-03 nan 9.246557950973510742e-01 8.802848642127341009e+03
4.432419314980506897e-03 2.996315481141209602e-03 2.207056148657132701e-09 9.146755337715148926e-01 9.144389033317565918e-01 1.359628397040069103e-03 8.777600596658885479e-04 nan 9.146394133567810059e-01 9.477769601657419116e+03
4.894265439361333847e-03 3.308523446321487427e-03 2.199412800139309644e-09 9.036003947257995605e-01 9.033380746841430664e-01 1.213466632179915905e-03 7.112124003469944000e-04 nan 9.035603404045104980e-01 1.017805894759597140e+04
5.404234398156404495e-03 3.653262509033083916e-03 2.191795924301313793e-09 8.913912177085876465e-01 8.910984396934509277e-01 9.479731088504195213e-04 5.754445446655154228e-04 nan 8.913464546203613281e-01 1.089905448918619732e+04
5.967340432107448578e-03 4.033922217786312103e-03 2.184205430909534259e-09 8.779754042625427246e-01 8.776466846466064453e-01 7.414853316731750965e-04 4.648657923098653555e-04 nan 8.779250979423522949e-01 1.163474284407109371e+04
6.589121185243129730e-03 4.454245790839195251e-03 2.176641221197925960e-09 8.632801175117492676e-01 8.629077672958374023e-01 6.063400651328265667e-04 3.748908638954162598e-04 nan 8.632231950759887695e-01 1.237757682848576951e+04
7.275689393281936646e-03 4.918366204947233200e-03 2.169103203027300791e-09 8.472332954406738281e-01 8.468085527420043945e-01 4.257522523403167725e-04 3.017603594344109297e-04 nan 8.471684455871582031e-01 1.311832049220269619e+04
8.033796213567256927e-03 5.430846009403467178e-03 2.161591299930936394e-09 8.297635316848754883e-01 8.292768001556396484e-01 3.690453595481812954e-04 2.423914847895503044e-04 nan 8.296892046928405762e-01 1.384589104275146747e+04
8.870895951986312866e-03 5.996725521981716156e-03 2.154105401952956366e-09 8.107988238334655762e-01 8.102381229400634766e-01 2.496585075277835131e-04 1.942575472639873624e-04 nan 8.107131719589233398e-01 1.454716910741338143e+04
9.795218706130981445e-03 6.621567998081445694e-03 2.146645430474833453e-09 7.902699708938598633e-01 7.896220088005065918e-01 2.323195367353037000e-04 1.552885660203173757e-04 nan 7.901709079742431641e-01 1.520698904632609992e+04
1.081585418432950974e-02 7.311517372727394104e-03 2.139211293795359687e-09 7.681076526641845703e-01 7.673571705818176270e-01 1.948891585925593972e-04 1.237891556229442358e-04 nan 7.679929137229919434e-01 1.580798551064878666e+04
1.194283645600080490e-02 8.073357865214347839e-03 2.131802900090153706e-09 7.442461252212524414e-01 7.433763146400451660e-01 1.358473527943715453e-04 9.837181278271600604e-05 nan 7.441132068634033203e-01 1.633072739213920795e+04
1.318724639713764191e-02 8.914578706026077271e-03 2.124420174276236449e-09 7.186263799667358398e-01 7.176185250282287598e-01 9.601268538972362876e-05 7.790175004629418254e-05 nan 7.184724211692810059e-01 1.675400600811153708e+04
1.456132158637046814e-02 9.843453764915466309e-03 2.117063005254935590e-09 6.911998987197875977e-01 6.900344491004943848e-01 7.481777720386162400e-05 6.145164661575108767e-05 nan 6.910218000411987305e-01 1.705531465662154005e+04
1.607857085764408112e-02 1.086911372840404510e-02 2.109731324472420402e-09 6.619378924369812012e-01 6.605950593948364258e-01 6.413723895093426108e-05 4.826454460271634161e-05 nan 6.617327928543090820e-01 1.721182533306938058e+04
1.775391399860382080e-02 1.200164575129747391e-02 2.102425026951150955e-09 6.308439373970031738e-01 6.293048858642578125e-01 4.126782005187124014e-05 3.772319541894830763e-05 nan 6.306087970733642578e-01 1.720189641013597065e+04
1.960382424294948578e-02 1.325218472629785538e-02 2.095144031049849183e-09 5.979706645011901855e-01 5.962197184562683105e-01 3.707045107148587704e-05 2.932485767814796418e-05 nan 5.977031588554382324e-01 1.700717884875930758e+04
2.164648845791816711e-02 1.463302597403526306e-02 2.087888252770266929e-09 5.634443759918212891e-01 5.614719986915588379e-01 2.967459295177832246e-05 2.266053161292802542e-05 nan 5.631430149078369141e-01 1.661554638741248709e+04
2.390199340879917145e-02 1.615774817764759064e-02 2.080657597354892904e-09 5.274942517280578613e-01 5.253003239631652832e-01 2.379085708525963128e-05 1.739775143505539745e-05 nan 5.271590948104858398e-01 1.602463180578545507e+04
2.639251388609409332e-02 1.784133911132812500e-02 2.073451995948668221e-09 4.904845356941223145e-01 4.880831241607666016e-01 1.443958990421378985e-05 1.326634264842141420e-05 nan 4.901176393032073975e-01 1.524555407212584032e+04
2.914254181087017059e-02 1.970035769045352936e-02 2.066271340052806293e-09 4.529449939727783203e-01 4.503692090511322021e-01 1.133910882344935089e-05 1.004657042358303443e-05 nan 4.525514543056488037e-01 1.430617450621651369e+04
3.217911347746849060e-02 2.175308018922805786e-02 2.059115554147728899e-09 4.155872464179992676e-01 4.128936529159545898e-01 7.981583621585741639e-06 7.559293408121448010e-06 nan 4.151757359504699707e-01 1.325247670502034998e+04
3.553209081292152405e-02 2.401969395577907562e-02 2.051984539888671147e-09 3.792906999588012695e-01 3.765617311000823975e-01 7.103369171090889722e-06 5.657760539179435000e-06 nan 3.788737654685974121e-01 1.214666549477228000e+04
3.923443704843521118e-02 2.652247995138168335e-02 2.044878229365854235e-09 3.450354337692260742e-01 3.423776328563690186e-01 6.054330697224941105e-06 4.220909431751351804e-06 nan 3.446293771266937256e-01 1.106063608536202446e+04
4.332255572080612183e-02 2.928604744374752045e-02 2.037796533657790378e-09 3.137599527835845947e-01 3.112948834896087646e-01 3.498019168546306901e-06 3.148023552057566121e-06 nan 3.133833408355712891e-01 1.006439669107376903e+04
4.765481501817703247e-02 3.221465647220611572e-02 2.031010053452367756e-09 2.870485484600067139e-01 2.848803102970123291e-01 2.467241301928879693e-06 2.380331125095835887e-06 nan 2.867172956466674805e-01 9.235224605731926204e+03
5.198707059025764465e-02 3.514325991272926331e-02 2.024834231214258902e-09 2.659219205379486084e-01 2.640972435474395752e-01 1.920833938129362650e-06 1.853172079790965654e-06 nan 2.656431496143341064e-01 8.620073162622813470e+03
5.631932616233825684e-02 3.807186335325241089e-02 2.019169610001785353e-09 2.486610710620880127e-01 2.471770793199539185e-01 1.530701865704031661e-06 1.476783268117287662e-06 nan 2.484343498945236206e-01 8.142611053656140939e+03
6.065158173441886902e-02 4.100047051906585693e-02 2.013939112582009273e-09 2.340543270111083984e-01 2.328667193651199341e-01 1.242511871168971993e-06 1.198745053443417419e-06 nan 2.338729053735733032e-01 7.748893380747533229e+03
6.498383730649948120e-02 4.392907395958900452e-02 2.009081821590703985e-09 2.209695130586624146e-01 2.200057804584503174e-01 1.021986349769576918e-06 9.859876399787026457e-07 nan 2.208222746849060059e-01 7.382195222848559752e+03
6.931609660387039185e-02 4.685768112540245056e-02 2.004548729015451583e-09 2.085785120725631714e-01 2.077538222074508667e-01 8.479215694023878314e-07 8.180543318303534761e-07 nan 2.084525227546691895e-01 7.000155321011389788e+03
7.364834845066070557e-02 4.978628456592559814e-02 2.000299865353250301e-09 1.963974982500076294e-01 1.956299841403961182e-01 7.072392236295854673e-07 6.823273679401609115e-07 nan 1.962802410125732422e-01 6.580332618239824114e+03
7.798060774803161621e-02 5.271489173173904419e-02 1.996302173696350216e-09 1.842994540929794312e-01 1.835226863622665405e-01 5.919455929870309774e-07 5.710946879844414070e-07 nan 1.841807812452316284e-01 6.123204884234416568e+03
8.231285959482192993e-02 5.564349144697189331e-02 1.992528044667567094e-09 1.724228411912918091e-01 1.715940088033676147e-01 4.969843416802177671e-07 4.794782739736547228e-07 nan 1.722962111234664917e-01 5.646502568371643065e+03
8.664511889219284058e-02 5.857209861278533936e-02 1.988954134422163219e-09 1.610383838415145874e-01 1.601412147283554077e-01 4.188551656625350006e-07 4.041010015498613939e-07 nan 1.609013080596923828e-01 5.175418352431562198e+03
9.097737073898315430e-02 6.150070205330848694e-02 1.985560585482697045e-09 1.504295915365219116e-01 1.494721919298171997e-01 3.548352367488405434e-07 3.423361079057940515e-07 nan 1.502833217382431030e-01 4.733701494138872476e+03
9.636187553405761719e-02 6.514062732458114624e-02 1.981568674123380254e-09 1.387076526880264282e-01 1.377138495445251465e-01 2.916003438713232754e-07 2.813285675529186847e-07 nan 1.385558247566223145e-01 4.254348134546935398e+03
1.017463728785514832e-01 6.878054887056350708e-02 1.977801256732118934e-09 1.289336830377578735e-01 1.279617697000503540e-01 2.431076779885188444e-07 2.345440464068815345e-07 nan 1.287851929664611816e-01 3.873933369905788368e+03
1.071308776736259460e-01 7.242047041654586792e-02 1.974234781265857972e-09 1.211569532752037048e-01 1.202629506587982178e-01 2.060645982737696613e-07 1.988058500046463450e-07 nan 1.210203766822814941e-01 3.595240984131492496e+03
1.125153750181198120e-01 7.606039196252822876e-02 1.970849203820953451e-09 1.150399819016456604e-01 1.142617762088775635e-01 1.774022280187637080e-07 1.711532178205743548e-07 nan 1.149211004376411438e-01 3.398448735978216973e+03
1.178998723626136780e-01 7.970031350851058960e-02 1.967627323526894450e-09 1.100163385272026062e-01 1.093655228614807129e-01 1.545368490951659624e-07 1.490933243530889740e-07 nan 1.099169105291366577e-01 3.251534471117112844e+03
1.232843771576881409e-01 8.334024250507354736e-02 1.964554264128985100e-09 1.055239364504814148e-01 1.049861907958984375e-01 1.355816721115843393e-07 1.308058728000105475e-07 nan 1.054417788982391357e-01 3.123142834213741935e+03
1.286688745021820068e-01 8.698015660047531128e-02 1.961617102724775952e-09 1.011265218257904053e-01 1.006688624620437622e-01 1.192967005181344575e-07 1.150945578842765826e-07 nan 1.010566055774688721e-01 2.989067491542559765e+03
1.340533792972564697e-01 9.062008559703826904e-02 1.958804483640675406e-09 9.655606746673583984e-02 9.613788872957229614e-02 1.049418472121033119e-07 1.012453623161491123e-07 nan 9.649217873811721802e-02 2.834953029461125880e+03
1.394378840923309326e-01 9.426000714302062988e-02 1.956106446915437174e-09 9.174405783414840698e-02 9.132840484380722046e-02 9.215616358915212913e-08 8.891002778455003863e-08 nan 9.168055653572082520e-02 2.658563201187573213e+03
1.448223739862442017e-01 9.789992123842239380e-02 1.953514161287429418e-09 8.680389821529388428e-02 8.636592328548431396e-02 8.082291458322288236e-08 7.797596879299817374e-08 nan 8.673698455095291138e-02 2.468587588542818594e+03
1.502068787813186646e-01 1.015398502349853516e-01 1.951019758654691563e-09 8.195067197084426880e-02 8.148164302110671997e-02 7.092278053733025445e-08 6.842453359467981500e-08 nan 8.187901228666305542e-02 2.279157529980550862e+03
1.555913835763931274e-01 1.051797717809677124e-01 1.948616241255242070e-09 7.742136716842651367e-02 7.692784816026687622e-02 6.243836736530283815e-08 6.023896759188573924e-08 nan 7.734597474336624146e-02 2.104511938640398057e+03
1.609758734703063965e-01 1.088196933269500732e-01 1.946297314463125787e-09 7.341764122247695923e-02 7.291688024997711182e-02 5.531029856342684070e-08 5.336196906569057319e-08 nan 7.334113866090774536e-02 1.955638787405912353e+03
1.663603782653808594e-01 1.124596148729324341e-01 1.944057316713681798e-09 7.004562765359878540e-02 6.955901533365249634e-02 4.940822506682707171e-08 4.766780392628788832e-08 nan 6.997128576040267944e-02 1.837548808758729820e+03
1.717448830604553223e-01 1.160995438694953918e-01 1.941891129256332855e-09 6.727679818868637085e-02 6.682331860065460205e-02 4.452796176224183000e-08 4.295945288390612404e-08 nan 6.720752269029617310e-02 1.748063087339446838e+03
1.771293878555297852e-01 1.197394654154777527e-01 1.939794125595426991e-09 6.497477740049362183e-02 6.456618756055831909e-02 4.043290147137668100e-08 3.900865408468234818e-08 nan 6.491235643625259399e-02 1.679785077742190879e+03
1.825138777494430542e-01 1.233793795108795166e-01 1.937762091126241291e-09 6.296160072088241577e-02 6.260029971599578857e-02 3.690616168228189053e-08 3.560614914022153243e-08 nan 6.290640681982040405e-02 1.623550013897175177e+03
1.878983825445175171e-01 1.270193010568618774e-01 1.935791175107242678e-09 6.106454133987426758e-02 6.074425205588340759e-02 3.377510182644982706e-08 3.258538683326150931e-08 nan 6.101560965180397034e-02 1.570643329735434463e+03
1.932828873395919800e-01 1.306592375040054321e-01 1.933877861004656685e-09 5.914195254445075989e-02 5.885044485330581665e-02 3.091626510354217316e-08 2.982725533229313442e-08 nan 5.909741669893264771e-02 1.514019960228107038e+03
1.986673772335052490e-01 1.342991441488265991e-01 1.932018951816384183e-09 5.711278691887855530e-02 5.683574825525283813e-02 2.825946232576370676e-08 2.726403813824163080e-08 nan 5.707045644521713257e-02 1.449847933615702004e+03
2.040518820285797119e-01 1.379390656948089600e-01 1.930211465507478933e-09 5.497521534562110901e-02 5.470002815127372742e-02 2.578438085265588597e-08 2.487613848245473491e-08 nan 5.493317171931266785e-02 1.378469628506085883e+03
2.094363868236541748e-01 1.415790021419525146e-01 1.928452677645768952e-09 5.278972908854484558e-02 5.250822380185127258e-02 2.350119920890847425e-08 2.267337784189749073e-08 nan 5.274672433733940125e-02 1.303400247200848298e+03
2.148208767175674438e-01 1.452189087867736816e-01 1.926740094380007882e-09 5.064333975315093994e-02 5.035296082496643066e-02 2.142803978699703293e-08 2.067324089694011491e-08 nan 5.059897527098655701e-02 1.229311989621513931e+03
2.202053815126419067e-01 1.488588303327560425e-01 1.925071368159055733e-09 4.862295091152191162e-02 4.832634702324867249e-02 1.957806361474467849e-08 1.888842682262747985e-08 nan 4.857762902975082397e-02 1.160580357596910517e+03
2.255898863077163696e-01 1.524987667798995972e-01 1.923444343781293656e-09 4.679676890373229980e-02 4.650014638900756836e-02 1.795322646103159059e-08 1.732082210992302862e-08 nan 4.675145074725151062e-02 1.100395488772342787e+03
2.309743911027908325e-01 1.561386883258819580e-01 1.921857033120720865e-09 4.519635438919067383e-02 4.490719735622406006e-02 1.654007242279931233e-08 1.595744691940126359e-08 nan 4.515217617154121399e-02 1.050049045915830675e+03
2.363588809967041016e-01 1.597786098718643188e-01 1.920307567935778733e-09 4.381014406681060791e-02 4.353504627943038940e-02 1.531095428219941823e-08 1.477162392404807179e-08 nan 4.376811161637306213e-02 1.008811248577084484e+03
2.417433857917785645e-01 1.634185314178466797e-01 1.918794213956308179e-09 4.259515926241874695e-02 4.233818501234054565e-02 1.423122064636572759e-08 1.372992652903803901e-08 nan 4.255589842796325684e-02 9.745886441969665839e+02
2.471278905868530273e-01 1.670584529638290405e-01 1.917315352832477265e-09 4.149284958839416504e-02 4.125482216477394104e-02 1.326613130459008971e-08 1.279883576899010222e-08 nan 4.145648330450057983e-02 9.446689984245223286e+02
2.525123953819274902e-01 1.706983745098114014e-01 1.915869472055197894e-09 4.044001549482345581e-02 4.021877422928810120e-02 1.238458224861460621e-08 1.194833920692417450e-08 nan 4.040621966123580933e-02 9.161975197163192206e+02
2.578969001770019531e-01 1.743383109569549561e-01 1.914455150219987163e-09 3.938235342502593994e-02 3.917365148663520813e-02 1.156267170898672703e-08 1.115538061924326030e-08 nan 3.935047239065170288e-02 8.867730643457820179e+02
2.632813751697540283e-01 1.779782027006149292e-01 1.913071083197014340e-09 3.829140216112136841e-02 3.809022903442382812e-02 1.078730527126481320e-08 1.040732655610554502e-08 nan 3.826066851615905762e-02 8.552077028235781881e+02
2.686658799648284912e-01 1.816181391477584839e-01 1.911715991580206360e-09 3.717001900076866150e-02 3.697191178798675537e-02 1.005572691781253525e-08 9.701518699500866205e-09 nan 3.713975474238395691e-02 8.217492572615377640e+02
2.740503847599029541e-01 1.852580606937408447e-01 1.910388727493893778e-09 3.604074940085411072e-02 3.584270179271697998e-02 9.370558551324847940e-09 9.040483917033270700e-09 nan 3.601049259305000305e-02 7.875127516729440913e+02
2.794348895549774170e-01 1.888979822397232056e-01 1.909088184011114833e-09 3.493150696158409119e-02 3.473243862390518188e-02 8.735192125186586054e-09 8.427496922536192869e-09 nan 3.490109369158744812e-02 7.538050940594221174e+02
2.848193943500518799e-01 1.925379037857055664e-01 1.907813323590368924e-09 3.387029096484184265e-02 3.367091342806816101e-02 8.152325037258378870e-09 7.865160966957773780e-09 nan 3.383982926607131958e-02 7.218734954401352297e+02
2.902038991451263428e-01 1.961778402328491211e-01 1.906563162582237113e-09 3.288252651691436768e-02 3.268481418490409851e-02 7.623434328252187697e-09 7.354898912126373034e-09 nan 3.285231813788414001e-02 6.927915832933542788e+02
2.955884039402008057e-01 1.998177617788314819e-01 1.905336787226579552e-09 3.198330104351043701e-02 3.178976476192474365e-02 7.147227254478139002e-09 6.895466420075990754e-09 nan 3.195372968912124634e-02 6.671500373339420094e+02
3.009728789329528809e-01 2.034576684236526489e-01 1.904133323856378078e-09 3.117041103541851044e-02 3.098332509398460388e-02 6.718633205338164771e-09 6.481969627714079252e-09 nan 3.114182688295841217e-02 6.448038189339773680e+02
3.063573837280273438e-01 2.070975899696350098e-01 1.902951936232507350e-09 3.042726963758468628e-02 3.024810180068016052e-02 6.330070245752494884e-09 6.107094385754407995e-09 nan 3.039989620447158813e-02 6.250287114153614993e+02
3.117418885231018066e-01 2.107375115156173706e-01 1.901791846628511990e-09 2.973228134214878082e-02 2.956142462790012360e-02 5.973810335291318552e-09 5.763383992274384582e-09 nan 2.970617823302745819e-02 6.069213863288856601e+02
3.171263933181762695e-01 2.143774479627609253e-01 1.900652308391623192e-09 2.906521037220954895e-02 2.890201844274997711e-02 5.643292499968310949e-09 5.444509287855225921e-09 nan 2.904027700424194336e-02 5.896575504420366087e+02
3.225108981132507324e-01 2.180173695087432861e-01 1.899532626729035332e-09 2.840884588658809662e-02 2.825191803276538849e-02 5.333296915210894440e-09 5.145432968589602751e-09 nan 2.838487364351749420e-02 5.725536185418397963e+02
3.278954029083251953e-01 2.216572910547256470e-01 1.898432128189829179e-09 2.775113657116889954e-02 2.759874425828456879e-02 5.040150519164399157e-09 4.862612534850541124e-09 nan 2.772785536944866180e-02 5.551492345990699278e+02
3.332799077033996582e-01 2.252972126007080078e-01 1.897350177081271127e-09 2.708880603313446045e-02 2.693933434784412384e-02 4.762146676995371308e-09 4.594401303847917006e-09 nan 2.706597186625003815e-02 5.373462150413847667e+02
3.386643826961517334e-01 2.289371192455291748e-01 1.896286172945125672e-09 2.642796747386455536e-02 2.628024853765964508e-02 4.499352890263708105e-09 4.340864556695578358e-09 nan 2.640539780259132385e-02 5.194201015165552917e+02
3.440488874912261963e-01 2.325770407915115356e-01 1.895239531240720810e-09 2.577968128025531769e-02 2.563317678868770599e-02 4.252606711219186764e-09 4.102809203487822742e-09 nan 2.575729973614215851e-02 5.018306701372746375e+02
3.494333922863006592e-01 2.362169772386550903e-01 1.894209703480833635e-09 2.515447512269020081e-02 2.500926889479160309e-02 4.022512989365623071e-09 3.880820109714022692e-09 nan 2.513229101896286011e-02 4.849990093356017837e+02
3.548178970813751221e-01 2.398568987846374512e-01 1.893196174858241155e-09 2.455990016460418701e-02 2.441654540598392487e-02 3.809092596895879979e-09 3.674917925522436235e-09 nan 2.453800104558467865e-02 4.692153374433663089e+02
3.602024018764495850e-01 2.434968203306198120e-01 1.892198441798694543e-09 2.400040067732334137e-02 2.385967411100864410e-02 3.611845933448876167e-09 3.484619037763536653e-09 nan 2.397889830172061920e-02 4.546404523107460136e+02
3.655869066715240479e-01 2.471367418766021729e-01 1.891216027459402332e-09 2.347674220800399780e-02 2.333940751850605011e-02 3.429744488414598891e-09 3.308932017276333681e-09 nan 2.345576137304306030e-02 4.412912079745209439e+02
3.709714114665985107e-01 2.507766783237457275e-01 1.890248472221847833e-09 2.298516593873500824e-02 2.285174466669559479e-02 3.261185543834699274e-09 3.146310989521339252e-09 nan 2.296478115022182465e-02 4.290149423506870221e+02
3.763558864593505859e-01 2.544165849685668945e-01 1.889295352117686434e-09 2.251836657524108887e-02 2.238905057311058044e-02 3.104223988970034043e-09 2.994878345319307300e-09 nan 2.249860763549804688e-02 4.175323549500865283e+02
3.817403912544250488e-01 2.580564916133880615e-01 1.888356242191734645e-09 2.206844836473464966e-02 2.194306999444961548e-02 2.957018629956564837e-09 2.852858171920047425e-09 nan 2.204929292201995850e-02 4.065495100437999554e+02
3.871248960494995117e-01 2.616964280605316162e-01 1.887430735669950155e-09 2.162920683622360229e-02 2.150731906294822693e-02 2.818126176862278953e-09 2.718858471695284607e-09 nan 2.161058411002159119e-02 3.958413515257915947e+02
3.925094008445739746e-01 2.653363645076751709e-01 1.886518457772270655e-09 2.119649015367031097e-02 2.107750438153743744e-02 2.686504574356263220e-09 2.591872938495498602e-09 nan 2.117831259965896606e-02 3.852626167235817434e+02
3.978939056396484375e-01 2.689762711524963379e-01 1.885619049100158659e-09 2.076817862689495087e-02 2.065150626003742218e-02 2.561457934646682588e-09 2.471231219658420741e-09 nan 2.075035497546195984e-02 3.747450522066754957e+02
4.032784104347229004e-01 2.726162075996398926e-01 1.884732143174389957e-09 2.034480683505535126e-02 2.022997662425041199e-02 2.442670288260728739e-09 2.356628003852279107e-09 nan 2.032726258039474487e-02 3.643171254826774543e+02
4.086629152297973633e-01 2.762561440467834473e-01 1.883857409814700777e-09 1.992947980761528015e-02 1.981622353196144104e-02 2.330148962670364199e-09 2.248069952415221451e-09 nan 1.991217583417892456e-02 3.540975968891294201e+02
4.140473902225494385e-01 2.798960208892822266e-01 1.882994538868699288e-09 1.952605322003364563e-02 1.941430941224098206e-02 2.223972117576522578e-09 2.145633004602132132e-09 nan 1.950898021459579468e-02 3.442277268588507582e+02
4.194318950176239014e-01 2.835359573364257812e-01 1.882143190604211824e-09 1.913715526461601257e-02 1.902703195810317993e-02 2.124061149189060416e-09 2.049241443202731716e-09 nan 1.912033185362815857e-02 3.348009967325556886e+02
4.248163998126983643e-01 2.871758937835693359e-01 1.881303079826970542e-09 1.876401528716087341e-02 1.865572482347488403e-02 2.030179580003732553e-09 1.958667006363157270e-09 nan 1.874746941030025482e-02 3.258587916825237585e+02
4.302009046077728271e-01 2.908158004283905029e-01 1.880473925305205483e-09 1.840711757540702820e-02 1.830089464783668518e-02 1.942023875045606474e-09 1.873616373160302828e-09 nan 1.839089021086692810e-02 3.174154471871635792e+02
4.355854094028472900e-01 2.944557368755340576e-01 1.879655436356054805e-09 1.806598901748657227e-02 1.796200498938560486e-02 1.859206788523692921e-09 1.793716619680196800e-09 nan 1.805010251700878143e-02 3.094517476788706176e+02
4.409699141979217529e-01 2.980956733226776123e-01 1.878847353036435648e-09 1.773854717612266541e-02 1.763688027858734131e-02 1.781207958906350086e-09 1.718465370004196302e-09 nan 1.772301457822322845e-02 3.018939234886878467e+02
4.463544189929962158e-01 3.017355799674987793e-01 1.878049424887222573e-09 1.742172054946422577e-02 1.732232980430126190e-02 1.707449959198470424e-09 1.647305292173939506e-09 nan 1.740653440356254578e-02 2.946366229776499495e+02
4.517388939857482910e-01 3.053754866123199463e-01 1.877261397654174740e-09 1.711295917630195618e-02 1.701570674777030945e-02 1.637451507718878929e-09 1.579772646032040484e-09 nan 1.709810085594654083e-02 2.875942919852666932e+02
4.571233987808227539e-01 3.090154230594635010e-01 1.876483026309890802e-09 1.681085303425788879e-02 1.671553961932659149e-02 1.570877206091836342e-09 1.515543357477611153e-09 nan 1.679629273712635040e-02 2.807213680344876252e+02
4.625079035758972168e-01 3.126553297042846680e-01 1.875714093387305177e-09 1.651460118591785431e-02 1.642100699245929718e-02 1.507472147110888727e-09 1.454371845177604428e-09 nan 1.650030165910720825e-02 2.739932176917825473e+02
4.678924083709716797e-01 3.162952661514282227e-01 1.874954364165268396e-09 1.622369140386581421e-02 1.613162457942962646e-02 1.447026609646684392e-09 1.396055493430026218e-09 nan 1.620962470769882202e-02 2.673953771507789270e+02
4.732769131660461426e-01 3.199352025985717773e-01 1.874203630559428286e-09 1.593836024403572083e-02 1.584768854081630707e-02 1.389411252716854506e-09 1.340469624189211117e-09 nan 1.592450775206089020e-02 2.609379448050725614e+02
4.786614179611206055e-01 3.235751092433929443e-01 1.873461691551420399e-09 1.565975137054920197e-02 1.557040587067604065e-02 1.334579668998969737e-09 1.287569384444964271e-09 nan 1.564610190689563751e-02 2.546600263159213853e+02
4.840458929538726807e-01 3.272150158882141113e-01 1.872728340933758753e-09 1.538913045078516006e-02 1.530110836029052734e-02 1.282496886467754393e-09 1.237321245461941999e-09 nan 1.537568215280771255e-02 2.486035358035714466e+02
4.894303977489471436e-01 3.308549523353576660e-01 1.872003379495005729e-09 1.512705348432064056e-02 1.504039112478494644e-02 1.233068203099207949e-09 1.189633613840612725e-09 nan 1.511381287127733231e-02 2.427862562742711816e+02
4.948149025440216064e-01 3.344948589801788330e-01 1.871286632213937058e-09 1.487336680293083191e-02 1.478811819106340408e-02 1.186146070253357721e-09 1.144364381033824429e-09 nan 1.486034318804740906e-02 2.372026352087935948e+02
5.001994371414184570e-01 3.381348252296447754e-01 1.870577900826693527e-09 1.462773978710174561e-02 1.454395242035388947e-02 1.141578165331225136e-09 1.101366331468511817e-09 nan 1.461493968963623047e-02 2.318415533123963428e+02
5.055838823318481445e-01 3.417747020721435547e-01 1.869877039368293133e-09 1.438982784748077393e-02 1.430752221494913101e-02 1.099219826272701539e-09 1.060500021132781967e-09 nan 1.437725313007831573e-02 2.266915376459079141e+02
5.109683871269226074e-01 3.454146385192871094e-01 1.869183849789121820e-09 1.415895763784646988e-02 1.407811883836984634e-02 1.058910847895333518e-09 1.021611018003909521e-09 nan 1.414660736918449402e-02 2.217310200401871043e+02
5.163528919219970703e-01 3.490545451641082764e-01 1.868498185335105332e-09 1.393404230475425720e-02 1.385462470352649689e-02 1.020471485091434261e-09 9.845255721785406422e-10 nan 1.392190903425216675e-02 2.169258817841844404e+02
5.217373967170715332e-01 3.526944816112518311e-01 1.867819876059786520e-09 1.371408905833959579e-02 1.363602001219987869e-02 9.837405334778281940e-10 9.490884744778327331e-10 nan 1.370216254144906998e-02 2.122456182866005463e+02
5.271219015121459961e-01 3.563344180583953857e-01 1.867148773833358248e-09 1.349867507815361023e-02 1.342187169939279556e-02 9.486079699527749653e-10 9.151934765583291664e-10 nan 1.348694134503602982e-02 2.076778075119423761e+02
5.325064063072204590e-01 3.599743247032165527e-01 1.866484735032350672e-09 1.328779570758342743e-02 1.321217697113752365e-02 9.149996316182296141e-10 8.827689690349416196e-10 nan 1.327624265104532242e-02 2.032230566166588801e+02
5.378909111022949219e-01 3.636142611503601074e-01 1.865827604301946768e-09 1.308142580091953278e-02 1.300692744553089142e-02 8.828441311337087427e-10 8.517460625689921017e-10 nan 1.307004410773515701e-02 1.988811901400876252e+02
5.432754158973693848e-01 3.672541677951812744e-01 1.865177252290424566e-09 1.287949271500110626e-02 1.280606724321842194e-02 8.520704142256363411e-10 8.220565339556173967e-10 nan 1.286827400326728821e-02 1.946504730292488432e+02
5.486599206924438477e-01 3.708941042423248291e-01 1.864533532427482462e-09 1.268216595053672791e-02 1.260979007929563522e-02 8.226277437017870398e-10 7.936509227590704540e-10 nan 1.267110928893089294e-02 1.905364802433520026e+02
5.540444254875183105e-01 3.745340406894683838e-01 1.863896318172137942e-09 1.248983200639486313e-02 1.241849735379219055e-02 7.944809810034314523e-10 7.664955337105539002e-10 nan 1.247893460094928741e-02 1.865509076205320582e+02
5.594289302825927734e-01 3.781739473342895508e-01 1.863265486641235488e-09 1.230264827609062195e-02 1.223235670477151871e-02 7.675818314289983846e-10 7.405440149987896348e-10 nan 1.229191012680530548e-02 1.826983803144235026e+02
5.648134350776672363e-01 3.818138837814331055e-01 1.862640903204479876e-09 1.212036237120628357e-02 1.205111481249332428e-02 7.418592962160630577e-10 7.157274217739484357e-10 nan 1.210978254675865173e-02 1.789712135321863116e+02
5.701979398727416992e-01 3.854538202285766602e-01 1.862022452330667509e-09 1.194261386990547180e-02 1.187441032379865646e-02 7.172396010446391301e-10 6.919749773182104491e-10 nan 1.193219330161809921e-02 1.753586383429999387e+02
5.755824446678161621e-01 3.890937268733978271e-01 1.861410021730888845e-09 1.176922582089900970e-02 1.170205418020486832e-02 6.936641816501776248e-10 6.692300047461685608e-10 nan 1.175896357744932175e-02 1.718554234675939938e+02
5.809668898582458496e-01 3.927336037158966064e-01 1.860803497296447543e-09 1.160003989934921265e-02 1.153387967497110367e-02 6.710785815933206777e-10 6.474399905087580009e-10 nan 1.158993225544691086e-02 1.684568625379534694e+02
5.863513946533203125e-01 3.963735401630401611e-01 1.860202753428811389e-09 1.143468450754880905e-02 1.136950496584177017e-02 6.494192406059084988e-10 6.265436502950194608e-10 nan 1.142472587525844574e-02 1.651522175472136098e+02
5.917358994483947754e-01 4.000134766101837158e-01 1.859607692406273365e-09 1.127273030579090118e-02 1.120849698781967163e-02 6.286231535312936103e-10 6.064800883720522506e-10 nan 1.126291695982217789e-02 1.619292511054470936e+02
5.971204042434692383e-01 4.036533832550048828e-01 1.859018214291441706e-09 1.111400686204433441e-02 1.105068344622850418e-02 6.086449677589200746e-10 5.872055619526861392e-10 nan 1.110433228313922882e-02 1.587832718383350539e+02
6.025049090385437012e-01 4.072933197021484375e-01 1.858434207544148841e-09 1.095858402550220490e-02 1.089613512158393860e-02 5.894545962448205501e-10 5.686911497271296412e-10 nan 1.094904448837041855e-02 1.557164601702340292e+02
6.078894138336181641e-01 4.109332561492919922e-01 1.857855577876460681e-09 1.080647297203540802e-02 1.074487250298261642e-02 5.710206196773981446e-10 5.509065426068104898e-10 nan 1.079706195741891861e-02 1.527292738496266225e+02
6.132739186286926270e-01 4.145731627941131592e-01 1.857282233477322155e-09 1.065754238516092300e-02 1.059676706790924072e-02 5.533053459849668343e-10 5.338152697653697487e-10 nan 1.064825709909200668e-02 1.498181178949173216e+02
6.186584234237670898e-01 4.182130992412567139e-01 1.856714071034082293e-09 1.051172893494367599e-02 1.045176573097705841e-02 5.362767452332661833e-10 5.173865225138740698e-10 nan 1.050256844609975815e-02 1.469813168413825508e+02
6.240429282188415527e-01 4.218530058860778809e-01 1.856151008397507339e-09 1.036913786083459854e-02 1.030997373163700104e-02 5.199125019395012259e-10 5.015986515033432624e-10 nan 1.036009844392538071e-02 1.442217881348560695e+02
6.294274330139160156e-01 4.254929423332214355e-01 1.855592947277603754e-09 1.022981945425271988e-02 1.017144881188869476e-02 5.041888018197937527e-10 4.864288416506212798e-10 nan 1.022090204060077667e-02 1.415409704299858049e+02
6.556535363197326660e-01 4.432217776775360107e-01 1.852943630635520644e-09 9.592829272150993347e-03 9.538143873214721680e-03 4.357273708510689403e-10 4.203789538692603855e-10 nan 9.584475308656692505e-03 1.294636690089167246e+02
8.039034605026245117e-01 5.434387326240539551e-01 1.839770603253567837e-09 6.933431141078472137e-03 6.893914658576250076e-03 2.094871914826157422e-10 2.021080663938690236e-10 nan 6.927393842488527298e-03 8.233448935314584105e+01
9.932619333267211914e-01 6.714450716972351074e-01 1.826201010048688587e-09 4.924137610942125320e-03 4.896082449704408646e-03 9.745854123721642281e-11 9.402558592830345674e-11 nan 4.919851198792457581e-03 5.093197988478970473e+01
1.227223634719848633e+00 8.296031951904296875e-01 1.812731498599941669e-09 3.480000421404838562e-03 3.460178384557366371e-03 4.511794757244835807e-11 4.352868065993220625e-11 nan 3.476971760392189026e-03 3.119849167757681130e+01
1.516294717788696289e+00 1.025015234947204590e+00 1.799361337301671755e-09 2.448500599712133408e-03 2.434557536616921425e-03 2.079460562076640429e-11 2.006212036775867347e-11 nan 2.446370199322700500e-03 1.894175716476872751e+01
1.873456120491027832e+00 1.266456365585327148e+00 1.786089789356977996e-09 1.715797814540565014e-03 1.706029637716710567e-03 9.545464245419577054e-12 9.209227130879682477e-12 nan 1.714305486530065536e-03 1.140766810396459618e+01
2.314746379852294922e+00 1.564768552780151367e+00 1.772916133006574509e-09 1.197947887703776360e-03 1.191129442304372787e-03 4.365654972943167067e-12 4.211875206244775072e-12 nan 1.196906203404068947e-03 6.820014391777740492e+00
2.859982252120971680e+00 1.933347940444946289e+00 1.759839636962373426e-09 8.335981401614844799e-04 8.288546814583241940e-04 1.989980229211152363e-12 1.919883739834316039e-12 nan 8.328734547831118107e-04 4.050118466740200596e+00
3.533647537231445312e+00 2.388745784759521484e+00 1.746859588797865175e-09 5.782920052297413349e-04 5.750023992732167244e-04 9.043156848353994803e-13 8.724613913269063659e-13 nan 5.777894402854144573e-04 2.390525754820554738e+00
4.365993976593017578e+00 2.951411962509155273e+00 1.733975279535418463e-09 4.000561311841011047e-04 3.977812884841114283e-04 4.098027798181413939e-13 3.953675765683978272e-13 nan 3.997086023446172476e-04 1.403090699983614797e+00
5.394398689270019531e+00 3.646613597869873047e+00 1.721185999058096773e-09 2.760443603619933128e-04 2.744755474850535393e-04 1.852312926523339009e-13 1.787066046358976035e-13 nan 2.758046903181821108e-04 8.193064718739315744e-01
6.665042877197265625e+00 4.505568981170654297e+00 1.708491050912268841e-09 1.900236093206331134e-04 1.889445411507040262e-04 8.352670497532160843e-14 8.058450553984769504e-14 nan 1.898587506730109453e-04 4.761552432514791211e-01
8.234986305236816406e+00 5.566850662231445312e+00 1.695889732548296616e-09 1.305236510233953595e-04 1.297832932323217392e-04 3.758289930351835229e-14 3.625905795772745022e-14 nan 1.304105389863252640e-04 2.755222637947857822e-01
1.017472743988037109e+01 6.878115653991699219e+00 1.683381361073609185e-09 8.947330934461206198e-05 8.896666258806362748e-05 1.687638777911424498e-14 1.628192650420402093e-14 nan 8.939590770751237869e-05 1.587852540027052950e-01
1.257137203216552734e+01 8.498247146606445312e+00 1.670965250288532184e-09 6.121864134911447763e-05 6.087288056733086705e-05 7.564098239638047255e-15 7.297657249815629049e-15 nan 6.116581789683550596e-05 9.116651218752476471e-02
1.553254413604736328e+01 1.050000000000000000e+01 1.658640709094829109e-09 4.181351323495618999e-05 4.157826697337441146e-05 3.384397008994520333e-15 3.265184744965002848e-15 nan 4.177757000434212387e-05 5.216101879516325812e-02
