# k/h [h/Mpc]            k [1/Mpc]              Primoridal             T_cdm(k)                 T_bar(k)                 T_phot(k)                T_massless neutrions(k)  T_massive neutrinos(k)   T_total(k)               Linear Pk [(Mpc/h)^3]  
1.049045658874092624e-05 7.091548468451946974e-06 2.727206404909961128e-09 1.000000000000000000e+00 1.000000000000000000e+00 1.000000000000000000e+00 1.000000000000000000e+00 nan 1.000000000000000000e+00 1.413686131878456997e+01
1.158353370556142181e-05 7.830468348402064294e-06 2.717761705682844603e-09 1.219251275062561035e+00 1.219251155853271484e+00 1.219179868698120117e+00 1.219177842140197754e+00 nan 1.219251275062561035e+00 1.555581596860599092e+01
1.279050593439023942e-05 8.646382411825470626e-06 2.708349706436794825e-09 1.486573696136474609e+00 1.486573696136474609e+00 1.486380457878112793e+00 1.486375331878662109e+00 nan 1.486573696136474609e+00 1.711719178218807613e+01
1.412324218108551577e-05 9.547311492497101426e-06 2.698970312856197758e-09 1.812506675720214844e+00 1.812506437301635742e+00 1.812113404273986816e+00 1.812102675437927246e+00 nan 1.812506675720214844e+00 1.883529047960190894e+01
1.559484553581569344e-05 1.054211588780162856e-05 2.689623392481895528e-09 2.209901094436645508e+00 2.209900856018066406e+00 2.209187030792236328e+00 2.209167003631591797e+00 nan 2.209901094436645508e+00 2.072583158961843353e+01
1.721978514979127795e-05 1.164057448477251455e-05 2.680308856040028027e-09 2.694422960281372070e+00 2.694422721862792969e+00 2.693204164505004883e+00 2.693170547485351562e+00 nan 2.694422960281372070e+00 2.280612162414488608e+01
1.901403993542771786e-05 1.285349117097212002e-05 2.671026563908324178e-09 3.285177707672119141e+00 3.285177707672119141e+00 3.283173561096191406e+00 3.283118486404418945e+00 nan 3.285177707672119141e+00 2.509521018838694673e+01
2.099525045196060091e-05 1.419278942194068804e-05 2.661776424936157355e-09 4.005454540252685547e+00 4.005454063415527344e+00 4.002241134643554688e+00 4.002152919769287109e+00 nan 4.005454063415527344e+00 2.761405166504410502e+01
2.318289807590190321e-05 1.567163963045459241e-05 2.652558315858844083e-09 4.883651733398437500e+00 4.883651256561279297e+00 4.878590106964111328e+00 4.878450393676757812e+00 nan 4.883651733398437500e+00 3.038569846381145467e+01
2.559849235694855452e-05 1.730458097881637514e-05 2.643372135990062650e-09 5.954392910003662109e+00 5.954391479492187500e+00 5.946519851684570312e+00 5.946303367614746094e+00 nan 5.954392910003662109e+00 3.343553058615776052e+01
2.826578383974265307e-05 1.910767059598583728e-05 2.634217767634683471e-09 7.259891033172607422e+00 7.259890556335449219e+00 7.247765541076660156e+00 7.247430801391601562e+00 nan 7.259891033172607422e+00 3.679144148889791666e+01
3.121100235148333013e-05 2.109863817167934030e-05 2.625095097817206075e-09 8.851617813110351562e+00 8.851614952087402344e+00 8.833077430725097656e+00 8.832566261291503906e+00 nan 8.851616859436035156e+00 4.048417304544472017e+01
3.446310074650682509e-05 2.329705603187903762e-05 2.616004033478672110e-09 1.079232215881347656e+01 1.079231929779052734e+01 1.076413726806640625e+01 1.076336002349853516e+01 nan 1.079232120513916016e+01 4.454749606242459237e+01
3.805406231549568474e-05 2.572454650362487882e-05 2.606944439452153756e-09 1.315852069854736328e+01 1.315851497650146484e+01 1.311586380004882812e+01 1.311468887329101562e+01 nan 1.315852069854736328e+01 4.901859714772022159e+01
4.201919000479392707e-05 2.840497290890198201e-05 2.597916226597658093e-09 1.604348945617675781e+01 1.604348373413085938e+01 1.597916412353515625e+01 1.597739315032958984e+01 nan 1.604348945617675781e+01 5.393837865962700562e+01
4.639747567125596106e-05 3.136469240416772664e-05 2.588919279439887767e-09 1.956097030639648438e+01 1.956095695495605469e+01 1.946424674987792969e+01 1.946158027648925781e+01 nan 1.956096839904785156e+01 5.935186143742231479e+01
5.123196388012729585e-05 3.463280881987884641e-05 2.579953483847589841e-09 2.384962463378906250e+01 2.384960937500000000e+01 2.370452117919921875e+01 2.370052528381347656e+01 nan 2.384962081909179688e+01 6.530854624109993267e+01
5.657019573845900595e-05 3.824145096587017179e-05 2.571018745591721348e-09 2.907851219177246094e+01 2.907848548889160156e+01 2.886124992370605469e+01 2.885526847839355469e+01 nan 2.907850837707519531e+01 7.186290039746599234e+01
6.246465636650100350e-05 4.222610732540488243e-05 2.562114941593048984e-09 3.545375442504882812e+01 3.545372009277343750e+01 3.512898254394531250e+01 3.512004470825195312e+01 nan 3.545375061035156250e+01 7.907481529137439225e+01
6.897329876665025949e-05 4.662595165427774191e-05 2.553241977543412439e-09 4.322665405273437500e+01 4.322660064697265625e+01 4.274181365966796875e+01 4.272847747802734375e+01 nan 4.322664260864257812e+01 8.701021925010226710e+01
7.616012590005993843e-05 5.148424679646268487e-05 2.544399743325443185e-09 5.270356750488281250e+01 5.270349502563476562e+01 5.198063278198242188e+01 5.196075820922851562e+01 nan 5.270355606079101562e+01 9.574154645349160830e+01
8.409580186707898974e-05 5.684876305167563260e-05 2.535588130685252624e-09 6.425803375244140625e+01 6.425791931152343750e+01 6.318118667602539062e+01 6.315161132812500000e+01 nan 6.425801086425781250e+01 1.053485697232113978e+02
9.285835403716191649e-05 6.277224747464060783e-05 2.526807033334104165e-09 7.834540557861328125e+01 7.834523773193359375e+01 7.674293518066406250e+01 7.669895935058593750e+01 nan 7.834537506103515625e+01 1.159189206484996646e+02
1.025339443003758788e-04 6.931294774403795600e-05 2.518056339675267213e-09 9.552082824707031250e+01 9.552057647705078125e+01 9.313834381103515625e+01 9.307303619384765625e+01 nan 9.552079010009765625e+01 1.275489176139730745e+02
1.132176985265687108e-04 7.653516513528302312e-05 2.509335958204897443e-09 1.164610519409179688e+02 1.164606857299804688e+02 1.129220504760742188e+02 1.128252029418945312e+02 nan 1.164609832763671875e+02 1.403444915236035797e+02
1.250146742677316070e-04 8.450992027064785361e-05 2.500645773867358897e-09 1.419910430908203125e+02 1.419904937744140625e+02 1.367390136718750000e+02 1.365955810546875000e+02 nan 1.419909667968750000e+02 1.544220218182119595e+02
1.380408502882346511e-04 9.331561159342527390e-05 2.491985695624705562e-09 1.731164245605468750e+02 1.731156158447265625e+02 1.653299560546875000e+02 1.651177673339843750e+02 nan 1.731163024902343750e+02 1.699093986259586870e+02
1.524243270978331566e-04 1.030388448270969093e-04 2.483355596498544299e-09 2.110630645751953125e+02 2.110618743896484375e+02 1.995317535400390625e+02 1.992184143066406250e+02 nan 2.110628814697265625e+02 1.869470835071857664e+02
1.683065347606316209e-04 1.137752187787555158e-04 2.474755379885282393e-09 2.573250732421875000e+02 2.573233032226562500e+02 2.402691192626953125e+02 2.398072357177734375e+02 nan 2.573247985839843750e+02 2.056892618164806095e+02
1.858436153270304203e-04 1.256302784895524383e-04 2.466184957973141175e-09 3.137232055664062500e+02 3.137205810546875000e+02 2.885320739746093750e+02 2.878527832031250000e+02 nan 3.137228088378906250e+02 2.263050767700457584e+02
2.052080089924857020e-04 1.387206139042973518e-04 2.457644209414643305e-09 3.824768066406250000e+02 3.824729614257812500e+02 3.453330688476562500e+02 3.443365478515625000e+02 nan 3.824762268066406250e+02 2.489799978484298890e+02
2.265901130158454180e-04 1.531749148853123188e-04 2.449133045395065615e-09 4.662898864746093750e+02 4.662840881347656250e+02 4.116318969726562500e+02 4.101747131347656250e+02 nan 4.662890319824218750e+02 2.739174056048177590e+02
2.502001880202442408e-04 1.691353245405480266e-04 2.440651351248999153e-09 5.684572143554687500e+02 5.684487915039062500e+02 4.882186584472656250e+02 4.860960083007812500e+02 nan 5.684559326171875000e+02 3.013398380656321365e+02
2.762703516054898500e-04 1.867587561719119549e-04 2.432199034655000626e-09 6.929924926757812500e+02 6.929800415039062500e+02 5.755389404296875000e+02 5.724609985351562500e+02 nan 6.929906005859375000e+02 3.314907954919231656e+02
3.050569503102451563e-04 2.062184939859434962e-04 2.423775992290330563e-09 8.447844238281250000e+02 8.447661132812500000e+02 6.734473876953125000e+02 6.690096435546875000e+02 nan 8.447816162109375000e+02 3.646360905275071218e+02
3.368430479895323515e-04 2.277058956678956747e-04 2.415382114947829304e-09 1.029786621093750000e+03 1.029759643554687500e+03 7.808819580078125000e+02 7.745271606445312500e+02 nan 1.029782470703125000e+03 4.010659096222184985e+02
3.719411906786262989e-04 2.514322404749691486e-04 2.407017301830847028e-09 1.255247314453125000e+03 1.255208007812500000e+03 8.954606323242187500e+02 8.864368896484375000e+02 nan 1.255241455078125000e+03 4.410960258332288504e+02
4.106964333914220333e-04 2.776307810563594103e-04 2.398681465071051552e-09 1.529988281250000000e+03 1.529931030273437500e+03 1.013035888671875000e+03 1.000353088378906250e+03 nan 1.529979492187500000e+03 4.850697488321318929e+02
4.534898616839200258e-04 3.065591445192694664e-04 2.390374494355455649e-09 1.864743896484375000e+03 1.864660522460937500e+03 1.127294677734375000e+03 1.109690917968750000e+03 nan 1.864731079101562500e+03 5.333591318124284726e+02
5.007422878406941891e-04 3.385017917025834322e-04 2.382096284987275655e-09 2.272570556640625000e+03 2.272450439453125000e+03 1.229564575195312500e+03 1.205503906250000000e+03 nan 2.272552001953125000e+03 5.863667497057812170e+02
5.529182380996644497e-04 3.737727238330990076e-04 2.373846756225058361e-09 2.769339843750000000e+03 2.769167236328125000e+03 1.309111328125000000e+03 1.276840820312500000e+03 nan 2.769313232421875000e+03 6.445262336584777358e+02
6.105307838879525661e-04 4.127188003621995449e-04 2.365625794166928840e-09 3.374341308593750000e+03 3.374095458984375000e+03 1.354312866210937500e+03 1.312023193359375000e+03 nan 3.374303466796875000e+03 7.083037428251916481e+02
6.741464603692293167e-04 4.557229985948652029e-04 2.357433293568910220e-09 4.111001953125000000e+03 4.110654296875000000e+03 1.355129150390625000e+03 1.301266967773437500e+03 nan 4.110949218750000000e+03 7.781981343731396237e+02
7.443906506523489952e-04 5.032080807723104954e-04 2.349269171114912410e-09 5.007756835937500000e+03 5.007270019531250000e+03 1.307093261718750000e+03 1.240852905273437500e+03 nan 5.007682128906250000e+03 8.547412580098882700e+02
8.219541050493717194e-04 5.556409596465528011e-04 2.341133324843220307e-09 6.099098144531250000e+03 6.098426269531250000e+03 1.216364013671875000e+03 1.138326660156250000e+03 nan 6.098995605468750000e+03 9.384971103469093805e+02
9.075994603335857391e-04 6.135372095741331577e-04 2.333025652639057309e-09 7.426840332031250000e+03 7.425923828125000000e+03 1.103982299804687500e+03 1.016743774414062500e+03 nan 7.426700683593750000e+03 1.030061553235909287e+03
1.002168864943087101e-03 6.774661596864461899e-04 2.324946049885245546e-09 9.041629882812500000e+03 9.040398437500000000e+03 1.005527709960937500e+03 9.139808959960937500e+02 nan 9.041442382812500000e+03 1.130060657252060992e+03
1.106592128053307533e-03 7.480562780983746052e-04 2.316894434325377400e-09 1.100475683593750000e+04 1.100313085937500000e+04 9.610687866210937500e+02 8.718936157226562500e+02 nan 1.100450781250000000e+04 1.239145996535133918e+03
1.221895916387438774e-03 8.260016329586505890e-04 2.308870708568745277e-09 1.339031835937500000e+04 1.338821386718750000e+04 9.927434082031250000e+02 9.128261718750000000e+02 nan 1.338999707031250000e+04 1.357991112912704239e+03
1.349214115180075169e-03 9.120687609538435936e-04 2.300874762407135126e-09 1.628781152343750000e+04 1.628513085937500000e+04 1.077537353515625000e+03 1.011761474609375000e+03 nan 1.628740332031250000e+04 1.487283966518440138e+03
1.489798538386821747e-03 1.007103826850652695e-03 2.292906509188567727e-09 1.980516210937500000e+04 1.980180078125000000e+04 1.140366333007812500e+03 1.090267456054687500e+03 nan 1.980464648437500000e+04 1.627715681466960632e+03
1.645031501539051533e-03 1.112041296437382698e-03 2.284965850418265676e-09 2.407233593750000000e+04 2.406817773437500000e+04 1.100587402343750000e+03 1.065419067382812500e+03 nan 2.407169921875000000e+04 1.779965742540809060e+03
1.816439209505915642e-03 1.227912958711385727e-03 2.277052691606405739e-09 2.924559179687500000e+04 2.924046093750000000e+04 9.664828491210937500e+02 9.453959960937500000e+02 nan 2.924480859375000000e+04 1.944685663713697750e+03
2.005707239732146263e-03 1.355858054012060165e-03 2.269166941709029953e-09 3.551245312500000000e+04 3.550609765625000000e+04 8.748912353515625000e+02 8.649324340820312500e+02 nan 3.551148046875000000e+04 2.122478709007861653e+03
2.214696491137146950e-03 1.497134799137711525e-03 2.261308494449764354e-09 4.309753515625000000e+04 4.308954296875000000e+04 9.395384521484375000e+02 8.376044311523437500e+02 nan 4.309631640625000000e+04 2.313876753695045863e+03
2.445461694151163101e-03 1.653132145293056965e-03 2.253477264686429142e-09 5.226932031250000000e+04 5.225906250000000000e+04 1.031359741210937500e+03 8.332318725585937500e+02 nan 5.226775390625000000e+04 2.519314642283063222e+03
2.700272016227245331e-03 1.825383864343166351e-03 2.245673160886940457e-09 6.334790234375000000e+04 6.333449218750000000e+04 9.536923217773437500e+02 8.282876586914062500e+02 nan 6.334585937500000000e+04 2.739092135233633599e+03
2.981632947921752930e-03 2.015583915635943413e-03 2.237896076485985185e-09 7.671397656250000000e+04 7.669625781250000000e+04 8.862905883789062500e+02 8.227143554687500000e+02 nan 7.671128125000000000e+04 2.973339466210647970e+03
3.292310982942581177e-03 2.225602278485894203e-03 2.230145925871712440e-09 9.281890625000000000e+04 9.279540625000000000e+04 9.780034790039062500e+02 8.164533691406250000e+02 nan 9.281530468750000000e+04 3.221971186636557832e+03
3.635360859334468842e-03 2.457503927871584892e-03 2.222422616889744185e-09 1.121961250000000000e+05 1.121649140625000000e+05 8.891585693359375000e+02 8.094531860351562500e+02 nan 1.121913515625000000e+05 3.484639812911331319e+03
4.014155361801385880e-03 2.713568974286317825e-03 2.214726058195065524e-09 1.354737812500000000e+05 1.354320625000000000e+05 8.873974609375000000e+02 8.016504516601562500e+02 nan 1.354674062500000000e+05 3.760678712424701644e+03
4.432419314980506897e-03 2.996315481141209602e-03 2.207056148657132701e-09 1.633886250000000000e+05 1.633321093750000000e+05 9.484453735351562500e+02 7.929837036132812500e+02 nan 1.633800000000000000e+05 4.049044472343099187e+03
4.894265439361333847e-03 3.308523446321487427e-03 2.199412800139309644e-09 1.968005312500000000e+05 1.967230468750000000e+05 8.450507202148437500e+02 7.833936157226562500e+02 nan 1.967887031250000000e+05 4.348253410967850868e+03
5.404234398156404495e-03 3.653262509033083916e-03 2.191795924301313793e-09 2.367082031250000000e+05 2.366013750000000000e+05 8.337655029296875000e+02 7.728157958984375000e+02 nan 2.366919218750000000e+05 4.656315033737580052e+03
5.967340432107448578e-03 4.033922217786312103e-03 2.184205430909534259e-09 2.842645000000000000e+05 2.841163750000000000e+05 8.538914794921875000e+02 7.611883544921875000e+02 nan 2.842418750000000000e+05 4.970663672406026308e+03
6.589121185243129730e-03 4.454245790839195251e-03 2.176641221197925960e-09 3.407906562500000000e+05 3.405836875000000000e+05 7.407202758789062500e+02 7.484492187500000000e+02 nan 3.407590312500000000e+05 5.288079542181611941e+03
7.275689393281936646e-03 4.918366204947233200e-03 2.169103203027300791e-09 4.077886250000000000e+05 4.074976250000000000e+05 7.601188964843750000e+02 7.345348510742187500e+02 nan 4.077441562500000000e+05 5.604618782708308572e+03
8.033796213567256927e-03 5.430846009403467178e-03 2.161591299930936394e-09 4.869483437500000000e+05 4.865379687500000000e+05 8.539853515625000000e+02 7.193834228515625000e+02 nan 4.868855937500000000e+05 5.915549182008289790e+03
8.870895951986312866e-03 5.996725521981716156e-03 2.154105401952956366e-09 5.801480625000000000e+05 5.795666875000000000e+05 7.553991088867187500e+02 7.029337158203125000e+02 nan 5.800593125000000000e+05 6.215274756832315688e+03
9.795218706130981445e-03 6.621567998081445694e-03 2.146645430474833453e-09 6.894441250000000000e+05 6.886191875000000000e+05 7.550015869140625000e+02 6.851245727539062500e+02 nan 6.893181250000000000e+05 6.497318372025977624e+03
1.081585418432950974e-02 7.311517372727394104e-03 2.139211293795359687e-09 8.170423750000000000e+05 8.158700000000000000e+05 7.898397216796875000e+02 6.658961181640625000e+02 nan 8.168632500000000000e+05 6.754270838242833634e+03
1.194283645600080490e-02 8.073357865214347839e-03 2.131802900090153706e-09 9.652485000000000000e+05 9.635827500000000000e+05 6.662338867187500000e+02 6.451916503906250000e+02 nan 9.649939375000000000e+05 6.977839010736464843e+03
1.318724639713764191e-02 8.914578706026077271e-03 2.124420174276236449e-09 1.136389125000000000e+06 1.134025125000000000e+06 7.070789184570312500e+02 6.229589843750000000e+02 nan 1.136028000000000000e+06 7.158966145220378166e+03
1.456132158637046814e-02 9.843453764915466309e-03 2.117063005254935590e-09 1.332695000000000000e+06 1.329349500000000000e+06 6.603334960937500000e+02 5.991568603515625000e+02 nan 1.332183750000000000e+06 7.288043115397423207e+03
1.607857085764408112e-02 1.086911372840404510e-02 2.109731324472420402e-09 1.556142875000000000e+06 1.551427875000000000e+06 5.991602783203125000e+02 5.737599487304687500e+02 nan 1.555422500000000000e+06 7.355326006436739590e+03
1.775391399860382080e-02 1.200164575129747391e-02 2.102425026951150955e-09 1.808263000000000000e+06 1.801656875000000000e+06 6.060569458007812500e+02 5.467714843750000000e+02 nan 1.807253750000000000e+06 7.351560911755437701e+03
1.960382424294948578e-02 1.325218472629785538e-02 2.095144031049849183e-09 2.089920125000000000e+06 2.080736625000000000e+06 5.632692260742187500e+02 5.182378540039062500e+02 nan 2.088517000000000000e+06 7.268906995412509787e+03
2.164648845791816711e-02 1.463302597403526306e-02 2.087888252770266929e-09 2.401120250000000000e+06 2.388483750000000000e+06 5.115300598144531250e+02 4.882694702148437500e+02 nan 2.399189750000000000e+06 7.102167601031377671e+03
2.390199340879917145e-02 1.615774817764759064e-02 2.080657597354892904e-09 2.740921500000000000e+06 2.723759000000000000e+06 4.959241943359375000e+02 4.570664062500000000e+02 nan 2.738299500000000000e+06 6.850299882545279615e+03
2.639251388609409332e-02 1.784133911132812500e-02 2.073451995948668221e-09 3.107583500000000000e+06 3.084650750000000000e+06 4.527391967773437500e+02 4.249464721679687500e+02 nan 3.104079750000000000e+06 6.518017492210126875e+03
2.914254181087017059e-02 1.970035769045352936e-02 2.066271340052806293e-09 3.499157500000000000e+06 3.469136250000000000e+06 4.502841796875000000e+02 3.923719177246093750e+02 nan 3.494570750000000000e+06 6.117165512671838769e+03
3.217911347746849060e-02 2.175308018922805786e-02 2.059115554147728899e-09 3.914722000000000000e+06 3.876413500000000000e+06 3.855665588378906250e+02 3.599632568359375000e+02 nan 3.908869500000000000e+06 5.667329834674784252e+03
3.553209081292152405e-02 2.401969395577907562e-02 2.051984539888671147e-09 4.356412500000000000e+06 4.309061000000000000e+06 3.491629943847656250e+02 3.284868469238281250e+02 nan 4.349178500000000000e+06 5.195027555402462895e+03
3.923443704843521118e-02 2.652247995138168335e-02 2.044878229365854235e-09 4.832050000000000000e+06 4.775794000000000000e+06 3.403659667968750000e+02 2.987955932617187500e+02 nan 4.823455000000000000e+06 4.730925112727775740e+03
4.332255572080612183e-02 2.928604744374752045e-02 2.037796533657790378e-09 5.357523000000000000e+06 5.293883000000000000e+06 2.676829833984375000e+02 2.717056579589843750e+02 nan 5.347800000000000000e+06 4.304917887965113550e+03
4.765481501817703247e-02 3.221465647220611572e-02 2.031010053452367756e-09 5.930580500000000000e+06 5.862834500000000000e+06 2.554486999511718750e+02 2.485880737304687500e+02 nan 5.920230500000000000e+06 3.950065195634628253e+03
5.198707059025764465e-02 3.514325991272926331e-02 2.024834231214258902e-09 6.538070500000000000e+06 6.470218500000000000e+06 2.366759643554687500e+02 2.303194580078125000e+02 nan 6.527704000000000000e+06 3.686555080891709167e+03
5.631932616233825684e-02 3.807186335325241089e-02 2.019169610001785353e-09 7.174586500000000000e+06 7.109834500000000000e+06 2.213470153808593750e+02 2.154020996093750000e+02 nan 7.164693500000000000e+06 3.481868513973902736e+03
6.065158173441886902e-02 4.100047051906585693e-02 2.013939112582009273e-09 7.831493500000000000e+06 7.771413500000000000e+06 2.083760833740234375e+02 2.027794647216796875e+02 nan 7.822314000000000000e+06 3.313044112265416970e+03
6.498383730649948120e-02 4.392907395958900452e-02 2.009081821590703985e-09 8.487158000000000000e+06 8.431219000000000000e+06 1.967502288818359375e+02 1.914657745361328125e+02 nan 8.478611000000000000e+06 3.155907336831351586e+03
6.931609660387039185e-02 4.685768112540245056e-02 2.004548729015451583e-09 9.114711000000000000e+06 9.060279000000000000e+06 1.857297973632812500e+02 1.807413482666015625e+02 nan 9.106395000000000000e+06 2.992390404270207910e+03
7.364834845066070557e-02 4.978628456592559814e-02 2.000299865353250301e-09 9.688699000000000000e+06 9.631527000000000000e+06 1.748841705322265625e+02 1.701870117187500000e+02 nan 9.679964000000000000e+06 2.812905520667397923e+03
7.798060774803161621e-02 5.271489173173904419e-02 1.996302173696350216e-09 1.019321400000000000e+07 1.012834400000000000e+07 1.641026153564453125e+02 1.596950683593750000e+02 nan 1.018330300000000000e+07 2.617621306823171835e+03
8.231285959482192993e-02 5.564349144697189331e-02 1.992528044667567094e-09 1.062586200000000000e+07 1.054872000000000000e+07 1.535119934082031250e+02 1.493889465332031250e+02 nan 1.061407600000000000e+07 2.414058766958120486e+03
8.664511889219284058e-02 5.857209861278533936e-02 1.988954134422163219e-09 1.099708900000000000e+07 1.090452900000000000e+07 1.433576660156250000e+02 1.395073852539062500e+02 nan 1.098294800000000000e+07 2.212921809888592179e+03
9.097737073898315430e-02 6.150070205330848694e-02 1.985560585482697045e-09 1.132628000000000000e+07 1.121734100000000000e+07 1.338957519531250000e+02 1.302996520996093750e+02 nan 1.130963700000000000e+07 2.024304348455955960e+03
9.636187553405761719e-02 6.514062732458114624e-02 1.981568674123380254e-09 1.171724900000000000e+07 1.159033600000000000e+07 1.234457015991210938e+02 1.201302947998046875e+02 nan 1.169786000000000000e+07 1.819545120466831349e+03
1.017463728785514832e-01 6.878054887056350708e-02 1.977801256732118934e-09 1.214316500000000000e+07 1.200475500000000000e+07 1.147401504516601562e+02 1.116585617065429688e+02 nan 1.212201900000000000e+07 1.656943836815843270e+03
1.071308776736259460e-01 7.242047041654586792e-02 1.974234781265857972e-09 1.265027400000000000e+07 1.250911200000000000e+07 1.078226165771484375e+02 1.049268112182617188e+02 nan 1.262870700000000000e+07 1.537704549878889338e+03
1.125153750181198120e-01 7.606039196252822876e-02 1.970849203820953451e-09 1.324872100000000000e+07 1.311318000000000000e+07 1.023896255493164062e+02 9.963969421386718750e+01 nan 1.322801300000000000e+07 1.453395738756867331e+03
1.178998723626136780e-01 7.970031350851058960e-02 1.967627323526894450e-09 1.391093400000000000e+07 1.378649500000000000e+07 9.793247985839843750e+01 9.530223083496093750e+01 nan 1.389192200000000000e+07 1.390380035081026108e+03
1.232843771576881409e-01 8.334024250507354736e-02 1.964554264128985100e-09 1.458852800000000000e+07 1.447613900000000000e+07 9.394648742675781250e+01 9.142324066162109375e+01 nan 1.457135700000000000e+07 1.335306285510093858e+03
1.286688745021820068e-01 8.698015660047531128e-02 1.961617102724775952e-09 1.522779100000000000e+07 1.512364400000000000e+07 9.004008483886718750e+01 8.762174987792968750e+01 nan 1.521188000000000000e+07 1.277867181375436758e+03
1.340533792972564697e-01 9.062008559703826904e-02 1.958804483640675406e-09 1.578167800000000000e+07 1.567841400000000000e+07 8.597341156005859375e+01 8.366428375244140625e+01 nan 1.576590200000000000e+07 1.211943089018979435e+03
1.394378840923309326e-01 9.426000714302062988e-02 1.956106446915437174e-09 1.622423700000000000e+07 1.611319100000000000e+07 8.168595886230468750e+01 7.949200439453125000e+01 nan 1.620727300000000000e+07 1.136571922747054032e+03
1.448223739862442017e-01 9.789992123842239380e-02 1.953514161287429418e-09 1.655971600000000000e+07 1.643347300000000000e+07 7.728060913085937500e+01 7.520499420166015625e+01 nan 1.654042800000000000e+07 1.055440087894010048e+03
1.502068787813186646e-01 1.015398502349853516e-01 1.951019758654691563e-09 1.681890600000000000e+07 1.667342800000000000e+07 7.295148468017578125e+01 7.099217224121093750e+01 nan 1.679668000000000000e+07 9.745537258591859882e+02
1.555913835763931274e-01 1.051797717809677124e-01 1.948616241255242070e-09 1.704981800000000000e+07 1.688552400000000000e+07 6.891201782226562500e+01 6.706121063232421875e+01 nan 1.702471800000000000e+07 8.999686912295287584e+02
1.609758734703063965e-01 1.088196933269500732e-01 1.946297314463125787e-09 1.730713200000000000e+07 1.712865400000000000e+07 6.534347534179687500e+01 6.358851623535156250e+01 nan 1.727986600000000000e+07 8.363637357749978491e+02
1.663603782653808594e-01 1.124596148729324341e-01 1.944057316713681798e-09 1.763552200000000000e+07 1.745027000000000000e+07 6.234103393554687500e+01 6.066671371459960938e+01 nan 1.760722000000000000e+07 7.858762663877447494e+02
1.717448830604553223e-01 1.160995438694953918e-01 1.941891129256332855e-09 1.805233800000000000e+07 1.786833600000000000e+07 5.987891006469726562e+01 5.827070999145507812e+01 nan 1.802422600000000000e+07 7.475812846418231175e+02
1.771293878555297852e-01 1.197394654154777527e-01 1.939794125595426991e-09 1.854432800000000000e+07 1.836799400000000000e+07 5.783446884155273438e+01 5.628116607666015625e+01 nan 1.851739000000000000e+07 7.183303175533911826e+02
1.825138777494430542e-01 1.233793795108795166e-01 1.937762091126241291e-09 1.907804400000000000e+07 1.891252000000000000e+07 5.604772186279296875e+01 5.454240417480468750e+01 nan 1.905275600000000000e+07 6.942224060489397743e+02
1.878983825445175171e-01 1.270193010568618774e-01 1.935791175107242678e-09 1.961031400000000000e+07 1.945482400000000000e+07 5.436349105834960938e+01 5.290338134765625000e+01 nan 1.958655800000000000e+07 6.715474610587665438e+02
1.932828873395919800e-01 1.306592375040054321e-01 1.933877861004656685e-09 2.009653000000000000e+07 1.994681800000000000e+07 5.265466308593750000e+01 5.124044799804687500e+01 nan 2.007365600000000000e+07 6.473051249282416393e+02
1.986673772335052490e-01 1.342991441488265991e-01 1.932018951816384183e-09 2.050323000000000000e+07 2.035292800000000000e+07 5.084869003295898438e+01 4.948298645019531250e+01 nan 2.048026800000000000e+07 6.198611924135791469e+02
2.040518820285797119e-01 1.379390656948089600e-01 1.930211465507478933e-09 2.082040800000000000e+07 2.066291200000000000e+07 4.894426727294921875e+01 4.762971115112304688e+01 nan 2.079634600000000000e+07 5.893587624811352725e+02
2.094363868236541748e-01 1.415790021419525146e-01 1.928452677645768952e-09 2.106231200000000000e+07 2.089256200000000000e+07 4.699594116210937500e+01 4.573371887207031250e+01 nan 2.103637600000000000e+07 5.572918668855387523e+02
2.148208767175674438e-01 1.452189087867736816e-01 1.926740094380007882e-09 2.125892200000000000e+07 2.107467800000000000e+07 4.508205413818359375e+01 4.387124633789062500e+01 nan 2.123077400000000000e+07 5.256472093352917909e+02
2.202053815126419067e-01 1.488588303327560425e-01 1.925071368159055733e-09 2.144744600000000000e+07 2.124966800000000000e+07 4.328086471557617188e+01 4.211843872070312500e+01 nan 2.141722800000000000e+07 4.962864486836682545e+02
2.255898863077163696e-01 1.524987667798995972e-01 1.923444343781293656e-09 2.166415800000000000e+07 2.145654600000000000e+07 4.165367507934570312e+01 4.053495788574218750e+01 nan 2.163244000000000000e+07 4.705681357163593930e+02
2.309743911027908325e-01 1.561386883258819580e-01 1.921857033120720865e-09 2.193410000000000000e+07 2.172192600000000000e+07 4.022877120971679688e+01 3.914832687377929688e+01 nan 2.190168600000000000e+07 4.490423970835437899e+02
2.363588809967041016e-01 1.597786098718643188e-01 1.920307567935778733e-09 2.226400400000000000e+07 2.205262200000000000e+07 3.899571990966796875e+01 3.794838333129882812e+01 nan 2.223171000000000000e+07 4.313994970753814755e+02
2.417433857917785645e-01 1.634185314178466797e-01 1.918794213956308179e-09 2.264361800000000000e+07 2.243707000000000000e+07 3.791584014892578125e+01 3.689750671386718750e+01 nan 2.261206200000000000e+07 4.167487559688415786e+02
2.471278905868530273e-01 1.670584529638290405e-01 1.917315352832477265e-09 2.305063600000000000e+07 2.285072600000000000e+07 3.693647003173828125e+01 3.594443130493164062e+01 nan 2.302009600000000000e+07 4.039357520780220057e+02
2.525123953819274902e-01 1.706983745098114014e-01 1.915869472055197894e-09 2.345491200000000000e+07 2.326092800000000000e+07 3.600085830688476562e+01 3.503394699096679688e+01 nan 2.342527600000000000e+07 3.917451368763681785e+02
2.578969001770019531e-01 1.743383109569549561e-01 1.914455150219987163e-09 2.382567400000000000e+07 2.363481600000000000e+07 3.506030654907226562e+01 3.411864852905273438e+01 nan 2.379651600000000000e+07 3.791536929797979951e+02
2.632813751697540283e-01 1.779782027006149292e-01 1.913071083197014340e-09 2.414299600000000000e+07 2.395127800000000000e+07 3.408931350708007812e+01 3.317374038696289062e+01 nan 2.411370400000000000e+07 3.656547379151013502e+02
2.686658799648284912e-01 1.816181391477584839e-01 1.911715991580206360e-09 2.440451000000000000e+07 2.420791200000000000e+07 3.309056472778320312e+01 3.220181655883789062e+01 nan 2.437447400000000000e+07 3.513533608152266652e+02
2.740503847599029541e-01 1.852580606937408447e-01 1.910388727493893778e-09 2.462138800000000000e+07 2.441688400000000000e+07 3.208433151245117188e+01 3.122261238098144531e+01 nan 2.459014400000000000e+07 3.367236928872425779e+02
2.794348895549774170e-01 1.888979822397232056e-01 1.909088184011114833e-09 2.481095000000000000e+07 2.459721600000000000e+07 3.109579086303710938e+01 3.026062202453613281e+01 nan 2.477829600000000000e+07 3.223213080545762637e+02
2.848193943500518799e-01 1.925379037857055664e-01 1.907813323590368924e-09 2.499362600000000000e+07 2.477121200000000000e+07 3.015015220642089844e+01 2.934038352966308594e+01 nan 2.495964400000000000e+07 3.086767637044735579e+02
2.902038991451263428e-01 1.961778402328491211e-01 1.906563162582237113e-09 2.519110800000000000e+07 2.496212600000000000e+07 2.927027130126953125e+01 2.848413467407226562e+01 nan 2.515612600000000000e+07 2.962470819237525461e+02
2.955884039402008057e-01 1.998177617788314819e-01 1.905336787226579552e-09 2.541996600000000000e+07 2.518741000000000000e+07 2.846964454650878906e+01 2.770501136779785156e+01 nan 2.538443400000000000e+07 2.852841421102971253e+02
3.009728789329528809e-01 2.034576684236526489e-01 1.904133323856378078e-09 2.568458000000000000e+07 2.545151400000000000e+07 2.774629402160644531e+01 2.700108528137207031e+01 nan 2.564897400000000000e+07 2.757264027160958335e+02
3.063573837280273438e-01 2.070975899696350098e-01 1.902951936232507350e-09 2.597712200000000000e+07 2.574586400000000000e+07 2.708530998229980469e+01 2.635785484313964844e+01 nan 2.594179200000000000e+07 2.672655472153788310e+02
3.117418885231018066e-01 2.107375115156173706e-01 1.901791846628511990e-09 2.628361200000000000e+07 2.605527400000000000e+07 2.646728897094726562e+01 2.575643157958984375e+01 nan 2.624872800000000000e+07 2.595169789557706963e+02
3.171263933181762695e-01 2.143774479627609253e-01 1.900652308391623192e-09 2.658889800000000000e+07 2.636321000000000000e+07 2.587405014038085938e+01 2.517912292480468750e+01 nan 2.655441600000000000e+07 2.521298035512819240e+02
3.225108981132507324e-01 2.180173695087432861e-01 1.899532626729035332e-09 2.687827200000000000e+07 2.665382800000000000e+07 2.529013252258300781e+01 2.461088943481445312e+01 nan 2.684398000000000000e+07 2.448129347932359394e+02
3.278954029083251953e-01 2.216572910547256470e-01 1.898432128189829179e-09 2.713995800000000000e+07 2.691467000000000000e+07 2.470475578308105469e+01 2.404123306274414062e+01 nan 2.710554200000000000e+07 2.373698667828014663e+02
3.332799077033996582e-01 2.252972126007080078e-01 1.897350177081271127e-09 2.736949600000000000e+07 2.714121000000000000e+07 2.411502075195312500e+01 2.346734237670898438e+01 nan 2.733461800000000000e+07 2.297586616530277581e+02
3.386643826961517334e-01 2.289371192455291748e-01 1.896286172945125672e-09 2.757172400000000000e+07 2.733876400000000000e+07 2.352643966674804688e+01 2.289456558227539062e+01 nan 2.753613200000000000e+07 2.220962981832178684e+02
3.440488874912261963e-01 2.325770407915115356e-01 1.895239531240720810e-09 2.775761200000000000e+07 2.751915400000000000e+07 2.294896507263183594e+01 2.233260345458984375e+01 nan 2.772118400000000000e+07 2.145784156749059832e+02
3.494333922863006592e-01 2.362169772386550903e-01 1.894209703480833635e-09 2.793904000000000000e+07 2.769522600000000000e+07 2.239207649230957031e+01 2.179067039489746094e+01 nan 2.790179200000000000e+07 2.073843149851409748e+02
3.548178970813751221e-01 2.398568987846374512e-01 1.893196174858241155e-09 2.812595200000000000e+07 2.787776200000000000e+07 2.186256027221679688e+01 2.127537918090820312e+01 nan 2.808803400000000000e+07 2.006373238542839204e+02
3.602024018764495850e-01 2.434968203306198120e-01 1.892198441798694543e-09 2.832579600000000000e+07 2.807470800000000000e+07 2.136441612243652344e+01 2.079061126708984375e+01 nan 2.828743800000000000e+07 1.944058327153842356e+02
3.655869066715240479e-01 2.471367418766021729e-01 1.891216027459402332e-09 2.854231000000000000e+07 2.828988600000000000e+07 2.089832115173339844e+01 2.033703804016113281e+01 nan 2.850374600000000000e+07 1.886972994607696421e+02
3.709714114665985107e-01 2.507766783237457275e-01 1.890248472221847833e-09 2.877378800000000000e+07 2.852128600000000000e+07 2.046089363098144531e+01 1.991135787963867188e+01 nan 2.873520800000000000e+07 1.834466282173857792e+02
3.763558864593505859e-01 2.544165849685668945e-01 1.889295352117686434e-09 2.901353800000000000e+07 2.876165200000000000e+07 2.004556655883789062e+01 1.950718307495117188e+01 nan 2.897505600000000000e+07 1.785349143117850588e+02
3.817403912544250488e-01 2.580564916133880615e-01 1.888356242191734645e-09 2.925312600000000000e+07 2.900187600000000000e+07 1.964525604248046875e+01 1.911762428283691406e+01 nan 2.921474000000000000e+07 1.738370428240587557e+02
3.871248960494995117e-01 2.616964280605316162e-01 1.887430735669950155e-09 2.948529600000000000e+07 2.923411200000000000e+07 1.925439453125000000e+01 1.873726081848144531e+01 nan 2.944692000000000000e+07 1.692570586535829023e+02
3.925094008445739746e-01 2.653363645076751709e-01 1.886518457772270655e-09 2.970476000000000000e+07 2.945269200000000000e+07 1.886925888061523438e+01 1.836246871948242188e+01 nan 2.966625000000000000e+07 1.647331626142578216e+02
3.978939056396484375e-01 2.689762711524963379e-01 1.885619049100158659e-09 2.990853400000000000e+07 2.965453400000000000e+07 1.848795700073242188e+01 1.799140930175781250e+01 nan 2.986972600000000000e+07 1.602361498535416047e+02
4.032784104347229004e-01 2.726162075996398926e-01 1.884732143174389957e-09 3.009722600000000000e+07 2.984043000000000000e+07 1.811098861694335938e+01 1.762456321716308594e+01 nan 3.005799400000000000e+07 1.557779100056140464e+02
4.086629152297973633e-01 2.762561440467834473e-01 1.883857409814700777e-09 3.027546200000000000e+07 3.001537600000000000e+07 1.774114990234375000e+01 1.726465797424316406e+01 nan 3.023572800000000000e+07 1.514090873737878269e+02
4.140473902225494385e-01 2.798960208892822266e-01 1.882994538868699288e-09 3.044950000000000000e+07 3.018607400000000000e+07 1.738189697265625000e+01 1.691505432128906250e+01 nan 3.040925600000000000e+07 1.471897194987104740e+02
4.194318950176239014e-01 2.835359573364257812e-01 1.882143190604211824e-09 3.062435800000000000e+07 3.035795400000000000e+07 1.703561592102050781e+01 1.657807540893554688e+01 nan 3.058365800000000000e+07 1.431596223848635532e+02
4.248163998126983643e-01 2.871758937835693359e-01 1.881303079826970542e-09 3.080318800000000000e+07 3.053444400000000000e+07 1.670340728759765625e+01 1.625478935241699219e+01 nan 3.076212800000000000e+07 1.393363226504048100e+02
4.302009046077728271e-01 2.908158004283905029e-01 1.880473925305205483e-09 3.098815600000000000e+07 3.071781000000000000e+07 1.638570594787597656e+01 1.594561862945556641e+01 nan 3.094685200000000000e+07 1.357260014262257073e+02
4.355854094028472900e-01 2.944557368755340576e-01 1.879655436356054805e-09 3.117993600000000000e+07 3.090862400000000000e+07 1.608208084106445312e+01 1.565014934539794922e+01 nan 3.113848600000000000e+07 1.323204075554170913e+02
4.409699141979217529e-01 2.980956733226776123e-01 1.878847353036435648e-09 3.137631600000000000e+07 3.110445400000000000e+07 1.579066276550292969e+01 1.536655807495117188e+01 nan 3.133478200000000000e+07 1.290882125725486844e+02
4.463544189929962158e-01 3.017355799674987793e-01 1.878049424887222573e-09 3.157299400000000000e+07 3.130069200000000000e+07 1.550869274139404297e+01 1.509216213226318359e+01 nan 3.153139200000000000e+07 1.259845259038302601e+02
4.517388939857482910e-01 3.053754866123199463e-01 1.877261397654174740e-09 3.176613600000000000e+07 3.149323200000000000e+07 1.523389244079589844e+01 1.482474040985107422e+01 nan 3.172444200000000000e+07 1.229728569332649926e+02
4.571233987808227539e-01 3.090154230594635010e-01 1.876483026309890802e-09 3.195365800000000000e+07 3.167977600000000000e+07 1.496499443054199219e+01 1.456306552886962891e+01 nan 3.191181600000000000e+07 1.200338053090802504e+02
4.625079035758972168e-01 3.126553297042846680e-01 1.875714093387305177e-09 3.213439800000000000e+07 3.185908600000000000e+07 1.470127391815185547e+01 1.430642604827880859e+01 nan 3.209233600000000000e+07 1.171568608465731813e+02
4.678924083709716797e-01 3.162952661514282227e-01 1.874954364165268396e-09 3.230766800000000000e+07 3.203051600000000000e+07 1.444228744506835938e+01 1.405439758300781250e+01 nan 3.226533000000000000e+07 1.143357768711413200e+02
4.732769131660461426e-01 3.199352025985717773e-01 1.874203630559428286e-09 3.247422800000000000e+07 3.219495000000000000e+07 1.418825531005859375e+01 1.380718898773193359e+01 nan 3.243156200000000000e+07 1.115749063748909009e+02
4.786614179611206055e-01 3.235751092433929443e-01 1.873461691551420399e-09 3.263674000000000000e+07 3.235524800000000000e+07 1.394019794464111328e+01 1.356579303741455078e+01 nan 3.259373200000000000e+07 1.088908202369003817e+02
4.840458929538726807e-01 3.272150158882141113e-01 1.872728340933758753e-09 3.279840200000000000e+07 3.251480400000000000e+07 1.369925785064697266e+01 1.333132648468017578e+01 nan 3.275507800000000000e+07 1.063013418958952343e+02
4.894303977489471436e-01 3.308549523353576660e-01 1.872003379495005729e-09 3.296113400000000000e+07 3.267566600000000000e+07 1.346594238281250000e+01 1.310427474975585938e+01 nan 3.291752200000000000e+07 1.038140655916032102e+02
4.948149025440216064e-01 3.344948589801788330e-01 1.871286632213937058e-09 3.312537400000000000e+07 3.283834800000000000e+07 1.324010562896728516e+01 1.288450431823730469e+01 nan 3.308152200000000000e+07 1.014265741635510949e+02
5.001994371414184570e-01 3.381348252296447754e-01 1.870577900826693527e-09 3.329120400000000000e+07 3.300292400000000000e+07 1.302146244049072266e+01 1.267173385620117188e+01 nan 3.324716200000000000e+07 9.913417324143900089e+01
5.055838823318481445e-01 3.417747020721435547e-01 1.869877039368293133e-09 3.345859000000000000e+07 3.316928000000000000e+07 1.280969142913818359e+01 1.246564960479736328e+01 nan 3.341438800000000000e+07 9.693192143737483946e+01
5.109683871269226074e-01 3.454146385192871094e-01 1.869183849789121820e-09 3.362672400000000000e+07 3.333649200000000000e+07 1.260419559478759766e+01 1.226567173004150391e+01 nan 3.358238400000000000e+07 9.481065743207832952e+01
5.163528919219970703e-01 3.490545451641082764e-01 1.868498185335105332e-09 3.379366000000000000e+07 3.350248400000000000e+07 1.240399742126464844e+01 1.207085132598876953e+01 nan 3.374917200000000000e+07 9.275587539282065563e+01
5.217373967170715332e-01 3.526944816112518311e-01 1.867819876059786520e-09 3.395748800000000000e+07 3.366526000000000000e+07 1.220821094512939453e+01 1.188032436370849609e+01 nan 3.391284000000000000e+07 9.075453185941287870e+01
5.271219015121459961e-01 3.563344180583953857e-01 1.867148773833358248e-09 3.411754800000000000e+07 3.382409200000000000e+07 1.201645660400390625e+01 1.169371986389160156e+01 nan 3.407271600000000000e+07 8.880133573009642589e+01
5.325064063072204590e-01 3.599743247032165527e-01 1.866484735032350672e-09 3.427418800000000000e+07 3.397932800000000000e+07 1.182872867584228516e+01 1.151103401184082031e+01 nan 3.422914000000000000e+07 8.689652984994815199e+01
5.378909111022949219e-01 3.636142611503601074e-01 1.865827604301946768e-09 3.442772000000000000e+07 3.413132400000000000e+07 1.164501476287841797e+01 1.133225250244140625e+01 nan 3.438243200000000000e+07 8.504005266317957989e+01
5.432754158973693848e-01 3.672541677951812744e-01 1.865177252290424566e-09 3.457831200000000000e+07 3.428030400000000000e+07 1.146524143218994141e+01 1.115730953216552734e+01 nan 3.453278000000000000e+07 8.323110164757828500e+01
5.486599206924438477e-01 3.708941042423248291e-01 1.864533532427482462e-09 3.472682000000000000e+07 3.442722000000000000e+07 1.128957080841064453e+01 1.098635673522949219e+01 nan 3.468104800000000000e+07 8.147206801161243561e+01
5.540444254875183105e-01 3.745340406894683838e-01 1.863896318172137942e-09 3.487475200000000000e+07 3.457363600000000000e+07 1.111835002899169922e+01 1.081973457336425781e+01 nan 3.482874800000000000e+07 7.976792792228867768e+01
5.594289302825927734e-01 3.781739473342895508e-01 1.863265486641235488e-09 3.502303200000000000e+07 3.472052800000000000e+07 1.095171546936035156e+01 1.065757560729980469e+01 nan 3.497682000000000000e+07 7.812062739453489257e+01
5.648134350776672363e-01 3.818138837814331055e-01 1.862640903204479876e-09 3.517151200000000000e+07 3.486773200000000000e+07 1.078944778442382812e+01 1.049966430664062500e+01 nan 3.512509600000000000e+07 7.652692195995997793e+01
5.701979398727416992e-01 3.854538202285766602e-01 1.862022452330667509e-09 3.531961600000000000e+07 3.501468800000000000e+07 1.063122272491455078e+01 1.034568977355957031e+01 nan 3.527303200000000000e+07 7.498216873655319148e+01
5.755824446678161621e-01 3.890937268733978271e-01 1.861410021730888845e-09 3.546730400000000000e+07 3.516128800000000000e+07 1.047688007354736328e+01 1.019549274444580078e+01 nan 3.542055200000000000e+07 7.348418521977701801e+01
5.809668898582458496e-01 3.927336037158966064e-01 1.860803497296447543e-09 3.561452800000000000e+07 3.530746400000000000e+07 1.032627582550048828e+01 1.004893302917480469e+01 nan 3.556761600000000000e+07 7.203092893871891533e+01
5.863513946533203125e-01 3.963735401630401611e-01 1.860202753428811389e-09 3.576062000000000000e+07 3.545246400000000000e+07 1.017908382415771484e+01 9.905694961547851562e+00 nan 3.571354000000000000e+07 7.061786571919962796e+01
5.917358994483947754e-01 4.000134766101837158e-01 1.859607692406273365e-09 3.590457600000000000e+07 3.559528800000000000e+07 1.003491783142089844e+01 9.765399932861328125e+00 nan 3.585732400000000000e+07 6.923971728334520037e+01
5.971204042434692383e-01 4.036533832550048828e-01 1.859018214291441706e-09 3.604618400000000000e+07 3.573570000000000000e+07 9.893622398376464844e+00 9.627900123596191406e+00 nan 3.599875200000000000e+07 6.789451795219167707e+01
6.025049090385437012e-01 4.072933197021484375e-01 1.858434207544148841e-09 3.618599600000000000e+07 3.587425200000000000e+07 9.755266189575195312e+00 9.493259429931640625e+00 nan 3.613836800000000000e+07 6.658318603796034552e+01
6.078894138336181641e-01 4.109332561492919922e-01 1.857855577876460681e-09 3.632436800000000000e+07 3.601134000000000000e+07 9.619854927062988281e+00 9.361485481262207031e+00 nan 3.627654800000000000e+07 6.530590248536476849e+01
6.132739186286926270e-01 4.145731627941131592e-01 1.857282233477322155e-09 3.646120400000000000e+07 3.614688000000000000e+07 9.487272262573242188e+00 9.232464790344238281e+00 nan 3.641318000000000000e+07 6.406113362726041771e+01
6.186584234237670898e-01 4.182130992412567139e-01 1.856714071034082293e-09 3.659663200000000000e+07 3.628103600000000000e+07 9.357469558715820312e+00 9.106147766113281250e+00 nan 3.654842000000000000e+07 6.284815496884684904e+01
6.240429282188415527e-01 4.218530058860778809e-01 1.856151008397507339e-09 3.673133200000000000e+07 3.641450000000000000e+07 9.230532646179199219e+00 8.982619285583496094e+00 nan 3.668292400000000000e+07 6.166821450598136778e+01
6.294274330139160156e-01 4.254929423332214355e-01 1.855592947277603754e-09 3.686586400000000000e+07 3.654786400000000000e+07 9.106513977050781250e+00 8.861931800842285156e+00 nan 3.681728000000000000e+07 6.052192158609082639e+01
6.556535363197326660e-01 4.432217776775360107e-01 1.852943630635520644e-09 3.751116000000000000e+07 3.718788800000000000e+07 8.539475440979003906e+00 8.310123443603515625e+00 nan 3.746177200000000000e+07 5.535772034110041773e+01
8.039034605026245117e-01 5.434387326240539551e-01 1.839770603253567837e-09 4.075874800000000000e+07 4.040757600000000000e+07 6.172098636627197266e+00 6.006328582763671875e+00 nan 4.070510000000000000e+07 3.520560361295730445e+01
9.932619333267211914e-01 6.714450716972351074e-01 1.826201010048688587e-09 4.418986000000000000e+07 4.380923600000000000e+07 4.383439064025878906e+00 4.265708923339843750e+00 nan 4.413170800000000000e+07 2.177813022839325541e+01
1.227223634719848633e+00 8.296031951904296875e-01 1.812731498599941669e-09 4.767508400000000000e+07 4.726455600000000000e+07 3.097877502441406250e+00 3.014674901962280273e+00 nan 4.761236800000000000e+07 1.334023154940595823e+01
1.516294717788696289e+00 1.025015234947204590e+00 1.799361337301671755e-09 5.120734000000000000e+07 5.076649200000000000e+07 2.179642677307128906e+00 2.121102094650268555e+00 nan 5.113998400000000000e+07 8.099347559855374357e+00
1.873456120491027832e+00 1.266456365585327148e+00 1.786089789356977996e-09 5.477948000000000000e+07 5.430798400000000000e+07 1.527395129203796387e+00 1.486372470855712891e+00 nan 5.470744800000000000e+07 4.877829397149147539e+00
2.314746379852294922e+00 1.564768552780151367e+00 1.772916133006574509e-09 5.838609600000000000e+07 5.788365200000000000e+07 1.066407918930053711e+00 1.037766456604003906e+00 nan 5.830933600000000000e+07 2.916184249210729273e+00
2.859982252120971680e+00 1.933347940444946289e+00 1.759839636962373426e-09 6.202232800000000000e+07 6.148869200000000000e+07 7.420657873153686523e-01 7.221353650093078613e-01 nan 6.194079600000000000e+07 1.731798489341078717e+00
3.533647537231445312e+00 2.388745784759521484e+00 1.746859588797865175e-09 6.568380400000000000e+07 6.511880400000000000e+07 5.147936940193176270e-01 5.009673237800598145e-01 nan 6.559748800000000000e+07 1.022169745095443671e+00
4.365993976593017578e+00 2.951411962509155273e+00 1.733975279535418463e-09 6.936682400000000000e+07 6.877031200000000000e+07 3.561290502548217773e-01 3.465640842914581299e-01 nan 6.927568800000000000e+07 5.999501791255890115e-01
5.394398689270019531e+00 3.646613597869873047e+00 1.721185999058096773e-09 7.306839200000000000e+07 7.244025600000000000e+07 2.457344830036163330e-01 2.391344755887985229e-01 nan 7.297242400000000000e+07 3.503288353773650887e-01
6.665042877197265625e+00 4.505568981170654297e+00 1.708491050912268841e-09 7.678528800000000000e+07 7.612551200000000000e+07 1.691592931747436523e-01 1.646159440279006958e-01 nan 7.668448800000000000e+07 2.036001419869032936e-01
8.234986305236816406e+00 5.566850662231445312e+00 1.695889732548296616e-09 8.051549600000000000e+07 7.982414400000000000e+07 1.161927655339241028e-01 1.130719855427742004e-01 nan 8.040987200000000000e+07 1.178110662213434495e-01
1.017472743988037109e+01 6.878115653991699219e+00 1.683381361073609185e-09 8.425652800000000000e+07 8.353375200000000000e+07 7.964999973773956299e-02 7.751069217920303345e-02 nan 8.414609600000000000e+07 6.789524612840262818e-02
1.257137203216552734e+01 8.498247146606445312e+00 1.670965250288532184e-09 8.800624800000000000e+07 8.725240000000000000e+07 5.449787899851799011e-02 5.303409695625305176e-02 nan 8.789108000000000000e+07 3.898204114543954435e-02
1.553254413604736328e+01 1.050000000000000000e+01 1.658640709094829109e-09 9.176271200000000000e+07 9.097840800000000000e+07 3.722358122467994690e-02 3.622375056147575378e-02 nan 9.164288000000000000e+07 2.230360683283091547e-02
