# k/h [h/Mpc]            k [1/Mpc]              Primoridal             T_cdm(k)                 T_bar(k)                 T_phot(k)                T_massless neutrions(k)  T_massive neutrinos(k)   T_total(k)               Linear Pk [(Mpc/h)^3]  
1.049045658874092624e-05 7.091548468451946974e-06 2.727206404909961128e-09 1.000000000000000000e+00 1.000000000000000000e+00 1.000000000000000000e+00 1.000000000000000000e+00 nan 1.000000000000000000e+00 2.435515062246578921e+01
1.158353370556142181e-05 7.830468348402064294e-06 2.717761705682844603e-09 9.999996423721313477e-01 9.999996423721313477e-01 9.999210834503173828e-01 9.999189972877502441e-01 nan 9.999996423721313477e-01 2.679973775819077275e+01
1.279050593439023942e-05 8.646382411825470626e-06 2.708349706436794825e-09 9.999993443489074707e-01 9.999992847442626953e-01 9.998248815536499023e-01 9.998202919960021973e-01 nan 9.999993443489074707e-01 2.948969774364698893e+01
1.412324218108551577e-05 9.547311492497101426e-06 2.698970312856197758e-09 9.999989271163940430e-01 9.999988675117492676e-01 9.997076392173767090e-01 9.996998906135559082e-01 nan 9.999989271163940430e-01 3.244965003300603712e+01
1.559484553581569344e-05 1.054211588780162856e-05 2.689623392481895528e-09 9.999984502792358398e-01 9.999983906745910645e-01 9.995645880699157715e-01 9.995532035827636719e-01 nan 9.999984502792358398e-01 3.570669316998804277e+01
1.721978514979127795e-05 1.164057448477251455e-05 2.680308856040028027e-09 9.999978542327880859e-01 9.999977946281433105e-01 9.993903040885925293e-01 9.993744492530822754e-01 nan 9.999978542327880859e-01 3.929064159078976814e+01
1.901403993542771786e-05 1.285349117097212002e-05 2.671026563908324178e-09 9.999970793724060059e-01 9.999970197677612305e-01 9.991778135299682617e-01 9.991564154624938965e-01 nan 9.999970793724060059e-01 4.323430579194045009e+01
2.099525045196060091e-05 1.419278942194068804e-05 2.661776424936157355e-09 9.999961853027343750e-01 9.999961256980895996e-01 9.989187717437744141e-01 9.988906979560852051e-01 nan 9.999961853027343750e-01 4.757378863321383022e+01
2.318289807590190321e-05 1.567163963045459241e-05 2.652558315858844083e-09 9.999950528144836426e-01 9.999949932098388672e-01 9.986030459403991699e-01 9.985666871070861816e-01 nan 9.999950528144836426e-01 5.234880637863196995e+01
2.559849235694855452e-05 1.730458097881637514e-05 2.643372135990062650e-09 9.999938011169433594e-01 9.999936223030090332e-01 9.982182383537292480e-01 9.981718659400939941e-01 nan 9.999936819076538086e-01 5.760308177350834313e+01
2.826578383974265307e-05 1.910767059598583728e-05 2.634217767634683471e-09 9.999920725822448730e-01 9.999918341636657715e-01 9.977492094039916992e-01 9.976907372474670410e-01 nan 9.999920725822448730e-01 6.338467237813771504e+01
3.121100235148333013e-05 2.109863817167934030e-05 2.625095097817206075e-09 9.999900460243225098e-01 9.999898672103881836e-01 9.971775412559509277e-01 9.971044063568115234e-01 nan 9.999900460243225098e-01 6.974651863774320759e+01
3.446310074650682509e-05 2.329705603187903762e-05 2.616004033478672110e-09 9.999876022338867188e-01 9.999874234199523926e-01 9.964810609817504883e-01 9.963898658752441406e-01 nan 9.999876022338867188e-01 7.674682521100139354e+01
3.805406231549568474e-05 2.572454650362487882e-05 2.606944439452153756e-09 9.999846816062927246e-01 9.999843239784240723e-01 9.956325888633728027e-01 9.955192804336547852e-01 nan 9.999846816062927246e-01 8.444966293309440175e+01
4.201919000479392707e-05 2.840497290890198201e-05 2.597916226597658093e-09 9.999810457229614258e-01 9.999805688858032227e-01 9.945988655090332031e-01 9.944587945938110352e-01 nan 9.999809861183166504e-01 9.292547696254220568e+01
4.639747567125596106e-05 3.136469240416772664e-05 2.588919279439887767e-09 9.999766349792480469e-01 9.999760389328002930e-01 9.933399558067321777e-01 9.931674003601074219e-01 nan 9.999765753746032715e-01 1.022517996723490938e+02
5.123196388012729585e-05 3.463280881987884641e-05 2.579953483847589841e-09 9.999712109565734863e-01 9.999705553054809570e-01 9.918070435523986816e-01 9.915947914123535156e-01 nan 9.999710321426391602e-01 1.125139279231070901e+02
5.657019573845900595e-05 3.824145096587017179e-05 2.571018745591721348e-09 9.999646544456481934e-01 9.999638795852661133e-01 9.899410009384155273e-01 9.896804690361022949e-01 nan 9.999645352363586426e-01 1.238057026966438201e+02
6.246465636650100350e-05 4.222610732540488243e-05 2.562114941593048984e-09 9.999566674232482910e-01 9.999556541442871094e-01 9.876703619956970215e-01 9.873513579368591309e-01 nan 9.999564886093139648e-01 1.362303080528165822e+02
6.897329876665025949e-05 4.662595165427774191e-05 2.553241977543412439e-09 9.999468922615051270e-01 9.999456405639648438e-01 9.849084615707397461e-01 9.845183491706848145e-01 nan 9.999467134475708008e-01 1.499012588900090748e+02
7.616012590005993843e-05 5.148424679646268487e-05 2.544399743325443185e-09 9.999350309371948242e-01 9.999335408210754395e-01 9.815509915351867676e-01 9.810745716094970703e-01 nan 9.999347329139709473e-01 1.649434083675394618e+02
8.409580186707898974e-05 5.684876305167563260e-05 2.535588130685252624e-09 9.999203681945800781e-01 9.999186992645263672e-01 9.774720072746276855e-01 9.768909215927124023e-01 nan 9.999201893806457520e-01 1.814940078072703500e+02
9.285835403716191649e-05 6.277224747464060783e-05 2.526807033334104165e-09 9.999027252197265625e-01 9.999006390571594238e-01 9.725202918052673340e-01 9.718124866485595703e-01 nan 9.999024271965026855e-01 1.997040962314465276e+02
1.025339443003758788e-04 6.931294774403795600e-05 2.518056339675267213e-09 9.998812079429626465e-01 9.998787045478820801e-01 9.665150046348571777e-01 9.656541943550109863e-01 nan 9.998808503150939941e-01 2.197396124814406448e+02
1.132176985265687108e-04 7.653516513528302312e-05 2.509335958204897443e-09 9.998549818992614746e-01 9.998518228530883789e-01 9.592404961585998535e-01 9.581949710845947266e-01 nan 9.998545646667480469e-01 2.417828996963045256e+02
1.250146742677316070e-04 8.450992027064785361e-05 2.500645773867358897e-09 9.998229742050170898e-01 9.998192191123962402e-01 9.504411220550537109e-01 9.491734504699707031e-01 nan 9.998224377632141113e-01 2.660344071508957882e+02
1.380408502882346511e-04 9.331561159342527390e-05 2.491985695624705562e-09 9.997841715812683105e-01 9.997796416282653809e-01 9.398158192634582520e-01 9.382815361022949219e-01 nan 9.997833967208862305e-01 2.927143859115547002e+02
1.524243270978331566e-04 1.030388448270969093e-04 2.483355596498544299e-09 9.997368454933166504e-01 9.997311234474182129e-01 9.270131587982177734e-01 9.251601099967956543e-01 nan 9.997359514236450195e-01 3.220646119486344787e+02
1.683065347606316209e-04 1.137752187787555158e-04 2.474755379885282393e-09 9.996792078018188477e-01 9.996724128723144531e-01 9.116271734237670898e-01 9.093948602676391602e-01 nan 9.996781945228576660e-01 3.543504655393170424e+02
1.858436153270304203e-04 1.256302784895524383e-04 2.466184957973141175e-09 9.996091127395629883e-01 9.996008276939392090e-01 8.931958079338073730e-01 8.905145525932312012e-01 nan 9.996078014373779297e-01 3.898631056612600219e+02
2.052080089924857020e-04 1.387206139042973518e-04 2.457644209414643305e-09 9.995238780975341797e-01 9.995138645172119141e-01 8.712025284767150879e-01 8.679935336112976074e-01 nan 9.995224475860595703e-01 4.289217627646722235e+02
2.265901130158454180e-04 1.531749148853123188e-04 2.449133045395065615e-09 9.994204640388488770e-01 9.994083642959594727e-01 8.450847268104553223e-01 8.412607908248901367e-01 nan 9.994186162948608398e-01 4.718763905591445678e+02
2.502001880202442408e-04 1.691353245405480266e-04 2.440651351248999153e-09 9.992948770523071289e-01 9.992802143096923828e-01 8.142513036727905273e-01 8.097184896469116211e-01 nan 9.992926716804504395e-01 5.191096855201130893e+02
2.762703516054898500e-04 1.867587561719119549e-04 2.432199034655000626e-09 9.991426467895507812e-01 9.991250038146972656e-01 7.781136035919189453e-01 7.727751135826110840e-01 nan 9.991398453712463379e-01 5.710403255155130182e+02
3.050569503102451563e-04 2.062184939859434962e-04 2.423775992290330563e-09 9.989581704139709473e-01 9.989369511604309082e-01 7.361356616020202637e-01 7.298972606658935547e-01 nan 9.989548921585083008e-01 6.281254852630083860e+02
3.368430479895323515e-04 2.277058956678956747e-04 2.415382114947829304e-09 9.987350106239318848e-01 9.987095594406127930e-01 6.879077553749084473e-01 6.806877255439758301e-01 nan 9.987311959266662598e-01 6.908637019597022118e+02
3.719411906786262989e-04 2.514322404749691486e-04 2.407017301830847028e-09 9.984655976295471191e-01 9.984350204467773438e-01 6.332501173019409180e-01 6.249921917915344238e-01 nan 9.984608888626098633e-01 7.597979325777005215e+02
4.106964333914220333e-04 2.776307810563594103e-04 2.398681465071051552e-09 9.981408119201660156e-01 9.981043934822082520e-01 5.723465085029602051e-01 5.630379319190979004e-01 nan 9.981351494789123535e-01 8.355175120069676495e+02
4.534898616839200258e-04 3.065591445192694664e-04 2.390374494355455649e-09 9.977502226829528809e-01 9.977069497108459473e-01 5.059036612510681152e-01 4.955977499485015869e-01 nan 9.977436065673828125e-01 9.186617244607326711e+02
5.007422878406941891e-04 3.385017917025834322e-04 2.382096284987275655e-09 9.972817301750183105e-01 9.972306489944458008e-01 4.353173375129699707e-01 4.241588413715362549e-01 nan 9.972739219665527344e-01 1.009921705265184983e+03
5.529182380996644497e-04 3.737727238330990076e-04 2.373846756225058361e-09 9.967215061187744141e-01 9.966614842414855957e-01 3.628055453300476074e-01 3.510546684265136719e-01 nan 9.967123866081237793e-01 1.110042601618003573e+03
6.105307838879525661e-04 4.127188003621995449e-04 2.365625794166928840e-09 9.960536360740661621e-01 9.959839582443237305e-01 2.914408743381500244e-01 2.794886231422424316e-01 nan 9.960430860519409180e-01 1.219824891384482953e+03
6.741464603692293167e-04 4.557229985948652029e-04 2.357433293568910220e-09 9.952609539031982422e-01 9.951804876327514648e-01 2.249852716922760010e-01 2.133489847183227539e-01 nan 9.952486157417297363e-01 1.340127157697790381e+03
7.443906506523489952e-04 5.032080807723104954e-04 2.349269171114912410e-09 9.943237900733947754e-01 9.942319393157958984e-01 1.674222499132156372e-01 1.567070782184600830e-01 nan 9.943097233772277832e-01 1.471864240815898938e+03
8.219541050493717194e-04 5.556409596465528011e-04 2.341133324843220307e-09 9.932206869125366211e-01 9.931171536445617676e-01 1.221240535378456116e-01 1.129393801093101501e-01 nan 9.932048916816711426e-01 1.616008503387104838e+03
9.075994603335857391e-04 6.135372095741331577e-04 2.333025652639057309e-09 9.919283986091613770e-01 9.918134212493896484e-01 9.073896706104278564e-02 8.357061445713043213e-02 nan 9.919108748435974121e-01 1.773588360271481179e+03
1.002168864943087101e-03 6.774661596864461899e-04 2.324946049885245546e-09 9.904217123985290527e-01 9.902958869934082031e-01 7.215545326471328735e-02 6.722074747085571289e-02 nan 9.904024004936218262e-01 1.945684819673443144e+03
1.106592128053307533e-03 7.480562780983746052e-04 2.316894434325377400e-09 9.886723160743713379e-01 9.885371327400207520e-01 6.222610548138618469e-02 5.937200039625167847e-02 nan 9.886516928672790527e-01 2.133423045590157017e+03
1.221895916387438774e-03 8.260016329586505890e-04 2.308870708568745277e-09 9.866498112678527832e-01 9.865069389343261719e-01 5.502738803625106812e-02 5.374981835484504700e-02 nan 9.866279959678649902e-01 2.337966630136005733e+03
1.349214115180075169e-03 9.120687609538435936e-04 2.300874762407135126e-09 9.843198657035827637e-01 9.841715097427368164e-01 4.580046609044075012e-02 4.542408511042594910e-02 nan 9.842972755432128906e-01 2.560500017152344299e+03
1.489798538386821747e-03 1.007103826850652695e-03 2.292906509188567727e-09 9.816444516181945801e-01 9.814928174018859863e-01 3.408612310886383057e-02 3.402785211801528931e-02 nan 9.816212654113769531e-01 2.802210307078733422e+03
1.645031501539051533e-03 1.112041296437382698e-03 2.284965850418265676e-09 9.785814881324768066e-01 9.784282445907592773e-01 2.391365915536880493e-02 2.383798547089099884e-02 nan 9.785581231117248535e-01 3.064265236928156810e+03
1.816439209505915642e-03 1.227912958711385727e-03 2.277052691606405739e-09 9.750851988792419434e-01 9.749308824539184570e-01 1.911012828350067139e-02 1.885881833732128143e-02 nan 9.750615954399108887e-01 3.347784422318905854e+03
2.005707239732146263e-03 1.355858054012060165e-03 2.269166941709029953e-09 9.711062312126159668e-01 9.709502458572387695e-01 1.780371926724910736e-02 1.170285511761903763e-02 nan 9.710823297500610352e-01 3.653809012239988988e+03
2.214696491137146950e-03 1.497134799137711525e-03 2.261308494449764354e-09 9.665912985801696777e-01 9.664315581321716309e-01 1.474613230675458908e-02 9.554402902722358704e-03 nan 9.665669202804565430e-01 3.983255836541315603e+03
2.445461694151163101e-03 1.653132145293056965e-03 2.253477264686429142e-09 9.614837765693664551e-01 9.613170027732849121e-01 1.017741952091455460e-02 7.795341312885284424e-03 nan 9.614583253860473633e-01 4.336869902402368098e+03
2.700272016227245331e-03 1.825383864343166351e-03 2.245673160886940457e-09 9.557236433029174805e-01 9.555463194847106934e-01 8.391953073441982269e-03 6.355529185384511948e-03 nan 9.556964635848999023e-01 4.715167311803810662e+03
2.981632947921752930e-03 2.015583915635943413e-03 2.237896076485985185e-09 9.492478370666503906e-01 9.490574598312377930e-01 7.265398744493722916e-03 5.177508573979139328e-03 nan 9.492188096046447754e-01 5.118370996313650721e+03
3.292310982942581177e-03 2.225602278485894203e-03 2.230145925871712440e-09 9.419910311698913574e-01 9.417859911918640137e-01 5.164678674191236496e-03 4.214131273329257965e-03 nan 9.419597387313842773e-01 5.546334846651883709e+03
3.635360859334468842e-03 2.457503927871584892e-03 2.222422616889744185e-09 9.338855147361755371e-01 9.336644411087036133e-01 4.900219850242137909e-03 3.426660550758242607e-03 nan 9.338517189025878906e-01 5.998461427880474730e+03
4.014155361801385880e-03 2.713568974286317825e-03 2.214726058195065524e-09 9.248612523078918457e-01 9.246213436126708984e-01 3.421061905100941658e-03 2.783359028398990631e-03 nan 9.248246550559997559e-01 6.473598822018848296e+03
4.432419314980506897e-03 2.996315481141209602e-03 2.207056148657132701e-09 9.148471355438232422e-01 9.145830869674682617e-01 2.867231378331780434e-03 2.258154330775141716e-03 nan 9.148068428039550781e-01 6.969950305095084332e+03
4.894265439361333847e-03 3.308523446321487427e-03 2.199412800139309644e-09 9.037710428237915039e-01 9.034769535064697266e-01 2.082355786114931107e-03 1.829675864428281784e-03 nan 9.037261605262756348e-01 7.484960720824547025e+03
5.404234398156404495e-03 3.653262509033083916e-03 2.191795924301313793e-09 8.915607333183288574e-01 8.912311196327209473e-01 1.764107961207628250e-03 1.480387290939688683e-03 nan 8.915103673934936523e-01 8.015204151271032060e+03
5.967340432107448578e-03 4.033922217786312103e-03 2.184205430909534259e-09 8.781434297561645508e-01 8.777720332145690918e-01 1.453355769626796246e-03 1.195906545035541058e-03 nan 8.780867457389831543e-01 8.556253397551776288e+03
6.589121185243129730e-03 4.454245790839195251e-03 2.176641221197925960e-09 8.634468317031860352e-01 8.630244135856628418e-01 1.161124557256698608e-03 9.644348756410181522e-04 nan 8.633822798728942871e-01 9.102569217100000969e+03
7.275689393281936646e-03 4.918366204947233200e-03 2.169103203027300791e-09 8.473986387252807617e-01 8.469150662422180176e-01 9.341417462565004826e-04 7.762985187582671642e-04 nan 8.473247885704040527e-01 9.647355181734934376e+03
8.033796213567256927e-03 5.430846009403467178e-03 2.161591299930936394e-09 8.299273252487182617e-01 8.293715119361877441e-01 6.458413554355502129e-04 6.235671462491154671e-04 nan 8.298423886299133301e-01 1.018246589352272895e+04
8.870895951986312866e-03 5.996725521981716156e-03 2.154105401952956366e-09 8.109611868858337402e-01 8.103190064430236816e-01 6.039440631866455078e-04 4.997387295588850975e-04 nan 8.108630180358886719e-01 1.069825577818645434e+04
9.795218706130981445e-03 6.621567998081445694e-03 2.146645430474833453e-09 7.904307246208190918e-01 7.896869182586669922e-01 4.249110934324562550e-04 3.994886646978557110e-04 nan 7.903170585632324219e-01 1.118357103492038914e+04
1.081585418432950974e-02 7.311517372727394104e-03 2.139211293795359687e-09 7.682669758796691895e-01 7.674036026000976562e-01 4.107814456801861525e-04 3.184546658303588629e-04 nan 7.681351304054260254e-01 1.162564992143898235e+04
1.194283645600080490e-02 8.073357865214347839e-03 2.131802900090153706e-09 7.444040775299072266e-01 7.434016466140747070e-01 2.624676271807402372e-04 2.530673518776893616e-04 nan 7.442509531974792480e-01 1.201020536544186689e+04
1.318724639713764191e-02 8.914578706026077271e-03 2.124420174276236449e-09 7.187831401824951172e-01 7.176198363304138184e-01 2.443223784212023020e-04 2.004072011914104223e-04 nan 7.186053395271301270e-01 1.232164662176889397e+04
1.456132158637046814e-02 9.843453764915466309e-03 2.117063005254935590e-09 6.913555264472961426e-01 6.900086998939514160e-01 1.666215393925085664e-04 1.580886601004749537e-04 nan 6.911497712135314941e-01 1.254341732652393148e+04
1.607857085764408112e-02 1.086911372840404510e-02 2.109731324472420402e-09 6.620927453041076660e-01 6.605391502380371094e-01 1.253403606824576855e-04 1.241643476532772183e-04 nan 6.618553400039672852e-01 1.265874474735321928e+04
1.775391399860382080e-02 1.200164575129747391e-02 2.102425026951150955e-09 6.309979557991027832e-01 6.292157173156738281e-01 9.697641507955268025e-05 9.704629337647929788e-05 nan 6.307256221771240234e-01 1.265170076397165758e+04
1.960382424294948578e-02 1.325218472629785538e-02 2.095144031049849183e-09 5.981238484382629395e-01 5.960948467254638672e-01 9.020342258736491203e-05 7.544120308011770248e-05 nan 5.978138446807861328e-01 1.250879106430885258e+04
2.164648845791816711e-02 1.463302597403526306e-02 2.087888252770266929e-09 5.635968446731567383e-01 5.613097548484802246e-01 5.686127042281441391e-05 5.829690053360536695e-05 nan 5.632473826408386230e-01 1.222109768265900129e+04
2.390199340879917145e-02 1.615774817764759064e-02 2.080657597354892904e-09 5.276456475257873535e-01 5.251003503799438477e-01 4.649839684134349227e-05 4.475809328141622245e-05 nan 5.272567868232727051e-01 1.178685317898508038e+04
2.639251388609409332e-02 1.784133911132812500e-02 2.073451995948668221e-09 4.906343519687652588e-01 4.878472089767456055e-01 3.703246329678222537e-05 3.412974183447659016e-05 nan 4.902084767818450928e-01 1.121421947695987365e+04
2.914254181087017059e-02 1.970035769045352936e-02 2.066271340052806293e-09 4.530922174453735352e-01 4.501017034053802490e-01 2.745981510088313371e-05 2.584658614068757743e-05 nan 4.526353180408477783e-01 1.052364931097824046e+04
3.217911347746849060e-02 2.175308018922805786e-02 2.059115554147728899e-09 4.157305657863616943e-01 4.126024246215820312e-01 2.233471059298608452e-05 1.944777432072442025e-05 nan 4.152526855468750000e-01 9.748934673064301023e+03
3.553209081292152405e-02 2.401969395577907562e-02 2.051984539888671147e-09 3.794282972812652588e-01 3.762583434581756592e-01 1.570694985275622457e-05 1.455579695175401866e-05 nan 3.789440095424652100e-01 8.935784096880952347e+03
3.923443704843521118e-02 2.652247995138168335e-02 2.044878229365854235e-09 3.451649844646453857e-01 3.420771956443786621e-01 1.120138585974927992e-05 1.085922394850058481e-05 nan 3.446932435035705566e-01 8.137045893984150098e+03
4.332255572080612183e-02 2.928604744374752045e-02 2.037796533657790378e-09 3.138790428638458252e-01 3.110148012638092041e-01 8.307546522701159120e-06 8.098973921732977033e-06 nan 3.134414553642272949e-01 7.404196511542024382e+03
4.765481501817703247e-02 3.221465647220611572e-02 2.031010053452367756e-09 2.871553897857666016e-01 2.846358716487884521e-01 6.272002337937010452e-06 6.123874754848657176e-06 nan 2.867704629898071289e-01 6.794088391190138282e+03
5.198707059025764465e-02 3.514325991272926331e-02 2.024834231214258902e-09 2.660163342952728271e-01 2.638960182666778564e-01 4.882920620730146766e-06 4.767599421029444784e-06 nan 2.656924128532409668e-01 6.341323467858595905e+03
5.631932616233825684e-02 3.807186335325241089e-02 2.019169610001785353e-09 2.487438470125198364e-01 2.470195144414901733e-01 3.891125288646435365e-06 3.799226988121517934e-06 nan 2.484804093837738037e-01 5.989814198195758763e+03
6.065158173441886902e-02 4.100047051906585693e-02 2.013939112582009273e-09 2.341270446777343750e-01 2.327472567558288574e-01 3.158495019306428730e-06 3.083899173361714929e-06 nan 2.339162528514862061e-01 5.699937256942147542e+03
6.498383730649948120e-02 4.392907395958900452e-02 2.009081821590703985e-09 2.210342288017272949e-01 2.199147790670394897e-01 2.597892489575315267e-06 2.536536840125336312e-06 nan 2.208632081747055054e-01 5.430008064526678936e+03
6.931609660387039185e-02 4.685768112540245056e-02 2.004548729015451583e-09 2.086374908685684204e-01 2.076797336339950562e-01 2.155411038984311745e-06 2.104505483657703735e-06 nan 2.084911614656448364e-01 5.148892899937403854e+03
7.364834845066070557e-02 4.978628456592559814e-02 2.000299865353250301e-09 1.964527964591979980e-01 1.955614984035491943e-01 1.797798972802411299e-06 1.755339440023817588e-06 nan 1.963166296482086182e-01 4.840084515782119524e+03
7.798060774803161621e-02 5.271489173173904419e-02 1.996302173696350216e-09 1.843527257442474365e-01 1.834506988525390625e-01 1.504731017121230252e-06 1.469192966396803968e-06 nan 1.842149198055267334e-01 4.503918098885470499e+03
8.231285959482192993e-02 5.564349144697189331e-02 1.992528044667567094e-09 1.724752038717269897e-01 1.715126335620880127e-01 1.263349417968129274e-06 1.233512307408091146e-06 nan 1.723281443119049072e-01 4.153401488972439438e+03
8.664511889219284058e-02 5.857209861278533936e-02 1.988954134422163219e-09 1.610903590917587280e-01 1.600482612848281860e-01 1.064753405444207601e-06 1.039606786434887908e-06 nan 1.609311401844024658e-01 3.807030406126135858e+03
9.097737073898315430e-02 6.150070205330848694e-02 1.985560585482697045e-09 1.504810899496078491e-01 1.493688970804214478e-01 9.020201900966640096e-07 8.807169251667801291e-07 nan 1.503111869096755981e-01 3.482240915652731928e+03
9.636187553405761719e-02 6.514062732458114624e-02 1.981568674123380254e-09 1.387579292058944702e-01 1.376032531261444092e-01 7.412788249894219916e-07 7.237719046315760352e-07 nan 1.385815143585205078e-01 3.129740912407437463e+03
1.017463728785514832e-01 6.878054887056350708e-02 1.977801256732118934e-09 1.289816051721572876e-01 1.278522908687591553e-01 6.180072773531719577e-07 6.034117063791200053e-07 nan 1.288090795278549194e-01 2.849938915518501744e+03
1.071308776736259460e-01 7.242047041654586792e-02 1.974234781265857972e-09 1.212015226483345032e-01 1.201627030968666077e-01 5.238376274974143598e-07 5.114660552862915210e-07 nan 1.210428178310394287e-01 2.644892684895889488e+03
1.125153750181198120e-01 7.606039196252822876e-02 1.970849203820953451e-09 1.150805503129959106e-01 1.141762882471084595e-01 4.509708162458991865e-07 4.403201216973684495e-07 nan 1.149424016475677490e-01 2.500043541908416501e+03
1.178998723626136780e-01 7.970031350851058960e-02 1.967627323526894450e-09 1.100528240203857422e-01 1.092966273427009583e-01 3.928406897557579214e-07 3.835628490378439892e-07 nan 1.099372953176498413e-01 2.391866704074757308e+03
1.232843771576881409e-01 8.334024250507354736e-02 1.964554264128985100e-09 1.055567711591720581e-01 1.049320325255393982e-01 3.446520508987305220e-07 3.365122438481193967e-07 nan 1.054613366723060608e-01 2.297326190642617348e+03
1.286688745021820068e-01 8.698015660047531128e-02 1.961617102724775952e-09 1.011565625667572021e-01 1.006249412894248962e-01 3.032532731594983488e-07 2.960911729132931214e-07 nan 1.010753512382507324e-01 2.198640793834835222e+03
1.340533792972564697e-01 9.062008559703826904e-02 1.958804483640675406e-09 9.658426791429519653e-02 9.609856456518173218e-02 2.667627541086403653e-07 2.604624853574932786e-07 nan 9.651006758213043213e-02 2.085259364585048843e+03
1.394378840923309326e-01 9.426000714302062988e-02 1.956106446915437174e-09 9.177131950855255127e-02 9.128854423761367798e-02 2.342623162121526548e-07 2.287296183567377739e-07 nan 9.169756621122360229e-02 1.955535038381319055e+03
1.448223739862442017e-01 9.789992123842239380e-02 1.953514161287429418e-09 8.683078736066818237e-02 8.632205426692962646e-02 2.054545120699913241e-07 2.006022015166308847e-07 nan 8.675307035446166992e-02 1.815842255544477212e+03
1.502068787813186646e-01 1.015398502349853516e-01 1.951019758654691563e-09 8.197744190692901611e-02 8.143257349729537964e-02 1.802896463232173119e-07 1.760316763466107659e-07 nan 8.189419656991958618e-02 1.676557971331682893e+03
1.555913835763931274e-01 1.051797717809677124e-01 1.948616241255242070e-09 7.744791358709335327e-02 7.687453925609588623e-02 1.587230968880248838e-07 1.549744865769753233e-07 nan 7.736031711101531982e-02 1.548138221763863612e+03
1.609758734703063965e-01 1.088196933269500732e-01 1.946297314463125787e-09 7.344362139701843262e-02 7.286179810762405396e-02 1.406037029028084362e-07 1.372830240597977536e-07 nan 7.335473597049713135e-02 1.438654768187394893e+03
1.663603782653808594e-01 1.124596148729324341e-01 1.944057316713681798e-09 7.007063925266265869e-02 6.950522959232330322e-02 1.256001951333018951e-07 1.226338639526147745e-07 nan 6.998425722122192383e-02 1.351790877314008640e+03
1.717448830604553223e-01 1.160995438694953918e-01 1.941891129256332855e-09 6.730047613382339478e-02 6.677356362342834473e-02 1.131937423792805930e-07 1.105204106011115073e-07 nan 6.721998006105422974e-02 1.285947942711084579e+03
1.771293878555297852e-01 1.197394654154777527e-01 1.939794125595426991e-09 6.499692797660827637e-02 6.452217698097229004e-02 1.027831189048811211e-07 1.003556562295671029e-07 nan 6.492439657449722290e-02 1.235692178131243054e+03
1.825138777494430542e-01 1.233793795108795166e-01 1.937762091126241291e-09 6.298220157623291016e-02 6.256242841482162476e-02 9.381722776424794574e-08 9.160150682419043733e-08 nan 6.291806697845458984e-02 1.194291729481403536e+03
1.878983825445175171e-01 1.270193010568618774e-01 1.935791175107242678e-09 6.108377501368522644e-02 6.071167439222335815e-02 8.585739408317749621e-08 8.382966143472003751e-08 nan 6.102692708373069763e-02 1.155344974402371236e+03
1.932828873395919800e-01 1.306592375040054321e-01 1.933877861004656685e-09 5.916011705994606018e-02 5.882147327065467834e-02 7.858986350584018510e-08 7.673376956063293619e-08 nan 5.910837277770042419e-02 1.113676096141380413e+03
1.986673772335052490e-01 1.342991441488265991e-01 1.932018951816384183e-09 5.713021010160446167e-02 5.680838972330093384e-02 7.183617611872250563e-08 7.013959191226604162e-08 nan 5.708103999495506287e-02 1.066468374830817538e+03
2.040518820285797119e-01 1.379390656948089600e-01 1.930211465507478933e-09 5.499219894409179688e-02 5.467253178358078003e-02 6.554462572694319533e-08 6.399663021738888347e-08 nan 5.494335666298866272e-02 1.013972217815887348e+03
2.094363868236541748e-01 1.415790021419525146e-01 1.928452677645768952e-09 5.280646309256553650e-02 5.247944593429565430e-02 5.974099082095563062e-08 5.833006255784312089e-08 nan 5.275649949908256531e-02 9.587684281133808781e+02
2.148208767175674438e-01 1.452189087867736816e-01 1.926740094380007882e-09 5.065989866852760315e-02 5.032255500555038452e-02 5.447121509405405959e-08 5.318475615467832540e-08 nan 5.060835927724838257e-02 9.042877260127547743e+02
2.202053815126419067e-01 1.488588303327560425e-01 1.925071368159055733e-09 4.863928630948066711e-02 4.829468950629234314e-02 4.976871181838760094e-08 4.859330360318381281e-08 nan 4.858664050698280334e-02 8.537437659826706522e+02
2.255898863077163696e-01 1.524987667798995972e-01 1.923444343781293656e-09 4.681277275085449219e-02 4.646813496947288513e-02 4.563838729154667817e-08 4.456053304124907299e-08 nan 4.676012322306632996e-02 8.094805167430886286e+02
2.309743911027908325e-01 1.561386883258819580e-01 1.921857033120720865e-09 4.521187394857406616e-02 4.487591236829757690e-02 4.204606440794123046e-08 4.105305251300706004e-08 nan 4.516055062413215637e-02 7.724464379888549956e+02
2.363588809967041016e-01 1.597786098718643188e-01 1.920307567935778733e-09 4.382506012916564941e-02 4.350543394684791565e-02 3.892147759643194149e-08 3.800225911732013628e-08 nan 4.377623274922370911e-02 7.421064177752383557e+02
2.417433857917785645e-01 1.634185314178466797e-01 1.918794213956308179e-09 4.260940477252006531e-02 4.231083020567893982e-02 3.617660127019917127e-08 3.532220560487076000e-08 nan 4.256379231810569763e-02 7.169227390555945476e+02
2.471278905868530273e-01 1.670584529638290405e-01 1.917315352832477265e-09 4.150641709566116333e-02 4.122987762093544006e-02 3.372315404703840613e-08 3.292670669452490984e-08 nan 4.146417230367660522e-02 6.949031005272591983e+02
2.525123953819274902e-01 1.706983745098114014e-01 1.915869472055197894e-09 4.045297577977180481e-02 4.019593819975852966e-02 3.148211291659208655e-08 3.073858678703800251e-08 nan 4.041370376944541931e-02 6.739504582886941080e+02
2.578969001770019531e-01 1.743383109569549561e-01 1.914455150219987163e-09 3.939481079578399658e-02 3.915235400199890137e-02 2.939272469859588455e-08 2.869854576204033947e-08 nan 3.935777023434638977e-02 6.523005468512679954e+02
2.632813751697540283e-01 1.779782027006149292e-01 1.913071083197014340e-09 3.830346465110778809e-02 3.806976228952407837e-02 2.742170579494995764e-08 2.677407628937089612e-08 nan 3.826776519417762756e-02 6.290798677379275432e+02
2.686658799648284912e-01 1.816181391477584839e-01 1.911715991580206360e-09 3.718180209398269653e-02 3.695165365934371948e-02 2.556204492520919302e-08 2.495833406612746330e-08 nan 3.714663907885551453e-02 6.044706193517154134e+02
2.740503847599029541e-01 1.852580606937408447e-01 1.910388727493893778e-09 3.605232015252113342e-02 3.582224622368812561e-02 2.382037322945507185e-08 2.325779746570333373e-08 nan 3.601717203855514526e-02 5.792913393360663576e+02
2.794348895549774170e-01 1.888979822397232056e-01 1.909088184011114833e-09 3.494289517402648926e-02 3.471162542700767517e-02 2.220530070928816713e-08 2.168087043230570998e-08 nan 3.490756079554557800e-02 5.545016453769433156e+02
2.848193943500518799e-01 1.925379037857055664e-01 1.907813323590368924e-09 3.388149291276931763e-02 3.364985436201095581e-02 2.072367166761068802e-08 2.023423562036441581e-08 nan 3.384610265493392944e-02 5.310176177684211325e+02
2.902038991451263428e-01 1.961778402328491211e-01 1.906563162582237113e-09 3.289350494742393494e-02 3.266380354762077332e-02 1.937922888828325085e-08 1.892154166682757932e-08 nan 3.285841271281242371e-02 5.096278472254763869e+02
2.955884039402008057e-01 1.998177617788314819e-01 1.905336787226579552e-09 3.199400752782821655e-02 3.176915645599365234e-02 1.816868788750980457e-08 1.773959290574111947e-08 nan 3.195965662598609924e-02 4.907664465693002853e+02
3.009728789329528809e-01 2.034576684236526489e-01 1.904133323856378078e-09 3.118080832064151764e-02 3.096344694495201111e-02 1.707916119642050035e-08 1.667579674347052787e-08 nan 3.114760294556617737e-02 4.743270174662328600e+02
3.063573837280273438e-01 2.070975899696350098e-01 1.902951936232507350e-09 3.043733723461627960e-02 3.022917360067367554e-02 1.609138422509204247e-08 1.571134866651391349e-08 nan 3.040553443133831024e-02 4.597776610809460749e+02
3.117418885231018066e-01 2.107375115156173706e-01 1.901791846628511990e-09 2.974201366305351257e-02 2.954350970685482025e-02 1.518572467773537937e-08 1.482707734368204910e-08 nan 2.971168607473373413e-02 4.464546012217376756e+02
3.171263933181762695e-01 2.143774479627609253e-01 1.900652308391623192e-09 2.907462976872920990e-02 2.888503298163414001e-02 1.434550789269906090e-08 1.400670512907709053e-08 nan 2.904566377401351929e-02 4.337523677879978550e+02
3.225108981132507324e-01 2.180173695087432861e-01 1.899532626729035332e-09 2.841798961162567139e-02 2.823567204177379608e-02 1.355747158982012479e-08 1.323727971680455084e-08 nan 2.839013375341892242e-02 4.211688875433129056e+02
3.278954029083251953e-01 2.216572910547256470e-01 1.898432128189829179e-09 2.776004374027252197e-02 2.758300118148326874e-02 1.281227657301542422e-08 1.250968484356462795e-08 nan 2.773299627006053925e-02 4.083655470808542418e+02
3.332799077033996582e-01 2.252972126007080078e-01 1.897350177081271127e-09 2.709751948714256287e-02 2.692386880517005920e-02 1.210558586706156348e-08 1.181968301011693256e-08 nan 2.707098983228206635e-02 3.952702237466727979e+02
3.386643826961517334e-01 2.289371192455291748e-01 1.896286172945125672e-09 2.643651515245437622e-02 2.626489847898483276e-02 1.143756378496618709e-08 1.116743852946910920e-08 nan 2.641029469668865204e-02 3.820852205716359435e+02
3.440488874912261963e-01 2.325770407915115356e-01 1.895239531240720810e-09 2.578807808458805084e-02 2.561787143349647522e-02 1.081033484950921775e-08 1.055502441005273795e-08 nan 2.576207555830478668e-02 3.691480993099689840e+02
3.494333922863006592e-01 2.362169772386550903e-01 1.894209703480833635e-09 2.516272664070129395e-02 2.499402686953544617e-02 1.022543738571357608e-08 9.983939897040272626e-09 nan 2.513695135712623596e-02 3.567682816030185222e+02
3.548178970813751221e-01 2.398568987846374512e-01 1.893196174858241155e-09 2.456799522042274475e-02 2.440144121646881104e-02 9.682920243392345583e-09 9.454234728423216438e-09 nan 2.454254962503910065e-02 3.451588448719448934e+02
3.602024018764495850e-01 2.434968203306198120e-01 1.892198441798694543e-09 2.400832250714302063e-02 2.384482696652412415e-02 9.181510662870095985e-09 8.964667230770828610e-09 nan 2.398334629833698273e-02 3.344378135597959272e+02
3.655869066715240479e-01 2.471367418766021729e-01 1.891216027459402332e-09 2.348448708653450012e-02 2.332492731511592865e-02 8.718595623236069514e-09 8.512684779304890981e-09 nan 2.346011064946651459e-02 3.246178356019477746e+02
3.709714114665985107e-01 2.507766783237457275e-01 1.890248472221847833e-09 2.299272269010543823e-02 2.283771336078643799e-02 8.290104602792780497e-09 8.094314551954084891e-09 nan 2.296903915703296661e-02 3.155865885414002605e+02
3.763558864593505859e-01 2.544165849685668945e-01 1.889295352117686434e-09 2.252573333680629730e-02 2.237549424171447754e-02 7.891094000456178037e-09 7.704727522650500759e-09 nan 2.250278182327747345e-02 3.071389288028783540e+02
3.817403912544250488e-01 2.580564916133880615e-01 1.888356242191734645e-09 2.207563631236553192e-02 2.192997001111507416e-02 7.516884004132862174e-09 7.339354901603201142e-09 nan 2.205338329076766968e-02 2.990590378532158979e+02
3.871248960494995117e-01 2.616964280605316162e-01 1.887430735669950155e-09 2.163622528314590454e-02 2.149461954832077026e-02 7.163809545573940341e-09 6.994619106137633935e-09 nan 2.161459065973758698e-02 2.911813525475428150e+02
3.925094008445739746e-01 2.653363645076751709e-01 1.886518457772270655e-09 2.120335772633552551e-02 2.106512151658535004e-02 6.829219412196607664e-09 6.667931096160373272e-09 nan 2.118223905563354492e-02 2.833993466114733337e+02
3.978939056396484375e-01 2.689762711524963379e-01 1.885619049100158659e-09 2.077491208910942078e-02 2.063936367630958557e-02 6.511345684856451044e-09 6.357565141001941811e-09 nan 2.075420320034027100e-02 2.756626979783141564e+02
4.032784104347229004e-01 2.726162075996398926e-01 1.884732143174389957e-09 2.035141363739967346e-02 2.021800726652145386e-02 6.209384562083641868e-09 6.062735202760904940e-09 nan 2.033103071153163910e-02 2.679922178087503539e+02
4.086629152297973633e-01 2.762561440467834473e-01 1.883857409814700777e-09 1.993597112596035004e-02 1.980439014732837677e-02 5.923352475178944587e-09 5.783458600916446812e-09 nan 1.991586945950984955e-02 2.604752271518590305e+02
4.140473902225494385e-01 2.798960208892822266e-01 1.882994538868699288e-09 1.953243277966976166e-02 1.940260827541351318e-02 5.653448376108372031e-09 5.519928958364062055e-09 nan 1.951259747147560120e-02 2.532154594653921720e+02
4.194318950176239014e-01 2.835359573364257812e-01 1.882143190604211824e-09 1.914342306554317474e-02 1.901548169553279877e-02 5.399471980638281821e-09 5.271950875851416640e-09 nan 1.912387646734714508e-02 2.462814651619337667e+02
4.248163998126983643e-01 2.871758937835693359e-01 1.881303079826970542e-09 1.877016760408878326e-02 1.864435523748397827e-02 5.160821991978536971e-09 5.038936379264669085e-09 nan 1.875094510614871979e-02 2.397036988535268449e+02
4.302009046077728271e-01 2.908158004283905029e-01 1.880473925305205483e-09 1.841315627098083496e-02 1.828974112868309021e-02 4.936723918547158974e-09 4.820131849214703834e-09 nan 1.839430071413516998e-02 2.334927991143179895e+02
4.355854094028472900e-01 2.944557368755340576e-01 1.879655436356054805e-09 1.807190664112567902e-02 1.795109733939170837e-02 4.726198543636428440e-09 4.614578053008244751e-09 nan 1.805344969034194946e-02 2.276344375622834093e+02
4.409699141979217529e-01 2.980956733226776123e-01 1.878847353036435648e-09 1.774434559047222137e-02 1.762622967362403870e-02 4.527919816865733083e-09 4.420982246955418304e-09 nan 1.772630028426647186e-02 2.220746054246376389e+02
4.463544189929962158e-01 3.017355799674987793e-01 1.878049424887222573e-09 1.742740347981452942e-02 1.731193251907825470e-02 4.340421355664147995e-09 4.237912243354458042e-09 nan 1.740976236760616302e-02 2.167358099030494145e+02
4.517388939857482910e-01 3.053754866123199463e-01 1.877261397654174740e-09 1.711853407323360443e-02 1.700554601848125458e-02 4.162481026526165806e-09 4.064174330409286995e-09 nan 1.710127107799053192e-02 2.115552508147969490e+02
4.571233987808227539e-01 3.090154230594635010e-01 1.876483026309890802e-09 1.681632548570632935e-02 1.670558936893939972e-02 3.993245289990454694e-09 3.898935396762226446e-09 nan 1.679940707981586456e-02 2.064993645319179620e+02
4.625079035758972168e-01 3.126553297042846680e-01 1.875714093387305177e-09 1.651997491717338562e-02 1.641123741865158081e-02 3.832066663989053268e-09 3.741563503467659757e-09 nan 1.650336198508739471e-02 2.015500671050562005e+02
4.678924083709716797e-01 3.162952661514282227e-01 1.874954364165268396e-09 1.622897014021873474e-02 1.612200960516929626e-02 3.678412019425536528e-09 3.591537511837827878e-09 nan 1.621263101696968079e-02 1.966967062082907205e+02
4.732769131660461426e-01 3.199352025985717773e-01 1.874203630559428286e-09 1.594355516135692596e-02 1.583821326494216919e-02 3.531951398016985877e-09 3.448536123329404290e-09 nan 1.592746190726757050e-02 1.919467910589240489e+02
4.786614179611206055e-01 3.235751092433929443e-01 1.873461691551420399e-09 1.566485874354839325e-02 1.556106097996234894e-02 3.392567338167395974e-09 3.312443874747827977e-09 nan 1.564900204539299011e-02 1.873288416255827826e+02
4.840458929538726807e-01 3.272150158882141113e-01 1.872728340933758753e-09 1.539415773004293442e-02 1.529189292341470718e-02 3.260171022034796806e-09 3.183174168697178175e-09 nan 1.537853199988603592e-02 1.828738392895077141e+02
4.894303977489471436e-01 3.308549523353576660e-01 1.872003379495005729e-09 1.513199880719184875e-02 1.503131352365016937e-02 3.134521087133634865e-09 3.060492081985444202e-09 nan 1.511661522090435028e-02 1.785946899343171594e+02
4.948149025440216064e-01 3.344948589801788330e-01 1.871286632213937058e-09 1.487822923809289932e-02 1.477918773889541626e-02 3.015242944215401621e-09 2.944031018969894831e-09 nan 1.486309804022312164e-02 1.744873826919804856e+02
5.001994371414184570e-01 3.381348252296447754e-01 1.870577900826693527e-09 1.463252212852239609e-02 1.453517656773328781e-02 2.901948903399897972e-09 2.833412393599132884e-09 nan 1.461764890700578690e-02 1.705437384186472229e+02
5.055838823318481445e-01 3.417747020721435547e-01 1.869877039368293133e-09 1.439452823251485825e-02 1.429890468716621399e-02 2.794271480865972990e-09 2.728278047925414285e-09 nan 1.437991857528686523e-02 1.667552725949362014e+02
5.109683871269226074e-01 3.454146385192871094e-01 1.869183849789121820e-09 1.416357979178428650e-02 1.406966149806976318e-02 2.691803668852799092e-09 2.628230522105923228e-09 nan 1.414922997355461121e-02 1.631062141620932948e+02
5.163528919219970703e-01 3.490545451641082764e-01 1.868498185335105332e-09 1.393858622759580612e-02 1.384631916880607605e-02 2.594088499563440564e-09 2.532823062395550551e-09 nan 1.392448972910642624e-02 1.595714488808586111e+02
5.217373967170715332e-01 3.526944816112518311e-01 1.867819876059786520e-09 1.371855940669775009e-02 1.362785976380109787e-02 2.500716522746415649e-09 2.441656210550036121e-09 nan 1.370470225811004639e-02 1.561285651815539950e+02
5.271219015121459961e-01 3.563344180583953857e-01 1.867148773833358248e-09 1.350307464599609375e-02 1.341384463012218475e-02 2.411407740154913881e-09 2.354456851705322151e-09 nan 1.348944194614887238e-02 1.527684715658233188e+02
5.325064063072204590e-01 3.599743247032165527e-01 1.866484735032350672e-09 1.329212635755538940e-02 1.320427283644676208e-02 2.325973857963958835e-09 2.271040466794715940e-09 nan 1.327870506793260574e-02 1.494915305281514577e+02
5.378909111022949219e-01 3.636142611503601074e-01 1.865827604301946768e-09 1.308569032698869705e-02 1.299913972616195679e-02 2.244232799597511985e-09 2.191230086268092236e-09 nan 1.307246834039688110e-02 1.462976791600547983e+02
5.432754158973693848e-01 3.672541677951812744e-01 1.865177252290424566e-09 1.288369391113519669e-02 1.279838848859071732e-02 2.166005153014793905e-09 2.114849628753745492e-09 nan 1.287066005170345306e-02 1.431856061144853243e+02
5.486599206924438477e-01 3.708941042423248291e-01 1.864533532427482462e-09 1.268630474805831909e-02 1.260221935808658600e-02 2.091160355988108677e-09 2.041772750871473363e-09 nan 1.267345808446407318e-02 1.401593608489710334e+02
5.540444254875183105e-01 3.745340406894683838e-01 1.863896318172137942e-09 1.249390933662652969e-02 1.241103280335664749e-02 2.019609812720091213e-09 1.971911967046935388e-09 nan 1.248124800622463226e-02 1.372275909702884178e+02
5.594289302825927734e-01 3.781739473342895508e-01 1.863265486641235488e-09 1.230666600167751312e-02 1.222500018775463104e-02 1.951230954588822897e-09 1.905148261371891749e-09 nan 1.229419000446796417e-02 1.343937017682523276e+02
5.648134350776672363e-01 3.818138837814331055e-01 1.862640903204479876e-09 1.212431862950325012e-02 1.204386819154024124e-02 1.885842815241289827e-09 1.841304442251612272e-09 nan 1.211202796548604965e-02 1.316519296287760028e+02
5.701979398727416992e-01 3.854538202285766602e-01 1.862022452330667509e-09 1.194651145488023758e-02 1.186727359890937805e-02 1.823258544142447590e-09 1.780197989020848581e-09 nan 1.193440519273281097e-02 1.289944883238235036e+02
5.755824446678161621e-01 3.890937268733978271e-01 1.861410021730888845e-09 1.177306659519672394e-02 1.169502828270196915e-02 1.763328483228576715e-09 1.721683240418769856e-09 nan 1.176114473491907120e-02 1.264175102535452169e+02
5.809668898582458496e-01 3.927336037158966064e-01 1.860803497296447543e-09 1.160382386296987534e-02 1.152695994824171066e-02 1.705914742800018757e-09 1.665625637414791527e-09 nan 1.159208174794912338e-02 1.239174812366857736e+02
5.863513946533203125e-01 3.963735401630401611e-01 1.860202753428811389e-09 1.143841352313756943e-02 1.136268861591815948e-02 1.650855563362085832e-09 1.611866973227904509e-09 nan 1.142684370279312134e-02 1.214865687008922066e+02
5.917358994483947754e-01 4.000134766101837158e-01 1.859607692406273365e-09 1.127640623599290848e-02 1.120178028941154480e-02 1.597990850754626990e-09 1.560250595389334194e-09 nan 1.126500591635704041e-02 1.191157293954239123e+02
5.971204042434692383e-01 4.036533832550048828e-01 1.859018214291441706e-09 1.111763156950473785e-02 1.104406174272298813e-02 1.547205141783081217e-09 1.510664371373593440e-09 nan 1.110639143735170364e-02 1.168015397085660538e+02
6.025049090385437012e-01 4.072933197021484375e-01 1.858434207544148841e-09 1.096215844154357910e-02 1.088960561901330948e-02 1.498422386170261689e-09 1.463033694193427436e-09 nan 1.095107384026050568e-02 1.145455771384632158e+02
6.078894138336181641e-01 4.109332561492919922e-01 1.857855577876460681e-09 1.080999895930290222e-02 1.073842961341142654e-02 1.451562203769185544e-09 1.417280293125600110e-09 nan 1.079906430095434189e-02 1.123482297955232241e+02
6.132739186286926270e-01 4.145731627941131592e-01 1.857282233477322155e-09 1.066101901233196259e-02 1.059041079133749008e-02 1.406529226422037482e-09 1.373310909436042948e-09 nan 1.065023150295019150e-02 1.102067729470976047e+02
6.186584234237670898e-01 4.182130992412567139e-01 1.856714071034082293e-09 1.051515899598598480e-02 1.044549420475959778e-02 1.363241852736507553e-09 1.331045607066982939e-09 nan 1.050451584160327911e-02 1.081200122160992549e+02
6.240429282188415527e-01 4.218530058860778809e-01 1.856151008397507339e-09 1.037252042442560196e-02 1.030378509312868118e-02 1.321643128271432488e-09 1.290429429978701137e-09 nan 1.036201976239681244e-02 1.060900870416448782e+02
6.294274330139160156e-01 4.254929423332214355e-01 1.855592947277603754e-09 1.023315824568271637e-02 1.016534212976694107e-02 1.281672767916575140e-09 1.251403092261682559e-09 nan 1.022279635071754456e-02 1.041180895955077403e+02
6.556535363197326660e-01 4.432217776775360107e-01 1.852943630635520644e-09 9.595959447324275970e-03 9.532425552606582642e-03 1.107640312802971039e-09 1.081480793807543250e-09 nan 9.586252272129058838e-03 9.523395066333998216e+01
8.039034605026245117e-01 5.434387326240539551e-01 1.839770603253567837e-09 6.935692392289638519e-03 6.889782380312681198e-03 5.325267449229897920e-10 5.199498609442798625e-10 nan 6.928678136318922043e-03 6.056554485917431663e+01
9.932619333267211914e-01 6.714450716972351074e-01 1.826201010048688587e-09 4.925743676722049713e-03 4.893148783594369888e-03 2.477443805659618192e-10 2.418932831815823192e-10 nan 4.920763894915580750e-03 3.746574538700023282e+01
1.227223634719848633e+00 8.296031951904296875e-01 1.812731498599941669e-09 3.481135005131363869e-03 3.458105493336915970e-03 1.146920128314299347e-10 1.119832906959494778e-10 nan 3.477616701275110245e-03 2.294971850729070795e+01
1.516294717788696289e+00 1.025015234947204590e+00 1.799361337301671755e-09 2.449298743158578873e-03 2.433099783957004547e-03 5.286088927691778849e-11 5.161245389406765582e-11 nan 2.446824219077825546e-03 1.393362030069043023e+01
1.873456120491027832e+00 1.266456365585327148e+00 1.786089789356977996e-09 1.716357190161943436e-03 1.705008209683001041e-03 2.426502401786656549e-11 2.369194770923677140e-11 nan 1.714623300358653069e-03 8.391518845179458452e+00
2.314746379852294922e+00 1.564768552780151367e+00 1.772916133006574509e-09 1.198338461108505726e-03 1.190416398458182812e-03 1.109770001589405197e-11 1.083559977854697820e-11 nan 1.197128207422792912e-03 5.016825530544839040e+00
2.859982252120971680e+00 1.933347940444946289e+00 1.759839636962373426e-09 8.338697953149676323e-04 8.283586939796805382e-04 5.058621490444670243e-12 4.939150217292409550e-12 nan 8.330278214998543262e-04 2.979279970955542645e+00
3.533647537231445312e+00 2.388745784759521484e+00 1.746859588797865175e-09 5.784804816357791424e-04 5.746583337895572186e-04 2.298811098075392856e-12 2.244519240607312227e-12 nan 5.778965423814952374e-04 1.758478596063058674e+00
4.365993976593017578e+00 2.951411962509155273e+00 1.733975279535418463e-09 4.001864872407168150e-04 3.975433355662971735e-04 1.041736141793592196e-12 1.017132883994464887e-12 nan 3.997826715931296349e-04 1.032117830722641960e+00
5.394398689270019531e+00 3.646613597869873047e+00 1.721185999058096773e-09 2.761342911981046200e-04 2.743113727774471045e-04 4.708653172230681250e-13 4.597446555398843060e-13 nan 2.758557966444641352e-04 6.026844269855172742e-01
6.665042877197265625e+00 4.505568981170654297e+00 1.708491050912268841e-09 1.900855277199298143e-04 1.888315164251253009e-04 2.123277546622545642e-13 2.073131298791289212e-13 nan 1.898939517559483647e-04 3.502613344074959056e-01
8.234986305236816406e+00 5.566850662231445312e+00 1.695889732548296616e-09 1.305661717196926475e-04 1.297056733164936304e-04 9.553675125312244276e-14 9.328039778317212538e-14 nan 1.304347097175195813e-04 2.026750268739729854e-01
1.017472743988037109e+01 6.878115653991699219e+00 1.683381361073609185e-09 8.950244955485686660e-05 8.891345351003110409e-05 4.290004698595355215e-14 4.188684650323869219e-14 nan 8.941246051108464599e-05 1.168028797388283441e-01
1.257137203216552734e+01 8.498247146606445312e+00 1.670965250288532184e-09 6.123857747297734022e-05 6.083647895138710737e-05 1.922792572947931711e-14 1.877380426140197456e-14 nan 6.117714656284078956e-05 6.706234277046152492e-02
1.553254413604736328e+01 1.050000000000000000e+01 1.658640709094829109e-09 4.182711927569471300e-05 4.155339775024913251e-05 8.603042594718807168e-15 8.399854637265551094e-15 nan 4.178530070930719376e-05 3.836977432341890509e-02
