# k/h [h/Mpc]            k [1/Mpc]              Primoridal             T_cdm(k)                 T_bar(k)                 T_phot(k)                T_massless neutrions(k)  T_massive neutrinos(k)   T_total(k)               Linear Pk [(Mpc/h)^3]  
1.049045658874092624e-05 7.091548468451946974e-06 2.727206404909961128e-09 1.000000000000000000e+00 1.000000000000000000e+00 1.000000000000000000e+00 1.000000000000000000e+00 nan 1.000000000000000000e+00 3.683600031670690100e+01
1.158353370556142181e-05 7.830468348402064294e-06 2.717761705682844603e-09 9.999996423721313477e-01 9.999996423721313477e-01 9.998996257781982422e-01 9.998971819877624512e-01 nan 9.999996423721313477e-01 4.053332493528301228e+01
1.279050593439023942e-05 8.646382411825470626e-06 2.708349706436794825e-09 9.999993443489074707e-01 9.999992251396179199e-01 9.997771978378295898e-01 9.997717738151550293e-01 nan 9.999993443489074707e-01 4.460175770981821586e+01
1.412324218108551577e-05 9.547311492497101426e-06 2.698970312856197758e-09 9.999988675117492676e-01 9.999988675117492676e-01 9.996280074119567871e-01 9.996190071105957031e-01 nan 9.999988675117492676e-01 4.907853642940003169e+01
1.559484553581569344e-05 1.054211588780162856e-05 2.689623392481895528e-09 9.999983310699462891e-01 9.999983310699462891e-01 9.994460344314575195e-01 9.994326233863830566e-01 nan 9.999983310699462891e-01 5.400465230112030923e+01
1.721978514979127795e-05 1.164057448477251455e-05 2.680308856040028027e-09 9.999977350234985352e-01 9.999976158142089844e-01 9.992241859436035156e-01 9.992055296897888184e-01 nan 9.999977350234985352e-01 5.942520372778266591e+01
1.901403993542771786e-05 1.285349117097212002e-05 2.671026563908324178e-09 9.999969601631164551e-01 9.999968409538269043e-01 9.989538788795471191e-01 9.989287257194519043e-01 nan 9.999969601631164551e-01 6.538980152379868116e+01
2.099525045196060091e-05 1.419278942194068804e-05 2.661776424936157355e-09 9.999959468841552734e-01 9.999959468841552734e-01 9.986242651939392090e-01 9.985911846160888672e-01 nan 9.999959468841552734e-01 7.195304168270968148e+01
2.318289807590190321e-05 1.567163963045459241e-05 2.652558315858844083e-09 9.999948143959045410e-01 9.999946951866149902e-01 9.982226490974426270e-01 9.981799721717834473e-01 nan 9.999948143959045410e-01 7.917502528500062908e+01
2.559849235694855452e-05 1.730458097881637514e-05 2.643372135990062650e-09 9.999934434890747070e-01 9.999932050704956055e-01 9.977331161499023438e-01 9.976787567138671875e-01 nan 9.999934434890747070e-01 8.712184686850109472e+01
2.826578383974265307e-05 1.910767059598583728e-05 2.634217767634683471e-09 9.999917149543762207e-01 9.999915361404418945e-01 9.971365928649902344e-01 9.970678687095642090e-01 nan 9.999917149543762207e-01 9.586621773032527472e+01
3.121100235148333013e-05 2.109863817167934030e-05 2.625095097817206075e-09 9.999895691871643066e-01 9.999893903732299805e-01 9.964095950126647949e-01 9.963235259056091309e-01 nan 9.999895691871643066e-01 1.054881743273605110e+02
3.446310074650682509e-05 2.329705603187903762e-05 2.616004033478672110e-09 9.999871253967285156e-01 9.999868869781494141e-01 9.955240488052368164e-01 9.954166412353515625e-01 nan 9.999870061874389648e-01 1.160757854326171241e+02
3.805406231549568474e-05 2.572454650362487882e-05 2.606944439452153756e-09 9.999840259552001953e-01 9.999836087226867676e-01 9.944452643394470215e-01 9.943121075630187988e-01 nan 9.999839067459106445e-01 1.277259123138192791e+02
4.201919000479392707e-05 2.840497290890198201e-05 2.597916226597658093e-09 9.999802112579345703e-01 9.999797344207763672e-01 9.931313991546630859e-01 9.929668307304382324e-01 nan 9.999800920486450195e-01 1.405451034066665557e+02
4.639747567125596106e-05 3.136469240416772664e-05 2.588919279439887767e-09 9.999754428863525391e-01 9.999750852584838867e-01 9.915317296981811523e-01 9.913289546966552734e-01 nan 9.999754428863525391e-01 1.546506001381127930e+02
5.123196388012729585e-05 3.463280881987884641e-05 2.579953483847589841e-09 9.999698996543884277e-01 9.999693036079406738e-01 9.895845651626586914e-01 9.893352985382080078e-01 nan 9.999697804450988770e-01 1.701714982532961642e+02
5.657019573845900595e-05 3.824145096587017179e-05 2.571018745591721348e-09 9.999629855155944824e-01 9.999623298645019531e-01 9.872151613235473633e-01 9.869095087051391602e-01 nan 9.999628663063049316e-01 1.872495779322563294e+02
6.246465636650100350e-05 4.222610732540488243e-05 2.562114941593048984e-09 9.999546408653259277e-01 9.999536871910095215e-01 9.843335151672363281e-01 9.839593768119812012e-01 nan 9.999545216560363770e-01 2.060409809826115577e+02
6.897329876665025949e-05 4.662595165427774191e-05 2.553241977543412439e-09 9.999444484710693359e-01 9.999433159828186035e-01 9.808307290077209473e-01 9.803733825683593750e-01 nan 9.999443292617797852e-01 2.267173726982473738e+02
7.616012590005993843e-05 5.148424679646268487e-05 2.544399743325443185e-09 9.999319911003112793e-01 9.999306201934814453e-01 9.765755534172058105e-01 9.760175347328186035e-01 nan 9.999317526817321777e-01 2.494675133035368049e+02
8.409580186707898974e-05 5.684876305167563260e-05 2.535588130685252624e-09 9.999168515205383301e-01 9.999151229858398438e-01 9.714108109474182129e-01 9.707308411598205566e-01 nan 9.999166131019592285e-01 2.744990647081820043e+02
9.285835403716191649e-05 6.277224747464060783e-05 2.526807033334104165e-09 9.998983740806579590e-01 9.998963475227355957e-01 9.651480317115783691e-01 9.643208980560302734e-01 nan 9.998980164527893066e-01 3.020402694604556473e+02
1.025339443003758788e-04 6.931294774403795600e-05 2.518056339675267213e-09 9.998758435249328613e-01 9.998733401298522949e-01 9.575631618499755859e-01 9.565584063529968262e-01 nan 9.998755455017089844e-01 3.323420891377377302e+02
1.132176985265687108e-04 7.653516513528302312e-05 2.509335958204897443e-09 9.998483657836914062e-01 9.998454451560974121e-01 9.483904838562011719e-01 9.471722245216369629e-01 nan 9.998480081558227539e-01 3.656802263590194570e+02
1.250146742677316070e-04 8.450992027064785361e-05 2.500645773867358897e-09 9.998151063919067383e-01 9.998114705085754395e-01 9.373176097869873047e-01 9.358436465263366699e-01 nan 9.998145103454589844e-01 4.023579865665491866e+02
1.380408502882346511e-04 9.331561159342527390e-05 2.491985695624705562e-09 9.997744560241699219e-01 9.997700452804565430e-01 9.239804744720458984e-01 9.222010374069213867e-01 nan 9.997738003730773926e-01 4.427079705943488648e+02
1.524243270978331566e-04 1.030388448270969093e-04 2.483355596498544299e-09 9.997249841690063477e-01 9.997196793556213379e-01 9.079590439796447754e-01 9.058167338371276855e-01 nan 9.997242093086242676e-01 4.870957930887106500e+02
1.683065347606316209e-04 1.137752187787555158e-04 2.474755379885282393e-09 9.996649026870727539e-01 9.996584653854370117e-01 8.887765407562255859e-01 8.862056136131286621e-01 nan 9.996638894081115723e-01 5.359228141541610739e+02
1.858436153270304203e-04 1.256302784895524383e-04 2.466184957973141175e-09 9.995918273925781250e-01 9.995840191841125488e-01 8.659018278121948242e-01 8.628283143043518066e-01 nan 9.995906949043273926e-01 5.896288640872279530e+02
2.052080089924857020e-04 1.387206139042973518e-04 2.457644209414643305e-09 9.995030760765075684e-01 9.994935989379882812e-01 8.387589454650878906e-01 8.351018428802490234e-01 nan 9.995016455650329590e-01 6.486966686499233674e+02
2.265901130158454180e-04 1.531749148853123188e-04 2.449133045395065615e-09 9.993953704833984375e-01 9.993838071823120117e-01 8.067467808723449707e-01 8.024197220802307129e-01 nan 9.993935823440551758e-01 7.136546274477661882e+02
2.502001880202442408e-04 1.691353245405480266e-04 2.440651351248999153e-09 9.992645382881164551e-01 9.992507696151733398e-01 7.692727446556091309e-01 7.641882896423339844e-01 nan 9.992623925209045410e-01 7.850809143225600337e+02
2.762703516054898500e-04 1.867587561719119549e-04 2.432199034655000626e-09 9.991063475608825684e-01 9.990895986557006836e-01 7.258074283599853516e-01 7.198831439018249512e-01 nan 9.991037249565124512e-01 8.636085002945302449e+02
3.050569503102451563e-04 2.062184939859434962e-04 2.423775992290330563e-09 9.989147782325744629e-01 9.988946318626403809e-01 6.759628653526306152e-01 6.691315174102783203e-01 nan 9.989116787910461426e-01 9.499272831094548337e+02
3.368430479895323515e-04 2.277058956678956747e-04 2.415382114947829304e-09 9.986834526062011719e-01 9.986592531204223633e-01 6.196025609970092773e-01 6.118254065513610840e-01 nan 9.986796975135803223e-01 1.044790471276277685e+03
3.719411906786262989e-04 2.514322404749691486e-04 2.407017301830847028e-09 9.984043836593627930e-01 9.983755350112915039e-01 5.569815635681152344e-01 5.482668876647949219e-01 nan 9.984000921249389648e-01 1.149017145319481870e+03
4.106964333914220333e-04 2.776307810563594103e-04 2.398681465071051552e-09 9.980688691139221191e-01 9.980343580245971680e-01 4.889112412929534912e-01 4.793364107608795166e-01 nan 9.980636239051818848e-01 1.263498157874625804e+03
4.534898616839200258e-04 3.065591445192694664e-04 2.390374494355455649e-09 9.976661205291748047e-01 9.976252317428588867e-01 4.169262647628784180e-01 4.066621065139770508e-01 nan 9.976598620414733887e-01 1.389197599601610591e+03
5.007422878406941891e-04 3.385017917025834322e-04 2.382096284987275655e-09 9.971842765808105469e-01 9.971360564231872559e-01 3.434107601642608643e-01 3.327432274818420410e-01 nan 9.971768856048583984e-01 1.527159872986272148e+03
5.529182380996644497e-04 3.737727238330990076e-04 2.373846756225058361e-09 9.966096282005310059e-01 9.965533614158630371e-01 2.716094553470611572e-01 2.609508633613586426e-01 nan 9.966009855270385742e-01 1.678509491835197196e+03
6.105307838879525661e-04 4.127188003621995449e-04 2.365625794166928840e-09 9.959267973899841309e-01 9.958614706993103027e-01 2.054237574338912964e-01 1.953010261058807373e-01 nan 9.959168434143066406e-01 1.844456892632261543e+03
6.741464603692293167e-04 4.557229985948652029e-04 2.357433293568910220e-09 9.951189160346984863e-01 9.950437545776367188e-01 1.488867104053497314e-01 1.398929357528686523e-01 nan 9.951073527336120605e-01 2.026299871378669650e+03
7.443906506523489952e-04 5.032080807723104954e-04 2.349269171114912410e-09 9.941668510437011719e-01 9.940814971923828125e-01 1.052682474255561829e-01 9.796736389398574829e-02 nan 9.941538572311401367e-01 2.225421799927786196e+03
8.219541050493717194e-04 5.556409596465528011e-04 2.341133324843220307e-09 9.930500388145446777e-01 9.929543137550354004e-01 7.592768967151641846e-02 7.071620225906372070e-02 nan 9.930354356765747070e-01 2.443295796066713592e+03
9.075994603335857391e-04 6.135372095741331577e-04 2.333025652639057309e-09 9.917458295822143555e-01 9.916396737098693848e-01 5.932149663567543030e-02 5.628057941794395447e-02 nan 9.917294979095458984e-01 2.681479979814316266e+03
1.002168864943087101e-03 6.774661596864461899e-04 2.324946049885245546e-09 9.902288317680358887e-01 9.901134371757507324e-01 5.089395120739936829e-02 4.970054700970649719e-02 nan 9.902111887931823730e-01 2.941609593734609007e+03
1.106592128053307533e-03 7.480562780983746052e-04 2.316894434325377400e-09 9.884715080261230469e-01 9.883478283882141113e-01 4.459933564066886902e-02 4.458123072981834412e-02 nan 9.884526133537292480e-01 3.225389987847307111e+03
1.221895916387438774e-03 8.260016329586505890e-04 2.308870708568745277e-09 9.864427447319030762e-01 9.863124489784240723e-01 3.602463752031326294e-02 3.639630973339080811e-02 nan 9.864228367805480957e-01 3.534578589213620944e+03
1.349214115180075169e-03 9.120687609538435936e-04 2.300874762407135126e-09 9.841077327728271484e-01 9.839729070663452148e-01 2.533072046935558319e-02 2.551491372287273407e-02 nan 9.840871095657348633e-01 3.870964637883371324e+03
1.489798538386821747e-03 1.007103826850652695e-03 2.292906509188567727e-09 9.814279675483703613e-01 9.812905788421630859e-01 1.677796989679336548e-02 1.658874936401844025e-02 nan 9.814070463180541992e-01 4.236340512137134283e+03
1.645031501539051533e-03 1.112041296437382698e-03 2.284965850418265676e-09 9.783615469932556152e-01 9.782230854034423828e-01 1.351134479045867920e-02 1.304968446493148804e-02 nan 9.783403277397155762e-01 4.632471680954456133e+03
1.816439209505915642e-03 1.227912958711385727e-03 2.277052691606405739e-09 9.748627543449401855e-01 9.747238159179687500e-01 1.275486405938863754e-02 2.208186546340584755e-03 nan 9.748415946960449219e-01 5.061054084448554931e+03
2.005707239732146263e-03 1.355858054012060165e-03 2.269166941709029953e-09 9.708819985389709473e-01 9.707419276237487793e-01 9.678444825112819672e-03 1.804222818464040756e-03 nan 9.708606004714965820e-01 5.523660673577445777e+03
2.214696491137146950e-03 1.497134799137711525e-03 2.261308494449764354e-09 9.663657546043395996e-01 9.662227034568786621e-01 5.825731903314590454e-03 1.473269076086580753e-03 nan 9.663438796997070312e-01 6.021673051060590296e+03
2.445461694151163101e-03 1.653132145293056965e-03 2.253477264686429142e-09 9.612572789192199707e-01 9.611085057258605957e-01 5.075613502413034439e-03 1.202182960696518421e-03 nan 9.612345695495605469e-01 6.556218877236561639e+03
2.700272016227245331e-03 1.825383864343166351e-03 2.245673160886940457e-09 9.554965496063232422e-01 9.553392529487609863e-01 4.297499079257249832e-03 9.802436688914895058e-04 nan 9.554725885391235352e-01 7.128077575997971508e+03
2.981632947921752930e-03 2.015583915635943413e-03 2.237896076485985185e-09 9.490207433700561523e-01 9.488526582717895508e-01 2.796623390167951584e-03 7.986302953213453293e-04 nan 9.489949941635131836e-01 7.737587797046027845e+03
3.292310982942581177e-03 2.225602278485894203e-03 2.230145925871712440e-09 9.417641162872314453e-01 9.415841102600097656e-01 2.765044337138533592e-03 6.500743329524993896e-04 nan 9.417366981506347656e-01 8.384525537459421685e+03
3.635360859334468842e-03 2.457503927871584892e-03 2.222422616889744185e-09 9.336591362953186035e-01 9.334661960601806641e-01 1.554013346321880817e-03 5.286354571580886841e-04 nan 9.336296319961547852e-01 9.067988752791930892e+03
4.014155361801385880e-03 2.713568974286317825e-03 2.214726058195065524e-09 9.246357679367065430e-01 9.244276285171508789e-01 1.467936323024332523e-03 4.294134851079434156e-04 nan 9.246040582656860352e-01 9.786235816461556169e+03
4.432419314980506897e-03 2.996315481141209602e-03 2.207056148657132701e-09 9.146227836608886719e-01 9.143951535224914551e-01 8.750420529395341873e-04 3.484009648673236370e-04 nan 9.145880341529846191e-01 1.053654710746780620e+04
4.894265439361333847e-03 3.308523446321487427e-03 2.199412800139309644e-09 9.035480618476867676e-01 9.032958745956420898e-01 7.149085286073386669e-04 2.823019458446651697e-04 nan 9.035094976425170898e-01 1.131506037970546458e+04
5.404234398156404495e-03 3.653262509033083916e-03 2.191795924301313793e-09 8.913391828536987305e-01 8.910582065582275391e-01 7.775867707096040249e-04 2.284158108523115516e-04 nan 8.912962675094604492e-01 1.211658818622864601e+04
5.967340432107448578e-03 4.033922217786312103e-03 2.184205430909534259e-09 8.779236674308776855e-01 8.776087164878845215e-01 5.721399793401360512e-04 1.845261140260845423e-04 nan 8.778755068778991699e-01 1.293444834374911807e+04
6.589121185243129730e-03 4.454245790839195251e-03 2.176641221197925960e-09 8.632288575172424316e-01 8.628724813461303711e-01 3.424638125579804182e-04 1.488130656071007252e-04 nan 8.631743788719177246e-01 1.376025074306660099e+04
7.275689393281936646e-03 4.918366204947233200e-03 2.169103203027300791e-09 8.471825718879699707e-01 8.467764854431152344e-01 2.690848486963659525e-04 1.197850069729611278e-04 nan 8.471205234527587891e-01 1.458372487108491805e+04
8.033796213567256927e-03 5.430846009403467178e-03 2.161591299930936394e-09 8.297131657600402832e-01 8.292483687400817871e-01 1.885239616967737675e-04 9.621900971978902817e-05 nan 8.296421766281127930e-01 1.539254466224894895e+04
8.870895951986312866e-03 5.996725521981716156e-03 2.154105401952956366e-09 8.107490539550781250e-01 8.102139234542846680e-01 1.905581157188862562e-04 7.711222860962152481e-05 nan 8.106672167778015137e-01 1.617213630895358256e+04
9.795218706130981445e-03 6.621567998081445694e-03 2.146645430474833453e-09 7.902205586433410645e-01 7.896028161048889160e-01 1.465403620386496186e-04 6.164330261526629329e-05 nan 7.901261448860168457e-01 1.690562308125556592e+04
1.081585418432950974e-02 7.311517372727394104e-03 2.139211293795359687e-09 7.680586576461791992e-01 7.673436403274536133e-01 9.004350431496277452e-05 4.913933662464842200e-05 nan 7.679494023323059082e-01 1.757370651734131388e+04
1.194283645600080490e-02 8.073357865214347839e-03 2.131802900090153706e-09 7.441975474357604980e-01 7.433693408966064453e-01 7.925358659122139215e-05 3.904959885403513908e-05 nan 7.440710663795471191e-01 1.815478501481900821e+04
1.318724639713764191e-02 8.914578706026077271e-03 2.124420174276236449e-09 7.185781598091125488e-01 7.176190018653869629e-01 6.614969606744125485e-05 3.092368569923564792e-05 nan 7.184315919876098633e-01 1.862527274081719224e+04
1.456132158637046814e-02 9.843453764915466309e-03 2.117063005254935590e-09 6.911519765853881836e-01 6.900433301925659180e-01 5.125957977725192904e-05 2.439354284433647990e-05 nan 6.909825801849365234e-01 1.896014934618904590e+04
1.607857085764408112e-02 1.086911372840404510e-02 2.109731324472420402e-09 6.618902683258056641e-01 6.606133580207824707e-01 3.335331348353065550e-05 1.915869324875529855e-05 nan 6.616951823234558105e-01 1.913404140898547485e+04
1.775391399860382080e-02 1.200164575129747391e-02 2.102425026951150955e-09 6.307965517044067383e-01 6.293334364891052246e-01 2.635856071719899774e-05 1.497411722084507346e-05 nan 6.305730342864990234e-01 1.912288189651246648e+04
1.960382424294948578e-02 1.325218472629785538e-02 2.095144031049849183e-09 5.979233980178833008e-01 5.962593555450439453e-01 2.508270881662610918e-05 1.164025889011099935e-05 nan 5.976691842079162598e-01 1.890626988751062527e+04
2.164648845791816711e-02 1.463302597403526306e-02 2.087888252770266929e-09 5.633974075317382812e-01 5.615232586860656738e-01 1.664804221945814788e-05 8.994759809866081923e-06 nan 5.631111264228820801e-01 1.847074749845105907e+04
2.390199340879917145e-02 1.615774817764759064e-02 2.080657597354892904e-09 5.274475812911987305e-01 5.253632068634033203e-01 8.560297828807961196e-06 6.905645932420156896e-06 nan 5.271291136741638184e-01 1.781367077752391560e+04
2.639251388609409332e-02 1.784133911132812500e-02 2.073451995948668221e-09 4.904383122920989990e-01 4.881572127342224121e-01 8.738880751479882747e-06 5.265663276077248156e-06 nan 4.900897741317749023e-01 1.694742195723277837e+04
2.914254181087017059e-02 1.970035769045352936e-02 2.066271340052806293e-09 4.528994858264923096e-01 4.504530429840087891e-01 5.162536581337917596e-06 3.987586296716472134e-06 nan 4.525257349014282227e-01 1.590297998592881231e+04
3.217911347746849060e-02 2.175308018922805786e-02 2.059115554147728899e-09 4.155429899692535400e-01 4.129848480224609375e-01 4.790972070622956380e-06 3.000297056132694706e-06 nan 4.151521325111389160e-01 1.473149293581627899e+04
3.553209081292152405e-02 2.401969395577907562e-02 2.051984539888671147e-09 3.792481720447540283e-01 3.766566216945648193e-01 2.952669774458627217e-06 2.245537189082824625e-06 nan 3.788522481918334961e-01 1.350211944565157137e+04
3.923443704843521118e-02 2.652247995138168335e-02 2.044878229365854235e-09 3.449953496456146240e-01 3.424715399742126465e-01 2.153325567633146420e-06 1.675243424870132003e-06 nan 3.446097970008850098e-01 1.229479962959170734e+04
4.332255572080612183e-02 2.928604744374752045e-02 2.037796533657790378e-09 3.137231767177581787e-01 3.113824427127838135e-01 1.563295199957792647e-06 1.249429715244332328e-06 nan 3.133655488491058350e-01 1.118737471720971189e+04
4.765481501817703247e-02 3.221465647220611572e-02 2.031010053452367756e-09 2.870155274868011475e-01 2.849567234516143799e-01 1.015402403936604969e-06 9.447562661080155522e-07 nan 2.867009937763214111e-01 1.026572885280934315e+04
5.198707059025764465e-02 3.514325991272926331e-02 2.024834231214258902e-09 2.658927440643310547e-01 2.641601562500000000e-01 7.905488814685668331e-07 7.355490652116714045e-07 nan 2.656280696392059326e-01 9.582038096469956145e+03
5.631932616233825684e-02 3.807186335325241089e-02 2.019169610001785353e-09 2.486355304718017578e-01 2.472264021635055542e-01 6.300045356510963757e-07 5.861759859726589639e-07 nan 2.484202235937118530e-01 9.051419930615733392e+03
6.065158173441886902e-02 4.100047051906585693e-02 2.013939112582009273e-09 2.340319007635116577e-01 2.329041361808776855e-01 5.114067107570008375e-07 4.758304328333906597e-07 nan 2.338595837354660034e-01 8.613876995208773224e+03
6.498383730649948120e-02 4.392907395958900452e-02 2.009081821590703985e-09 2.209495455026626587e-01 2.200343310832977295e-01 4.206494850222952664e-07 3.913876014394190861e-07 nan 2.208097130060195923e-01 8.206335900124933687e+03
6.931609660387039185e-02 4.685768112540245056e-02 2.004548729015451583e-09 2.085603326559066772e-01 2.077771276235580444e-01 3.490079620860342402e-07 3.247300526254548458e-07 nan 2.084406763315200806e-01 7.781694807519535971e+03
7.364834845066070557e-02 4.978628456592559814e-02 2.000299865353250301e-09 1.963804513216018677e-01 1.956515014171600342e-01 2.911018555096234195e-07 2.708520128180680331e-07 nan 1.962690949440002441e-01 7.315007053926325170e+03
7.798060774803161621e-02 5.271489173173904419e-02 1.996302173696350216e-09 1.842830181121826172e-01 1.835452914237976074e-01 2.436432566810253775e-07 2.266944534312642645e-07 nan 1.841702908277511597e-01 6.806809659901442501e+03
8.231285959482192993e-02 5.564349144697189331e-02 1.992528044667567094e-09 1.724066734313964844e-01 1.716195493936538696e-01 2.045529043925853330e-07 1.903229076560819522e-07 nan 1.722864061594009399e-01 6.276829763612940951e+03
8.664511889219284058e-02 5.857209861278533936e-02 1.988954134422163219e-09 1.610223352909088135e-01 1.601703315973281860e-01 1.723912248507986078e-07 1.603981587550151744e-07 nan 1.608921736478805542e-01 5.753090076751512242e+03
9.097737073898315430e-02 6.150070205330848694e-02 1.985560585482697045e-09 1.504136621952056885e-01 1.495045274496078491e-01 1.460382748064148473e-07 1.358781815952170291e-07 nan 1.502747833728790283e-01 5.262003923091898287e+03
9.636187553405761719e-02 6.514062732458114624e-02 1.981568674123380254e-09 1.386921256780624390e-01 1.377484351396560669e-01 1.200100285814187373e-07 1.116604622097838728e-07 nan 1.385479420423507690e-01 4.729095043230727242e+03
1.017463728785514832e-01 6.878054887056350708e-02 1.977801256732118934e-09 1.289188712835311890e-01 1.279959976673126221e-01 1.000516860472089320e-07 9.309062676265966729e-08 nan 1.287778764963150024e-01 4.306204330155193929e+03
1.071308776736259460e-01 7.242047041654586792e-02 1.974234781265857972e-09 1.211431846022605896e-01 1.202943027019500732e-01 8.480731850113443215e-08 7.890695741252784501e-08 nan 1.210134848952293396e-01 3.996423999480653947e+03
1.125153750181198120e-01 7.606039196252822876e-02 1.970849203820953451e-09 1.150274500250816345e-01 1.142885163426399231e-01 7.301287041627801955e-08 6.793326434717528173e-08 nan 1.149145588278770447e-01 3.777707790194516292e+03
1.178998723626136780e-01 7.970031350851058960e-02 1.967627323526894450e-09 1.100050806999206543e-01 1.093870922923088074e-01 6.360414772643707693e-08 5.917930678833727143e-08 nan 1.099106594920158386e-01 3.614446029590116723e+03
1.232843771576881409e-01 8.334024250507354736e-02 1.964554264128985100e-09 1.055138036608695984e-01 1.050031557679176331e-01 5.580410089578435873e-08 5.192205065895905136e-08 nan 1.054357886314392090e-01 3.471768338827211664e+03
1.286688745021820068e-01 8.698015660047531128e-02 1.961617102724775952e-09 1.011172607541084290e-01 1.006826534867286682e-01 4.910222273224462697e-08 4.568646616576188535e-08 nan 1.010508686304092407e-01 3.322755582397359831e+03
1.340533792972564697e-01 9.062008559703826904e-02 1.958804483640675406e-09 9.654736518859863281e-02 9.615022689104080200e-02 4.319396751384374511e-08 4.018923505100246985e-08 nan 9.648669511079788208e-02 3.151445469625971327e+03
1.394378840923309326e-01 9.426000714302062988e-02 1.956106446915437174e-09 9.173566102981567383e-02 9.134091436862945557e-02 3.793103431348754384e-08 3.529237702082355099e-08 nan 9.167534112930297852e-02 2.955355560439430519e+03
1.448223739862442017e-01 9.789992123842239380e-02 1.953514161287429418e-09 8.679559826850891113e-02 8.637967705726623535e-02 3.326568176476030203e-08 3.095150447052219533e-08 nan 8.673205971717834473e-02 2.744149226871731116e+03
1.502068787813186646e-01 1.015398502349853516e-01 1.951019758654691563e-09 8.194240927696228027e-02 8.149701356887817383e-02 2.919022534797477419e-08 2.715949420917240786e-08 nan 8.187436312437057495e-02 2.533547210138865012e+03
1.555913835763931274e-01 1.051797717809677124e-01 1.948616241255242070e-09 7.741317152976989746e-02 7.694453001022338867e-02 2.569768398075211735e-08 2.390987141609457467e-08 nan 7.734157890081405640e-02 2.339384857653442396e+03
1.609758734703063965e-01 1.088196933269500732e-01 1.946297314463125787e-09 7.340961694717407227e-02 7.293410599231719971e-02 2.276368959996943886e-08 2.117996800166110916e-08 nan 7.333696633577346802e-02 2.173881946378682642e+03
1.663603782653808594e-01 1.124596148729324341e-01 1.944057316713681798e-09 7.003790140151977539e-02 6.957583874464035034e-02 2.033457136008109956e-08 1.891984702240279148e-08 nan 6.996729969978332520e-02 2.042609223803084433e+03
1.717448830604553223e-01 1.160995438694953918e-01 1.941891129256332855e-09 6.726948171854019165e-02 6.683888286352157593e-02 1.832620633024362178e-08 1.705122443240725261e-08 nan 6.720369309186935425e-02 1.943143645656004992e+03
1.771293878555297852e-01 1.197394654154777527e-01 1.939794125595426991e-09 6.496794521808624268e-02 6.457996368408203125e-02 1.664109561261284398e-08 1.548337635881580354e-08 nan 6.490866839885711670e-02 1.867259141657885948e+03
1.825138777494430542e-01 1.233793795108795166e-01 1.937762091126241291e-09 6.295524537563323975e-02 6.261216104030609131e-02 1.518987069459853956e-08 1.413314176801350186e-08 nan 6.290283054113388062e-02 1.804763315644688646e+03
1.878983825445175171e-01 1.270193010568618774e-01 1.935791175107242678e-09 6.105861067771911621e-02 6.075445935130119324e-02 1.390141068924322099e-08 1.293433804505639273e-08 nan 6.101214140653610229e-02 1.745964727538965008e+03
1.932828873395919800e-01 1.306592375040054321e-01 1.933877861004656685e-09 5.913635715842247009e-02 5.885952711105346680e-02 1.272486738201905609e-08 1.183965547824072928e-08 nan 5.909405648708343506e-02 1.683029231940174668e+03
1.986673772335052490e-01 1.342991441488265991e-01 1.932018951816384183e-09 5.710741132497787476e-02 5.684432014822959900e-02 1.163136520432317411e-08 1.082222311765690392e-08 nan 5.706721544265747070e-02 1.611695382886067364e+03
2.040518820285797119e-01 1.379390656948089600e-01 1.930211465507478933e-09 5.496997758746147156e-02 5.470864474773406982e-02 1.061257037804352876e-08 9.874296047485131567e-09 nan 5.493004992604255676e-02 1.532345422780339277e+03
2.094363868236541748e-01 1.415790021419525146e-01 1.928452677645768952e-09 5.278456956148147583e-02 5.251723900437355042e-02 9.672723066955768445e-09 8.999818668087300466e-09 nan 5.274372547864913940e-02 1.448889111910792053e+03
2.148208767175674438e-01 1.452189087867736816e-01 1.926740094380007882e-09 5.063822865486145020e-02 5.036248266696929932e-02 8.819321273279001616e-09 8.205773838199093007e-09 nan 5.059610307216644287e-02 1.366522268859404448e+03
2.202053815126419067e-01 1.488588303327560425e-01 1.925071368159055733e-09 4.861790314316749573e-02 4.833624884486198425e-02 8.057815747974927945e-09 7.497235721132256003e-09 nan 4.857487231492996216e-02 1.290111597839807700e+03
2.255898863077163696e-01 1.524987667798995972e-01 1.923444343781293656e-09 4.679182544350624084e-02 4.651015624403953552e-02 7.389023171100461695e-09 6.874965485792472464e-09 nan 4.674879834055900574e-02 1.223205065564893630e+03
2.309743911027908325e-01 1.561386883258819580e-01 1.921857033120720865e-09 4.519156366586685181e-02 4.491698741912841797e-02 6.807405306119562738e-09 6.333810365077852111e-09 nan 4.514961317181587219e-02 1.167238697977741367e+03
2.363588809967041016e-01 1.597786098718643188e-01 1.920307567935778733e-09 4.380553960800170898e-02 4.354431480169296265e-02 6.301567267996688315e-09 5.863167729103224701e-09 nan 4.376562684774398804e-02 1.121400833982529775e+03
2.417433857917785645e-01 1.634185314178466797e-01 1.918794213956308179e-09 4.259075969457626343e-02 4.234674200415611267e-02 5.857232032724368764e-09 5.449749540531456660e-09 nan 4.255348071455955505e-02 1.083362606337810348e+03
2.471278905868530273e-01 1.670584529638290405e-01 1.917315352832477265e-09 4.148865863680839539e-02 4.126263409852981567e-02 5.460080387820198666e-09 5.080232234888626408e-09 nan 4.145412519574165344e-02 1.050108602888104315e+03
2.525123953819274902e-01 1.706983745098114014e-01 1.915869472055197894e-09 4.043601825833320618e-02 4.022592306137084961e-02 5.097295030509485514e-09 4.742690240533420365e-09 nan 4.040392115712165833e-02 1.018463541704921795e+03
2.578969001770019531e-01 1.743383109569549561e-01 1.914455150219987163e-09 3.937851265072822571e-02 3.918032720685005188e-02 4.759034943901951920e-09 4.427963773423471139e-09 nan 3.934823349118232727e-02 9.857572938977214108e+02
2.632813751697540283e-01 1.779782027006149292e-01 1.913071083197014340e-09 3.828767687082290649e-02 3.809664398431777954e-02 4.439907996811598423e-09 4.131038178201151823e-09 nan 3.825849294662475586e-02 9.506691458349685036e+02
2.686658799648284912e-01 1.816181391477584839e-01 1.911715991580206360e-09 3.716638684272766113e-02 3.697825968265533447e-02 4.138787090823825565e-09 3.850864072063586718e-09 nan 3.713764250278472900e-02 9.134749417473901758e+02
2.740503847599029541e-01 1.852580606937408447e-01 1.910388727493893778e-09 3.603718057274818420e-02 3.584911301732063293e-02 3.856758468145926599e-09 3.588453090230814269e-09 nan 3.600844740867614746e-02 8.754146969550869244e+02
2.794348895549774170e-01 1.888979822397232056e-01 1.909088184011114833e-09 3.492799028754234314e-02 3.473895415663719177e-02 3.595227671127076974e-09 3.345113963604262608e-09 nan 3.489910811185836792e-02 8.379417779495619243e+02
2.848193943500518799e-01 1.925379037857055664e-01 1.907813323590368924e-09 3.386683389544487000e-02 3.367750346660614014e-02 3.355311140040839746e-09 3.121885638890375958e-09 nan 3.383790701627731323e-02 8.024438622907854324e+02
2.902038991451263428e-01 1.961778402328491211e-01 1.906563162582237113e-09 3.287913277745246887e-02 3.269139677286148071e-02 3.137619719595363676e-09 2.919337660500787024e-09 nan 3.285045176744461060e-02 7.701143966084542853e+02
2.955884039402008057e-01 1.998177617788314819e-01 1.905336787226579552e-09 3.197999298572540283e-02 3.179621323943138123e-02 2.941622501140273016e-09 2.736975757144932686e-09 nan 3.195191547274589539e-02 7.416106602078573360e+02
3.009728789329528809e-01 2.034576684236526489e-01 1.904133323856378078e-09 3.116719983518123627e-02 3.098954632878303528e-02 2.765229822898618295e-09 2.572855262172879520e-09 nan 3.114005737006664276e-02 7.167708809559117071e+02
3.063573837280273438e-01 2.070975899696350098e-01 1.902951936232507350e-09 3.042416088283061981e-02 3.025402873754501343e-02 2.605317295234499397e-09 2.424068723527739166e-09 nan 3.039816953241825104e-02 6.947898733519994039e+02
3.117418885231018066e-01 2.107375115156173706e-01 1.901791846628511990e-09 2.972927689552307129e-02 2.956703677773475647e-02 2.458700576468686450e-09 2.287653178001392007e-09 nan 2.970449067652225494e-02 6.746630641845399623e+02
3.171263933181762695e-01 2.143774479627609253e-01 1.900652308391623192e-09 2.906230278313159943e-02 2.890733629465103149e-02 2.322676051491612270e-09 2.161092416130827587e-09 nan 2.903862670063972473e-02 6.554736073803361478e+02
3.225108981132507324e-01 2.180173695087432861e-01 1.899532626729035332e-09 2.840602770447731018e-02 2.825700491666793823e-02 2.195093662393787781e-09 2.042386482159486150e-09 nan 2.838325873017311096e-02 6.364616936675001853e+02
3.278954029083251953e-01 2.216572910547256470e-01 1.898432128189829179e-09 2.774838730692863464e-02 2.760367467999458313e-02 2.074441285415673519e-09 1.930127613292142996e-09 nan 2.772627957165241241e-02 6.171148542590444777e+02
3.332799077033996582e-01 2.252972126007080078e-01 1.897350177081271127e-09 2.708611637353897095e-02 2.694417722523212433e-02 1.960017259605706386e-09 1.823663553501830847e-09 nan 2.706443145871162415e-02 5.973243389235458380e+02
3.386643826961517334e-01 2.289371192455291748e-01 1.896286172945125672e-09 2.642532810568809509e-02 2.628505602478981018e-02 1.851851005874038947e-09 1.723021392230350557e-09 nan 2.640389837324619293e-02 5.773966373167124857e+02
3.440488874912261963e-01 2.325770407915115356e-01 1.895239531240720810e-09 2.577708847820758820e-02 2.563796751201152802e-02 1.750288913804354252e-09 1.628524537444775433e-09 nan 2.575583569705486298e-02 5.578431268895053563e+02
3.494333922863006592e-01 2.362169772386550903e-01 1.894209703480833635e-09 2.515192888677120209e-02 2.501404471695423126e-02 1.655581893800217586e-09 1.540405580868764446e-09 nan 2.513086423277854919e-02 5.391320360205795623e+02
3.548178970813751221e-01 2.398568987846374512e-01 1.893196174858241155e-09 2.455740422010421753e-02 2.442127093672752380e-02 1.567739715824245650e-09 1.458673959398026909e-09 nan 2.453660592436790466e-02 5.215862517555495970e+02
3.602024018764495850e-01 2.434968203306198120e-01 1.892198441798694543e-09 2.399795316159725189e-02 2.386432141065597534e-02 1.486556322483068016e-09 1.383138603650024834e-09 nan 2.397753857076168060e-02 5.053843510773751859e+02
3.655869066715240479e-01 2.471367418766021729e-01 1.891216027459402332e-09 2.347435243427753448e-02 2.334393933415412903e-02 1.411608274715092648e-09 1.313404496272596589e-09 nan 2.345442771911621094e-02 4.905452711821076832e+02
3.709714114665985107e-01 2.507766783237457275e-01 1.890248472221847833e-09 2.298283204436302185e-02 2.285613864660263062e-02 1.342235433909877429e-09 1.248858128022334313e-09 nan 2.296347543597221375e-02 4.768990756396458437e+02
3.763558864593505859e-01 2.544165849685668945e-01 1.889295352117686434e-09 2.251609042286872864e-02 2.239329367876052856e-02 1.277636108021340533e-09 1.188753206982084976e-09 nan 2.249732799828052521e-02 4.641353220702745261e+02
3.817403912544250488e-01 2.580564916133880615e-01 1.888356242191734645e-09 2.206622995436191559e-02 2.194717153906822205e-02 1.217051792679058053e-09 1.132383742330489440e-09 nan 2.204804122447967529e-02 4.519271037343790454e+02
3.871248960494995117e-01 2.616964280605316162e-01 1.887430735669950155e-09 2.162704057991504669e-02 2.151129767298698425e-02 1.159888074475645681e-09 1.079197065045889303e-09 nan 2.160935662686824799e-02 4.400240169083428441e+02
3.925094008445739746e-01 2.653363645076751709e-01 1.886518457772270655e-09 2.119436860084533691e-02 2.108138240873813629e-02 1.105715741189783330e-09 1.028793383817117046e-09 nan 2.117710746824741364e-02 4.282645978619040648e+02
3.978939056396484375e-01 2.689762711524963379e-01 1.885619049100158659e-09 2.076610177755355835e-02 2.065530791878700256e-02 1.054248466303420173e-09 9.809065781851700194e-10 nan 2.074917592108249664e-02 4.165731590935739632e+02
4.032784104347229004e-01 2.726162075996398926e-01 1.884732143174389957e-09 2.034276537597179413e-02 2.023372426629066467e-02 1.005356686789582454e-09 9.354160779295739303e-10 nan 2.032610774040222168e-02 4.049810407170069766e+02
4.086629152297973633e-01 2.762561440467834473e-01 1.883857409814700777e-09 1.992747560143470764e-02 1.981992833316326141e-02 9.590437333173440493e-10 8.923248251413440357e-10 nan 1.991104334592819214e-02 3.936206726757652632e+02
4.140473902225494385e-01 2.798960208892822266e-01 1.882994538868699288e-09 1.952408254146575928e-02 1.941797137260437012e-02 9.153421909324777062e-10 8.516634064648087588e-10 nan 1.950787194073200226e-02 3.826489066392717291e+02
4.194318950176239014e-01 2.835359573364257812e-01 1.882143190604211824e-09 1.913521997630596161e-02 1.903064921498298645e-02 8.742200852118742205e-10 8.134019569006056827e-10 nan 1.911924406886100769e-02 3.721697669731343581e+02
4.248163998126983643e-01 2.871758937835693359e-01 1.881303079826970542e-09 1.876211352646350861e-02 1.865928433835506439e-02 8.355799385739715035e-10 7.774500487833790885e-10 nan 1.874640397727489471e-02 3.622293855587356006e+02
4.302009046077728271e-01 2.908158004283905029e-01 1.880473925305205483e-09 1.840525493025779724e-02 1.830438524484634399e-02 7.992968509284992251e-10 7.436909976732408722e-10 nan 1.838984340429306030e-02 3.528437149931735917e+02
4.355854094028472900e-01 2.944557368755340576e-01 1.879655436356054805e-09 1.806416362524032593e-02 1.796542294323444366e-02 7.652116162937261379e-10 7.119770328856134256e-10 nan 1.804907619953155518e-02 3.439911955903287435e+02
4.409699141979217529e-01 2.980956733226776123e-01 1.878847353036435648e-09 1.773675717413425446e-02 1.764021441340446472e-02 7.331095175366897365e-10 6.821083142760642204e-10 nan 1.772200688719749451e-02 3.355899549525636303e+02
4.463544189929962158e-01 3.017355799674987793e-01 1.878049424887222573e-09 1.741996407508850098e-02 1.732558570802211761e-02 7.027527448855153125e-10 6.538635743957854629e-10 nan 1.740554720163345337e-02 3.275227503304340075e+02
4.517388939857482910e-01 3.053754866123199463e-01 1.877261397654174740e-09 1.711123995482921600e-02 1.701888814568519592e-02 6.739432900637609691e-10 6.270584052003869147e-10 nan 1.709712855517864227e-02 3.196945431413518577e+02
4.571233987808227539e-01 3.090154230594635010e-01 1.876483026309890802e-09 1.680916734039783478e-02 1.671865582466125488e-02 6.465428192825584119e-10 6.015641318413145200e-10 nan 1.679533906280994415e-02 3.120545890008872334e+02
4.625079035758972168e-01 3.126553297042846680e-01 1.875714093387305177e-09 1.651294343173503876e-02 1.642406545579433441e-02 6.204465274883830261e-10 5.772833322481574214e-10 nan 1.649936474859714508e-02 3.045754116577565469e+02
4.678924083709716797e-01 3.162952661514282227e-01 1.874954364165268396e-09 1.622205972671508789e-02 1.613463461399078369e-02 5.955682058633726683e-10 5.541356817850839889e-10 nan 1.620870269834995270e-02 2.972410467208114255e+02
4.732769131660461426e-01 3.199352025985717773e-01 1.874203630559428286e-09 1.593675836920738220e-02 1.585065573453903198e-02 5.718545081911940997e-10 5.320716089940447091e-10 nan 1.592360250651836395e-02 2.900628657450787387e+02
4.786614179611206055e-01 3.235751092433929443e-01 1.873461691551420399e-09 1.565817557275295258e-02 1.557333394885063171e-02 5.492866161915799239e-10 5.110737388847041984e-10 nan 1.564521156251430511e-02 2.830841809202444779e+02
4.840458929538726807e-01 3.272150158882141113e-01 1.872728340933758753e-09 1.538757886737585068e-02 1.530399452894926071e-02 5.278500969652100139e-10 4.911285267361620299e-10 nan 1.537480857223272324e-02 2.763515715544802447e+02
4.894303977489471436e-01 3.308549523353576660e-01 1.872003379495005729e-09 1.512552797794342041e-02 1.504323258996009827e-02 5.075061482173737204e-10 4.721997792778154235e-10 nan 1.511295419186353683e-02 2.698849835287641099e+02
4.948149025440216064e-01 3.344948589801788330e-01 1.871286632213937058e-09 1.487186551094055176e-02 1.479091495275497437e-02 4.881939297263215849e-10 4.542311526911646524e-10 nan 1.485949661582708359e-02 2.636781085532762745e+02
5.001994371414184570e-01 3.381348252296447754e-01 1.870577900826693527e-09 1.462626550346612930e-02 1.454669982194900513e-02 4.698507138911622860e-10 4.371640272005095085e-10 nan 1.461410894989967346e-02 2.577187241022475064e+02
5.055838823318481445e-01 3.417747020721435547e-01 1.869877039368293133e-09 1.438837777823209763e-02 1.431022118777036667e-02 4.524170205133515310e-10 4.209431692103748901e-10 nan 1.437643729150295258e-02 2.519938829513532994e+02
5.109683871269226074e-01 3.454146385192871094e-01 1.869183849789121820e-09 1.415753085166215897e-02 1.408076658844947815e-02 4.358268468340753543e-10 4.055071278763477949e-10 nan 1.414580270648002625e-02 2.464797116284884737e+02
5.163528919219970703e-01 3.490545451641082764e-01 1.868498185335105332e-09 1.393263880163431168e-02 1.385722495615482330e-02 4.200060577108644111e-10 3.907870138597502319e-10 nan 1.392111834138631821e-02 2.411382593871484801e+02
5.217373967170715332e-01 3.526944816112518311e-01 1.867819876059786520e-09 1.371270883828401566e-02 1.363857649266719818e-02 4.048884005847241951e-10 3.767210987604130423e-10 nan 1.370138395577669144e-02 2.359356477859550409e+02
5.271219015121459961e-01 3.563344180583953857e-01 1.867148773833358248e-09 1.349731720983982086e-02 1.342438627034425735e-02 3.904285783562500001e-10 3.632671941034004703e-10 nan 1.348617486655712128e-02 2.308580314605935655e+02
5.325064063072204590e-01 3.599743247032165527e-01 1.866484735032350672e-09 1.328645832836627960e-02 1.321465242654085159e-02 3.765960043811134028e-10 3.503969336904333431e-10 nan 1.327548827975988388e-02 2.259060288425094427e+02
5.378909111022949219e-01 3.636142611503601074e-01 1.865827604301946768e-09 1.308010891079902649e-02 1.300936564803123474e-02 3.633613410158886836e-10 3.380829782795302663e-10 nan 1.306930091232061386e-02 2.210795276656456281e+02
5.432754158973693848e-01 3.672541677951812744e-01 1.865177252290424566e-09 1.287819538265466690e-02 1.280847098678350449e-02 3.506954449061794321e-10 3.262982384288903859e-10 nan 1.286754291504621506e-02 2.163765870594059493e+02
5.486599206924438477e-01 3.708941042423248291e-01 1.864533532427482462e-09 1.268088910728693008e-02 1.261216215789318085e-02 3.385773605923958485e-10 3.150231464577046836e-10 nan 1.267038844525814056e-02 2.118033838929155479e+02
5.540444254875183105e-01 3.745340406894683838e-01 1.863896318172137942e-09 1.248857285827398300e-02 1.242083404213190079e-02 3.269926274196421900e-10 3.042443519341020419e-10 nan 1.247822400182485580e-02 2.073729242691009915e+02
5.594289302825927734e-01 3.781739473342895508e-01 1.863265486641235488e-09 1.230140961706638336e-02 1.223465986549854279e-02 3.159215111736557446e-10 2.939433696447224520e-10 nan 1.229121163487434387e-02 2.030904423486367421e+02
5.648134350776672363e-01 3.818138837814331055e-01 1.862640903204479876e-09 1.211914047598838806e-02 1.205338444560766220e-02 3.053345631887083300e-10 2.840929991254625975e-10 nan 1.210909429937601089e-02 1.989472039128533822e+02
5.701979398727416992e-01 3.854538202285766602e-01 1.862022452330667509e-09 1.194140966981649399e-02 1.187664456665515900e-02 2.952016409096813732e-10 2.746650129559213838e-10 nan 1.193151529878377914e-02 1.949314129777333449e+02
5.755824446678161621e-01 3.890937268733978271e-01 1.861410021730888845e-09 1.176804024726152420e-02 1.170425489544868469e-02 2.854985137190624300e-10 2.656369013642745358e-10 nan 1.175829581916332245e-02 1.910371995218413304e+02
5.809668898582458496e-01 3.927336037158966064e-01 1.860803497296447543e-09 1.159887202084064484e-02 1.153604686260223389e-02 2.762027828673296881e-10 2.569878476688103319e-10 nan 1.158927381038665771e-02 1.872593515641425768e+02
5.863513946533203125e-01 3.963735401630401611e-01 1.860202753428811389e-09 1.143353246152400970e-02 1.137163955718278885e-02 2.672882470911019936e-10 2.486935102297138656e-10 nan 1.142407674342393875e-02 1.835858535226184074e+02
5.917358994483947754e-01 4.000134766101837158e-01 1.859607692406273365e-09 1.127159502357244492e-02 1.121059991419315338e-02 2.587289826827543493e-10 2.407296861850483083e-10 nan 1.126227620989084244e-02 1.800031362909668644e+02
5.971204042434692383e-01 4.036533832550048828e-01 1.859018214291441706e-09 1.111288834363222122e-02 1.105275563895702362e-02 2.505063378954730524e-10 2.330790838112051233e-10 nan 1.110370177775621414e-02 1.765060307520778053e+02
6.025049090385437012e-01 4.072933197021484375e-01 1.858434207544148841e-09 1.095748040825128555e-02 1.089818030595779419e-02 2.426079614981091481e-10 2.257301706665160168e-10 nan 1.094842050224542618e-02 1.730969142432545596e+02
6.078894138336181641e-01 4.109332561492919922e-01 1.857855577876460681e-09 1.080538518726825714e-02 1.074688881635665894e-02 2.350208638812745221e-10 2.186709147089516136e-10 nan 1.079644821584224701e-02 1.697763076727353564e+02
6.132739186286926270e-01 4.145731627941131592e-01 1.857282233477322155e-09 1.065646950155496597e-02 1.059875823557376862e-02 2.277295990671390769e-10 2.118868830391917868e-10 nan 1.064765173941850662e-02 1.665402228657353589e+02
6.186584234237670898e-01 4.182130992412567139e-01 1.856714071034082293e-09 1.051067095249891281e-02 1.045372989028692245e-02 2.207209692794975808e-10 2.053658076928144283e-10 nan 1.050197239965200424e-02 1.633867657989016209e+02
6.240429282188415527e-01 4.218530058860778809e-01 1.856151008397507339e-09 1.036809291690587997e-02 1.031191181391477585e-02 2.139857457894578374e-10 1.990991538303177322e-10 nan 1.035950984805822372e-02 1.603192194920291342e+02
6.294274330139160156e-01 4.254929423332214355e-01 1.855592947277603754e-09 1.022878941148519516e-02 1.017336081713438034e-02 2.075141863899787609e-10 1.930778176228997722e-10 nan 1.022032182663679123e-02 1.573392087681011731e+02
6.556535363197326660e-01 4.432217776775360107e-01 1.852943630635520644e-09 9.591864421963691711e-03 9.539934806525707245e-03 1.793368509250825582e-10 1.668607058080695538e-10 nan 9.583930484950542450e-03 1.439139164210748731e+02
8.039034605026245117e-01 5.434387326240539551e-01 1.839770603253567837e-09 6.932732649147510529e-03 6.895208731293678284e-03 8.622084296527887659e-11 8.022261327456092772e-11 nan 6.927000358700752258e-03 9.152433234104383075e+01
9.932619333267211914e-01 6.714450716972351074e-01 1.826201010048688587e-09 4.923642147332429886e-03 4.897001199424266815e-03 4.011203869058732607e-11 3.732152087376761074e-11 nan 4.919571336358785629e-03 5.661681664266372138e+01
1.227223634719848633e+00 8.296031951904296875e-01 1.812731498599941669e-09 3.479650011286139488e-03 3.460827283561229706e-03 1.856967531133069116e-11 1.727781806515338303e-11 nan 3.476774087175726891e-03 3.468074407516687785e+01
1.516294717788696289e+00 1.025015234947204590e+00 1.799361337301671755e-09 2.448254032060503960e-03 2.435013884678483009e-03 8.558659857216266431e-12 7.963250718556746932e-12 nan 2.446231432259082794e-03 2.105596077857261861e+01
1.873456120491027832e+00 1.266456365585327148e+00 1.786089789356977996e-09 1.715625170618295670e-03 1.706349430605769157e-03 3.928731038410626653e-12 3.655417114833969805e-12 nan 1.714207930490374565e-03 1.268094807512240685e+01
2.314746379852294922e+00 1.564768552780151367e+00 1.772916133006574509e-09 1.197827514261007309e-03 1.191352726891636848e-03 1.796821480666566107e-12 1.671820234333543098e-12 nan 1.196838216856122017e-03 7.581239723488800486e+00
2.859982252120971680e+00 1.933347940444946289e+00 1.759839636962373426e-09 8.335142047144472599e-04 8.290100377053022385e-04 8.190392808415936088e-13 7.620604993395507787e-13 nan 8.328261319547891617e-04 4.502176885569680209e+00
3.533647537231445312e+00 2.388745784759521484e+00 1.746859588797865175e-09 5.782338557764887810e-04 5.751101416535675526e-04 3.722002361265103199e-13 3.463070758977226937e-13 nan 5.777566111646592617e-04 2.657347481214489715e+00
4.365993976593017578e+00 2.951411962509155273e+00 1.733975279535418463e-09 4.000158805865794420e-04 3.978558233939111233e-04 1.686678683006370694e-13 1.569340631838583855e-13 nan 3.996858431492000818e-04 1.559698244287207602e+00
5.394398689270019531e+00 3.646613597869873047e+00 1.721185999058096773e-09 2.760165953077375889e-04 2.745269739534705877e-04 7.623831172485009966e-14 7.093461831374908710e-14 nan 2.757890324573963881e-04 9.107544376533175390e-01
6.665042877197265625e+00 4.505568981170654297e+00 1.708491050912268841e-09 1.900045026559382677e-04 1.889799023047089577e-04 3.437844830317914047e-14 3.198684738847483444e-14 nan 1.898479677038267255e-04 5.293020054353969606e-01
8.234986305236816406e+00 5.566850662231445312e+00 1.695889732548296616e-09 1.305105251958593726e-04 1.298075803788378835e-04 1.546872066473126833e-14 1.439262120941919854e-14 nan 1.304031320614740252e-04 3.062750275736029759e-01
1.017472743988037109e+01 6.878115653991699219e+00 1.683381361073609185e-09 8.946430898504331708e-05 8.898330270312726498e-05 6.946219891868030821e-15 6.463005383151344818e-15 nan 8.939082181314006448e-05 1.765082647649998115e-01
1.257137203216552734e+01 8.498247146606445312e+00 1.670965250288532184e-09 6.121249316493049264e-05 6.088426016503944993e-05 3.113390723344638261e-15 2.896812022028238953e-15 nan 6.116234726505354047e-05 1.013421964273750475e-01
1.553254413604736328e+01 1.050000000000000000e+01 1.658640709094829109e-09 4.180931136943399906e-05 4.158603042014874518e-05 1.393057701866971289e-15 1.296155015118711194e-15 nan 4.177520168013870716e-05 5.798304943151090518e-02
