# k/h [h/Mpc]            k [1/Mpc]              Primoridal             T_cdm(k)                 T_bar(k)                 T_phot(k)                T_massless neutrions(k)  T_massive neutrinos(k)   T_total(k)               Linear Pk [(Mpc)^-3]   
1.049045658874092624e-05 7.091548468451946974e-06 2.727206404909961128e-09 1.000000000000000000e+00 1.000000000000000000e+00 1.000000000000000000e+00 1.000000000000000000e+00 nan 1.000000000000000000e+00 9.788379725754998262e+00
1.158353370556142181e-05 7.830468348402064294e-06 2.717761705682844603e-09 9.999997019767761230e-01 9.999997019767761230e-01 9.999731779098510742e-01 9.999727606773376465e-01 nan 9.999997019767761230e-01 1.077086460860062722e+01
1.279050593439023942e-05 8.646382411825470626e-06 2.708349706436794825e-09 9.999994039535522461e-01 9.999994039535522461e-01 9.999406933784484863e-01 9.999394416809082031e-01 nan 9.999994039535522461e-01 1.185196449981110689e+01
1.412324218108551577e-05 9.547311492497101426e-06 2.698970312856197758e-09 9.999992251396179199e-01 9.999991059303283691e-01 9.999008774757385254e-01 9.998988509178161621e-01 nan 9.999992251396179199e-01 1.304158010429207515e+01
1.559484553581569344e-05 1.054211588780162856e-05 2.689623392481895528e-09 9.999986886978149414e-01 9.999986886978149414e-01 9.998523592948913574e-01 9.998493194580078125e-01 nan 9.999986886978149414e-01 1.435059224578105486e+01
1.721978514979127795e-05 1.164057448477251455e-05 2.680308856040028027e-09 9.999983310699462891e-01 9.999982118606567383e-01 9.997932910919189453e-01 9.997889995574951172e-01 nan 9.999983310699462891e-01 1.579099469577549897e+01
1.901403993542771786e-05 1.285349117097212002e-05 2.671026563908324178e-09 9.999977350234985352e-01 9.999976158142089844e-01 9.997212290763854980e-01 9.997154474258422852e-01 nan 9.999977350234985352e-01 1.737596887744797414e+01
2.099525045196060091e-05 1.419278942194068804e-05 2.661776424936157355e-09 9.999969601631164551e-01 9.999969601631164551e-01 9.996333718299865723e-01 9.996255636215209961e-01 nan 9.999969601631164551e-01 1.912002166569516959e+01
2.318289807590190321e-05 1.567163963045459241e-05 2.652558315858844083e-09 9.999961256980895996e-01 9.999960660934448242e-01 9.995262622833251953e-01 9.995162487030029297e-01 nan 9.999961256980895996e-01 2.103912638256333167e+01
2.559849235694855452e-05 1.730458097881637514e-05 2.643372135990062650e-09 9.999951720237731934e-01 9.999950528144836426e-01 9.993957877159118652e-01 9.993830323219299316e-01 nan 9.999951720237731934e-01 2.315084668361323494e+01
2.826578383974265307e-05 1.910767059598583728e-05 2.634217767634683471e-09 9.999938607215881348e-01 9.999936819076538086e-01 9.992365241050720215e-01 9.992203712463378906e-01 nan 9.999938607215881348e-01 2.547450714928466198e+01
3.121100235148333013e-05 2.109863817167934030e-05 2.625095097817206075e-09 9.999923110008239746e-01 9.999921917915344238e-01 9.990425109863281250e-01 9.990222454071044922e-01 nan 9.999923110008239746e-01 2.803137841429776955e+01
3.446310074650682509e-05 2.329705603187903762e-05 2.616004033478672110e-09 9.999904036521911621e-01 9.999902248382568359e-01 9.988059997558593750e-01 9.987807273864746094e-01 nan 9.999904036521911621e-01 3.084486127284687740e+01
3.805406231549568474e-05 2.572454650362487882e-05 2.606944439452153756e-09 9.999881386756896973e-01 9.999879598617553711e-01 9.985176920890808105e-01 9.984862208366394043e-01 nan 9.999881386756896973e-01 3.394070893210619033e+01
4.201919000479392707e-05 2.840497290890198201e-05 2.597916226597658093e-09 9.999852776527404785e-01 9.999850988388061523e-01 9.981662631034851074e-01 9.981273412704467773e-01 nan 9.999852776527404785e-01 3.734723387484515911e+01
4.639747567125596106e-05 3.136469240416772664e-05 2.588919279439887767e-09 9.999819397926330566e-01 9.999816417694091797e-01 9.977379441261291504e-01 9.976899027824401855e-01 nan 9.999819397926330566e-01 4.109562323548649232e+01
5.123196388012729585e-05 3.463280881987884641e-05 2.579953483847589841e-09 9.999777674674987793e-01 9.999774098396301270e-01 9.972159266471862793e-01 9.971569180488586426e-01 nan 9.999777078628540039e-01 4.522013923984455630e+01
5.657019573845900595e-05 3.824145096587017179e-05 2.571018745591721348e-09 9.999727606773376465e-01 9.999721646308898926e-01 9.965798854827880859e-01 9.965072870254516602e-01 nan 9.999726414680480957e-01 4.975853320047472295e+01
6.246465636650100350e-05 4.222610732540488243e-05 2.562114941593048984e-09 9.999665021896362305e-01 9.999659061431884766e-01 9.958048462867736816e-01 9.957159161567687988e-01 nan 9.999664425849914551e-01 5.475228016210051152e+01
6.897329876665025949e-05 4.662595165427774191e-05 2.553241977543412439e-09 9.999589920043945312e-01 9.999582171440124512e-01 9.948606491088867188e-01 9.947516918182373047e-01 nan 9.999589323997497559e-01 6.024703569311395057e+01
7.616012590005993843e-05 5.148424679646268487e-05 2.544399743325443185e-09 9.999498128890991211e-01 9.999489784240722656e-01 9.937106370925903320e-01 9.935773015022277832e-01 nan 9.999497532844543457e-01 6.629301159112225150e+01
8.409580186707898974e-05 5.684876305167563260e-05 2.535588130685252624e-09 9.999386668205261230e-01 9.999374747276306152e-01 9.923101663589477539e-01 9.921472072601318359e-01 nan 9.999384880065917969e-01 7.294541060514504238e+01
9.285835403716191649e-05 6.277224747464060783e-05 2.526807033334104165e-09 9.999250769615173340e-01 9.999236464500427246e-01 9.906051754951477051e-01 9.904062151908874512e-01 nan 9.999247789382934570e-01 8.026498038762962040e+01
1.025339443003758788e-04 6.931294774403795600e-05 2.518056339675267213e-09 9.999083876609802246e-01 9.999066591262817383e-01 9.885300397872924805e-01 9.882872700691223145e-01 nan 9.999080896377563477e-01 8.831849457492246813e+01
1.132176985265687108e-04 7.653516513528302312e-05 2.509335958204897443e-09 9.998881220817565918e-01 9.998860359191894531e-01 9.860055446624755859e-01 9.857095479965209961e-01 nan 9.998878240585327148e-01 9.717937375249960041e+01
1.250146742677316070e-04 8.450992027064785361e-05 2.500645773867358897e-09 9.998634457588195801e-01 9.998609423637390137e-01 9.829358458518981934e-01 9.825752973556518555e-01 nan 9.998630285263061523e-01 1.069282852613233672e+02
1.380408502882346511e-04 9.331561159342527390e-05 2.491985695624705562e-09 9.998333454132080078e-01 9.998303651809692383e-01 9.792052507400512695e-01 9.787665009498596191e-01 nan 9.998328089714050293e-01 1.176539043762769552e+02
1.524243270978331566e-04 1.030388448270969093e-04 2.483355596498544299e-09 9.997966885566711426e-01 9.997930526733398438e-01 9.746749997138977051e-01 9.741414189338684082e-01 nan 9.997960925102233887e-01 1.294536980553874344e+02
1.683065347606316209e-04 1.137752187787555158e-04 2.474755379885282393e-09 9.997519850730895996e-01 9.997475147247314453e-01 9.691782593727111816e-01 9.685301780700683594e-01 nan 9.997512698173522949e-01 1.424346227988801559e+02
1.858436153270304203e-04 1.256302784895524383e-04 2.466184957973141175e-09 9.996976256370544434e-01 9.996922016143798828e-01 9.625161290168762207e-01 9.617298841476440430e-01 nan 9.996967315673828125e-01 1.567141684499229370e+02
2.052080089924857020e-04 1.387206139042973518e-04 2.457644209414643305e-09 9.996312856674194336e-01 9.996248483657836914e-01 9.544520974159240723e-01 9.534993171691894531e-01 nan 9.996303319931030273e-01 1.724211467710804868e+02
2.265901130158454180e-04 1.531749148853123188e-04 2.449133045395065615e-09 9.995507001876831055e-01 9.995428323745727539e-01 9.447067975997924805e-01 9.435542225837707520e-01 nan 9.995495080947875977e-01 1.896969589438122625e+02
2.502001880202442408e-04 1.691353245405480266e-04 2.440651351248999153e-09 9.994525909423828125e-01 9.994429945945739746e-01 9.329526424407958984e-01 9.315609931945800781e-01 nan 9.994511008262634277e-01 2.086963532839333766e+02
2.762703516054898500e-04 1.867587561719119549e-04 2.432199034655000626e-09 9.993330836296081543e-01 9.993215203285217285e-01 9.188095927238464355e-01 9.171331524848937988e-01 nan 9.993312954902648926e-01 2.295888422184151239e+02
3.050569503102451563e-04 2.062184939859434962e-04 2.423775992290330563e-09 9.991880059242248535e-01 9.991739988327026367e-01 9.018415808677673340e-01 8.998278975486755371e-01 nan 9.991858601570129395e-01 2.525598774697077147e+02
3.368430479895323515e-04 2.277058956678956747e-04 2.415382114947829304e-09 9.990115761756896973e-01 9.989947080612182617e-01 8.815575242042541504e-01 8.791465759277343750e-01 nan 9.990091323852539062e-01 2.778118264855307871e+02
3.719411906786262989e-04 2.514322404749691486e-04 2.407017301830847028e-09 9.987974166870117188e-01 9.987769722938537598e-01 8.574154376983642578e-01 8.545406460762023926e-01 nan 9.987943172454833984e-01 3.055652956257921460e+02
4.106964333914220333e-04 2.776307810563594103e-04 2.398681465071051552e-09 9.985376000404357910e-01 9.985130429267883301e-01 8.288361430168151855e-01 8.254253268241882324e-01 nan 9.985338449478149414e-01 3.360605174223538256e+02
4.534898616839200258e-04 3.065591445192694664e-04 2.390374494355455649e-09 9.982227087020874023e-01 9.981932044029235840e-01 7.952274084091186523e-01 7.912051081657409668e-01 nan 9.982181787490844727e-01 3.695582090487428673e+02
5.007422878406941891e-04 3.385017917025834322e-04 2.382096284987275655e-09 9.978415369987487793e-01 9.978061914443969727e-01 7.560253143310546875e-01 7.513163685798645020e-01 nan 9.978361129760742188e-01 4.063407972850655483e+02
5.529182380996644497e-04 3.737727238330990076e-04 2.373846756225058361e-09 9.973810315132141113e-01 9.973389506340026855e-01 7.107567787170410156e-01 7.052932381629943848e-01 nan 9.973745346069335938e-01 4.467129172202550649e+02
6.105307838879525661e-04 4.127188003621995449e-04 2.365625794166928840e-09 9.968253970146179199e-01 9.967755079269409180e-01 6.591301560401916504e-01 6.528592705726623535e-01 nan 9.968177676200866699e-01 4.910023632330620558e+02
6.741464603692293167e-04 4.557229985948652029e-04 2.357433293568910220e-09 9.961563944816589355e-01 9.960978627204895020e-01 6.011558771133422852e-01 5.940527319908142090e-01 nan 9.961475133895874023e-01 5.395595244358137279e+02
7.443906506523489952e-04 5.032080807723104954e-04 2.349269171114912410e-09 9.953535199165344238e-01 9.952849149703979492e-01 5.372971892356872559e-01 5.293785929679870605e-01 nan 9.953429698944091797e-01 5.927582268632870637e+02
8.219541050493717194e-04 5.556409596465528011e-04 2.341133324843220307e-09 9.943921566009521484e-01 9.943126440048217773e-01 4.686386883258819580e-01 4.599788784980773926e-01 nan 9.943799972534179688e-01 6.509938253700490804e+02
9.075994603335857391e-04 6.135372095741331577e-04 2.333025652639057309e-09 9.932454228401184082e-01 9.931541085243225098e-01 3.970426023006439209e-01 3.877871632575988770e-01 nan 9.932315349578857422e-01 7.146824670761294556e+02
1.002168864943087101e-03 6.774661596864461899e-04 2.324946049885245546e-09 9.918830990791320801e-01 9.917793273925781250e-01 3.252393305301666260e-01 3.156110346317291260e-01 nan 9.918673038482666016e-01 7.842586043432279439e+02
1.106592128053307533e-03 7.480562780983746052e-04 2.316894434325377400e-09 9.902715682983398438e-01 9.901554584503173828e-01 2.567645907402038574e-01 2.470546364784240723e-01 nan 9.902539253234863281e-01 8.601720734810728572e+02
1.221895916387438774e-03 8.260016329586505890e-04 2.308870708568745277e-09 9.883753061294555664e-01 9.882468581199645996e-01 1.956363469362258911e-01 1.861717104911804199e-01 nan 9.883556365966796875e-01 9.428850133137219700e+02
1.349214115180075169e-03 9.120687609538435936e-04 2.300874762407135126e-09 9.861558675765991211e-01 9.860158562660217285e-01 1.456741690635681152e-01 1.367573142051696777e-01 nan 9.861344099044799805e-01 1.032867204606437099e+03
1.489798538386821747e-03 1.007103826850652695e-03 2.292906509188567727e-09 9.835729002952575684e-01 9.834225177764892578e-01 1.094598174095153809e-01 1.012886911630630493e-01 nan 9.835498929023742676e-01 1.130589841522801635e+03
1.645031501539051533e-03 1.112041296437382698e-03 2.284965850418265676e-09 9.805849194526672363e-01 9.804248809814453125e-01 8.715517073869705200e-02 7.975362241268157959e-02 nan 9.805604219436645508e-01 1.236519734455174103e+03
1.816439209505915642e-03 1.227912958711385727e-03 2.277052691606405739e-09 9.771477580070495605e-01 9.769783020019531250e-01 7.572948932647705078e-02 6.894099712371826172e-02 nan 9.771218895912170410e-01 1.351107327825893663e+03
2.005707239732146263e-03 1.355858054012060165e-03 2.269166941709029953e-09 9.732152223587036133e-01 9.730346798896789551e-01 6.942328810691833496e-02 6.302016973495483398e-02 nan 9.731876254081726074e-01 1.474774320728937710e+03
2.214696491137146950e-03 1.497134799137711525e-03 2.261308494449764354e-09 9.687370657920837402e-01 9.685418605804443359e-01 6.206748634576797485e-02 5.596262589097023010e-02 nan 9.687071442604064941e-01 1.607894118641057958e+03
2.445461694151163101e-03 1.653132145293056965e-03 2.253477264686429142e-09 9.636588096618652344e-01 9.634429216384887695e-01 5.067028477787971497e-02 4.508366063237190247e-02 nan 9.636257886886596680e-01 1.750770853592088088e+03
2.700272016227245331e-03 1.825383864343166351e-03 2.245673160886940457e-09 9.579210877418518066e-01 9.576776027679443359e-01 3.766663745045661926e-02 3.300654888153076172e-02 nan 9.578839540481567383e-01 1.903611346322017198e+03
2.981632947921752930e-03 2.015583915635943413e-03 2.237896076485985185e-09 9.514613151550292969e-01 9.511828422546386719e-01 2.846947684884071350e-02 2.488934062421321869e-02 nan 9.514187574386596680e-01 2.066502252798768950e+03
3.292310982942581177e-03 2.225602278485894203e-03 2.230145925871712440e-09 9.442139863967895508e-01 9.438945651054382324e-01 2.484775893390178680e-02 2.203853800892829895e-02 nan 9.441652297973632812e-01 2.239383766430270498e+03
3.635360859334468842e-03 2.457503927871584892e-03 2.222422616889744185e-09 9.361122846603393555e-01 9.357458353042602539e-01 2.206191048026084900e-02 1.792214624583721161e-02 nan 9.360563755035400391e-01 2.422013645656584231e+03
4.014155361801385880e-03 2.713568974286317825e-03 2.214726058195065524e-09 9.270875453948974609e-01 9.266651868820190430e-01 1.645946130156517029e-02 1.455892343074083328e-02 nan 9.270230531692504883e-01 2.613928170490431967e+03
4.432419314980506897e-03 2.996315481141209602e-03 2.207056148657132701e-09 9.170690178871154785e-01 9.165778160095214844e-01 1.211226265877485275e-02 1.181269250810146332e-02 nan 9.169938564300537109e-01 2.814397586330475860e+03
4.894265439361333847e-03 3.308523446321487427e-03 2.199412800139309644e-09 9.059848189353942871e-01 9.054092168807983398e-01 1.099651399999856949e-02 9.571810252964496613e-03 nan 9.058969616889953613e-01 3.022388271184670884e+03
5.404234398156404495e-03 3.653262509033083916e-03 2.191795924301313793e-09 8.937634229660034180e-01 8.930871486663818359e-01 8.385646156966686249e-03 7.744944654405117035e-03 nan 8.936600089073181152e-01 3.236512953878068402e+03
5.967340432107448578e-03 4.033922217786312103e-03 2.184205430909534259e-09 8.803324103355407715e-01 8.795365691184997559e-01 6.731272209435701370e-03 6.256893277168273926e-03 nan 8.802108764648437500e-01 3.454984701249863065e+03
6.589121185243129730e-03 4.454245790839195251e-03 2.176641221197925960e-09 8.656200170516967773e-01 8.646799921989440918e-01 6.141786463558673859e-03 5.046006292104721069e-03 nan 8.654764294624328613e-01 3.675557542339675365e+03
7.275689393281936646e-03 4.918366204947233200e-03 2.169103203027300791e-09 8.495543003082275391e-01 8.484419584274291992e-01 4.324667621403932571e-03 4.061787854880094528e-03 nan 8.493843674659729004e-01 3.895482899598614040e+03
8.033796213567256927e-03 5.430846009403467178e-03 2.161591299930936394e-09 8.320643901824951172e-01 8.307477235794067383e-01 3.612891305238008499e-03 3.262730315327644348e-03 nan 8.318632245063781738e-01 4.111465174320584083e+03
8.870895951986312866e-03 5.996725521981716156e-03 2.154105401952956366e-09 8.130788207054138184e-01 8.115194439888000488e-01 3.052124055102467537e-03 2.614862518385052681e-03 nan 8.128405809402465820e-01 4.319600752157912211e+03
9.795218706130981445e-03 6.621567998081445694e-03 2.146645430474833453e-09 7.925288677215576172e-01 7.906835079193115234e-01 2.035480458289384842e-03 2.090341178700327873e-03 nan 7.922469377517700195e-01 4.515376750987108608e+03
1.081585418432950974e-02 7.311517372727394104e-03 2.139211293795359687e-09 7.703458666801452637e-01 7.681648135185241699e-01 1.928308280184864998e-03 1.666343072429299355e-03 nan 7.700126767158508301e-01 4.693627907032227085e+03
1.194283645600080490e-02 8.073357865214347839e-03 2.131802900090153706e-09 7.464645504951477051e-01 7.438930869102478027e-01 1.465939218178391457e-03 1.324208802543580532e-03 nan 7.460717558860778809e-01 4.848575051979169075e+03
1.318724639713764191e-02 8.914578706026077271e-03 2.124420174276236449e-09 7.208264470100402832e-01 7.178038954734802246e-01 1.210794551298022270e-03 1.048662350513041019e-03 nan 7.203646302223205566e-01 4.973907493908002834e+03
1.456132158637046814e-02 9.843453764915466309e-03 2.117063005254935590e-09 6.933832168579101562e-01 6.898461580276489258e-01 9.677906055003404617e-04 8.272257982753217220e-04 nan 6.928427815437316895e-01 5.062935195692622983e+03
1.607857085764408112e-02 1.086911372840404510e-02 2.109731324472420402e-09 6.641062498092651367e-01 6.599900722503662109e-01 7.370326202362775803e-04 6.497110007330775261e-04 nan 6.634774208068847656e-01 5.108875034199299989e+03
1.775391399860382080e-02 1.200164575129747391e-02 2.102425026951150955e-09 6.329986453056335449e-01 6.282422542572021484e-01 5.402131937444210052e-04 5.078100366517901421e-04 nan 6.322719454765319824e-01 5.105295117753124032e+03
1.960382424294948578e-02 1.325218472629785538e-02 2.095144031049849183e-09 6.001123785972595215e-01 5.946644544601440430e-01 3.814524097833782434e-04 3.947562363464385271e-04 nan 5.992800593376159668e-01 5.046760517627168156e+03
2.164648845791816711e-02 1.463302597403526306e-02 2.087888252770266929e-09 5.655719637870788574e-01 5.594006776809692383e-01 3.305739373899996281e-04 3.050441446248441935e-04 nan 5.646291375160217285e-01 4.929690511133427208e+03
2.390199340879917145e-02 1.615774817764759064e-02 2.080657597354892904e-09 5.296040773391723633e-01 5.227079987525939941e-01 2.419677912257611752e-04 2.341989602427929640e-04 nan 5.285505056381225586e-01 4.753418889530816159e+03
2.639251388609409332e-02 1.784133911132812500e-02 2.073451995948668221e-09 4.925690889358520508e-01 4.849925041198730469e-01 1.880361523944884539e-04 1.785836793715134263e-04 nan 4.914115667343139648e-01 4.521305975308157940e+03
2.914254181087017059e-02 1.970035769045352936e-02 2.066271340052806293e-09 4.549917578697204590e-01 4.468399882316589355e-01 1.556112401885911822e-04 1.352405379293486476e-04 nan 4.537463784217834473e-01 4.241695570726664300e+03
3.217911347746849060e-02 2.175308018922805786e-02 2.059115554147728899e-09 4.175777137279510498e-01 4.090315997600555420e-01 1.000142365228384733e-04 1.017580652842298150e-04 nan 4.162720739841461182e-01 3.928328072922761748e+03
3.553209081292152405e-02 2.401969395577907562e-02 2.051984539888671147e-09 3.811998665332794189e-01 3.725239038467407227e-01 8.664583583595231175e-05 7.616072252858430147e-05 nan 3.798743784427642822e-01 3.599757868990767747e+03
3.923443704843521118e-02 2.652247995138168335e-02 2.044878229365854235e-09 3.468326628208160400e-01 3.383691012859344482e-01 5.706457523046992719e-05 5.681880065822042525e-05 nan 3.455395698547363281e-01 3.277395798271062631e+03
4.332255572080612183e-02 2.928604744374752045e-02 2.037796533657790378e-09 3.154119551181793213e-01 3.075522184371948242e-01 4.331225500209257007e-05 4.237646862748079002e-05 nan 3.142111599445343018e-01 2.982060386609372017e+03
4.765481501817703247e-02 3.221465647220611572e-02 2.031010053452367756e-09 2.885317504405975342e-01 2.816126644611358643e-01 3.437311170273460448e-05 3.204250242561101913e-05 nan 2.874746918678283691e-01 2.736632309371608699e+03
5.198707059025764465e-02 3.514325991272926331e-02 2.024834231214258902e-09 2.672348022460937500e-01 2.614099085330963135e-01 2.676097938092425466e-05 2.494641012162901461e-05 nan 2.663449048995971680e-01 2.554888776362131011e+03
5.631932616233825684e-02 3.807186335325241089e-02 2.019169610001785353e-09 2.498142570257186890e-01 2.450776994228363037e-01 2.132595000148285180e-05 1.987982977880164981e-05 nan 2.490906268358230591e-01 2.414034030360481211e+03
6.065158173441886902e-02 4.100047051906585693e-02 2.013939112582009273e-09 2.350694537162780762e-01 2.312814742326736450e-01 1.731105112412478775e-05 1.613712083781138062e-05 nan 2.344907075166702271e-01 2.297937125687443313e+03
6.498383730649948120e-02 4.392907395958900452e-02 2.009081821590703985e-09 2.218746542930603027e-01 2.188046723604202271e-01 1.423874437023187056e-05 1.327312293142313138e-05 nan 2.214056551456451416e-01 2.189670574427210340e+03
6.931609660387039185e-02 4.685768112540245056e-02 2.004548729015451583e-09 2.094039618968963623e-01 2.067808657884597778e-01 1.181364950753049925e-05 1.101247471524402499e-05 nan 2.090032100677490234e-01 2.076610240938488914e+03
7.364834845066070557e-02 4.978628456592559814e-02 2.000299865353250301e-09 1.971713453531265259e-01 1.947327405214309692e-01 9.853588380792643875e-06 9.185343515127897263e-06 nan 1.967987716197967529e-01 1.952096581224847796e+03
7.798060774803161621e-02 5.271489173173904419e-02 1.996302173696350216e-09 1.850443184375762939e-01 1.825769841670989990e-01 8.247219739132560790e-06 7.687928700761403888e-06 nan 1.846673637628555298e-01 1.816316660290079653e+03
8.231285959482192993e-02 5.564349144697189331e-02 1.992528044667567094e-09 1.731538176536560059e-01 1.705198585987091064e-01 6.924122772034024820e-06 6.454577487602364272e-06 nan 1.727513968944549561e-01 1.674610060697298877e+03
8.664511889219284058e-02 5.857209861278533936e-02 1.988954134422163219e-09 1.617623865604400635e-01 1.589087247848510742e-01 5.835545380250550807e-06 5.439838787424378097e-06 nan 1.613264232873916626e-01 1.534540124847196694e+03
9.097737073898315430e-02 6.150070205330848694e-02 1.985560585482697045e-09 1.511460691690444946e-01 1.480979472398757935e-01 4.943561634718207642e-06 4.608355538948671892e-06 nan 1.506803780794143677e-01 1.403228190025511594e+03
9.636187553405761719e-02 6.514062732458114624e-02 1.981568674123380254e-09 1.394057869911193848e-01 1.362384557723999023e-01 4.062535936100175604e-06 3.787081368500366807e-06 nan 1.389219015836715698e-01 1.260823189428311252e+03
1.017463728785514832e-01 6.878054887056350708e-02 1.977801256732118934e-09 1.295990645885467529e-01 1.264990866184234619e-01 3.386931666682357900e-06 3.157289029331877828e-06 nan 1.291254609823226929e-01 1.147952028156051938e+03
1.071308776736259460e-01 7.242047041654586792e-02 1.974234781265857972e-09 1.217759698629379272e-01 1.189230978488922119e-01 2.870865046133985743e-06 2.676209533092333004e-06 nan 1.213401183485984802e-01 1.065419548548052035e+03
1.125153750181198120e-01 7.606039196252822876e-02 1.970849203820953451e-09 1.156041845679283142e-01 1.131204515695571899e-01 2.471567313477862626e-06 2.303979044881998561e-06 nan 1.152247264981269836e-01 1.007291248295364653e+03
1.178998723626136780e-01 7.970031350851058960e-02 1.967627323526894450e-09 1.105245798826217651e-01 1.084479540586471558e-01 2.153032255591824651e-06 2.007034481721348129e-06 nan 1.102073192596435547e-01 9.639964909789601961e+02
1.232843771576881409e-01 8.334024250507354736e-02 1.964554264128985100e-09 1.059823259711265564e-01 1.042676568031311035e-01 1.888965584839752410e-06 1.760868030942219775e-06 nan 1.057203561067581177e-01 9.261636026718393850e+02
1.286688745021820068e-01 8.698015660047531128e-02 1.961617102724775952e-09 1.015463322401046753e-01 1.000884771347045898e-01 1.662089630372065585e-06 1.549373905618267599e-06 nan 1.013236045837402344e-01 8.865585509183383692e+02
1.340533792972564697e-01 9.062008559703826904e-02 1.958804483640675406e-09 9.695044904947280884e-02 9.561953693628311157e-02 1.462094473936303984e-06 1.362941134175343905e-06 nan 9.674711525440216064e-02 8.408978985192284199e+02
1.394378840923309326e-01 9.426000714302062988e-02 1.956106446915437174e-09 9.212483465671539307e-02 9.080234915018081665e-02 1.283954247810470406e-06 1.196882976728375070e-06 nan 9.192278981208801270e-02 7.885297208841185466e+02
1.448223739862442017e-01 9.789992123842239380e-02 1.953514161287429418e-09 8.717911690473556519e-02 8.578523248434066772e-02 1.126046640820277389e-06 1.049686602527799550e-06 nan 8.696616441011428833e-02 7.320677020797270416e+02
1.502068787813186646e-01 1.015398502349853516e-01 1.951019758654691563e-09 8.232354372739791870e-02 8.082991093397140503e-02 9.881063078864826821e-07 9.211031510858447291e-07 nan 8.209534734487533569e-02 6.757514440126032014e+02
1.555913835763931274e-01 1.051797717809677124e-01 1.948616241255242070e-09 7.779061794281005859e-02 7.621788978576660156e-02 8.698930855643993709e-07 8.109081477414292749e-07 nan 7.755033671855926514e-02 6.238463005071307634e+02
1.609758734703063965e-01 1.088196933269500732e-01 1.946297314463125787e-09 7.377886027097702026e-02 7.218214124441146851e-02 7.705806410740478896e-07 7.183310231084760744e-07 nan 7.353491336107254028e-02 5.796362496061200318e+02
1.663603782653808594e-01 1.124596148729324341e-01 1.944057316713681798e-09 7.039330154657363892e-02 6.884109973907470703e-02 6.883526566525688395e-07 6.416786959562159609e-07 nan 7.015615701675415039e-02 5.446142400585983978e+02
1.717448830604553223e-01 1.160995438694953918e-01 1.941891129256332855e-09 6.760612130165100098e-02 6.615933030843734741e-02 6.203633233781147283e-07 5.782987386737659108e-07 nan 6.738508492708206177e-02 5.181251393106435899e+02
1.771293878555297852e-01 1.197394654154777527e-01 1.939794125595426991e-09 6.528301537036895752e-02 6.397948414087295532e-02 5.633146429318003356e-07 5.251171728559711482e-07 nan 6.508386135101318359e-02 4.979563548366101031e+02
1.825138777494430542e-01 1.233793795108795166e-01 1.937762091126241291e-09 6.324866414070129395e-02 6.209635362029075623e-02 5.141835686117701698e-07 4.793163839167391416e-07 nan 6.307261437177658081e-02 4.813671105975651585e+02
1.878983825445175171e-01 1.270193010568618774e-01 1.935791175107242678e-09 6.133280694484710693e-02 6.031179055571556091e-02 4.705639753410650883e-07 4.386538137168827234e-07 nan 6.117681786417961121e-02 4.657509003270149037e+02
1.932828873395919800e-01 1.306592375040054321e-01 1.933877861004656685e-09 5.939545109868049622e-02 5.846669524908065796e-02 4.307354686261533061e-07 4.015256536149536259e-07 nan 5.925355851650238037e-02 4.490034607273007055e+02
1.986673772335052490e-01 1.342991441488265991e-01 1.932018951816384183e-09 5.735604465007781982e-02 5.647373944520950317e-02 3.937201995540817734e-07 3.670205046546470840e-07 nan 5.722124502062797546e-02 4.299826984932404912e+02
2.040518820285797119e-01 1.379390656948089600e-01 1.930211465507478933e-09 5.521219596266746521e-02 5.433588474988937378e-02 3.592356279114028439e-07 3.348747839027055306e-07 nan 5.507832020521163940e-02 4.087946880474228237e+02
2.094363868236541748e-01 1.415790021419525146e-01 1.928452677645768952e-09 5.302307009696960449e-02 5.212647095322608948e-02 3.274241748840722721e-07 3.052209933684935095e-07 nan 5.288608744740486145e-02 3.864936660566403930e+02
2.148208767175674438e-01 1.452189087867736816e-01 1.926740094380007882e-09 5.087401345372200012e-02 4.994884133338928223e-02 2.985388221077300841e-07 2.782949195534456521e-07 nan 5.073267221450805664e-02 3.644797985174677137e+02
2.202053815126419067e-01 1.488588303327560425e-01 1.925071368159055733e-09 4.885041341185569763e-02 4.790504649281501770e-02 2.727634296206815634e-07 2.542677464134612819e-07 nan 4.870598763227462769e-02 3.440628915300532071e+02
2.255898863077163696e-01 1.524987667798995972e-01 1.923444343781293656e-09 4.701947048306465149e-02 4.607370495796203613e-02 2.501253391073987586e-07 2.331649255893353256e-07 nan 4.687498137354850769e-02 3.261969099217773191e+02
2.309743911027908325e-01 1.561386883258819580e-01 1.921857033120720865e-09 4.541235789656639099e-02 4.449021071195602417e-02 2.304371378158975858e-07 2.148117488331990899e-07 nan 4.527147486805915833e-02 3.112666669850606240e+02
2.363588809967041016e-01 1.597786098718643188e-01 1.920307567935778733e-09 4.401780664920806885e-02 4.314041137695312500e-02 2.133133847337376210e-07 1.988490083704164135e-07 nan 4.388375952839851379e-02 2.990533919752872976e+02
2.417433857917785645e-01 1.634185314178466797e-01 1.918794213956308179e-09 4.279354959726333618e-02 4.197399318218231201e-02 1.982711665959868697e-07 1.848265469561738428e-07 nan 4.266833886504173279e-02 2.889301494793172083e+02
2.471278905868530273e-01 1.670584529638290405e-01 1.917315352832477265e-09 4.168197140097618103e-02 4.092300310730934143e-02 1.848261632630965323e-07 1.722930136338618468e-07 nan 4.156601801514625549e-02 2.800854241842030206e+02
2.525123953819274902e-01 1.706983745098114014e-01 1.915869472055197894e-09 4.062072560191154480e-02 3.991544991731643677e-02 1.725448441902699415e-07 1.608442943279442261e-07 nan 4.051297530531883240e-02 2.716660084170368350e+02
2.578969001770019531e-01 1.743383109569549561e-01 1.914455150219987163e-09 3.955605626106262207e-02 3.889093548059463501e-02 1.610941069429827621e-07 1.501699671280221082e-07 nan 3.945444151759147644e-02 2.629550224707401185e+02
2.632813751697540283e-01 1.779782027006149292e-01 1.913071083197014340e-09 3.845968842506408691e-02 3.781870007514953613e-02 1.502915409901106614e-07 1.400999423140092404e-07 nan 3.836175799369812012e-02 2.535984823254486002e+02
2.686658799648284912e-01 1.816181391477584839e-01 1.911715991580206360e-09 3.733431547880172729e-02 3.670312091708183289e-02 1.400988480781961698e-07 1.305984795862968895e-07 nan 3.723788261413574219e-02 2.436712308764173827e+02
2.740503847599029541e-01 1.852580606937408447e-01 1.910388727493893778e-09 3.620204329490661621e-02 3.557101264595985413e-02 1.305526069472762174e-07 1.216996849962015403e-07 nan 3.610563650727272034e-02 2.335073636553425160e+02
2.794348895549774170e-01 1.888979822397232056e-01 1.909088184011114833e-09 3.509023040533065796e-02 3.445583209395408630e-02 1.217002107978260028e-07 1.134476903530412528e-07 nan 3.499330580234527588e-02 2.234986816370241627e+02
2.848193943500518799e-01 1.925379037857055664e-01 1.907813323590368924e-09 3.402633592486381531e-02 3.339081257581710815e-02 1.135793397111228842e-07 1.058775751516805030e-07 nan 3.392923995852470398e-02 2.140189058814541738e+02
2.902038991451263428e-01 1.961778402328491211e-01 1.906563162582237113e-09 3.303541988134384155e-02 3.240511566400527954e-02 1.062105923210765468e-07 9.900854536226688651e-08 nan 3.293912485241889954e-02 2.053888814515417778e+02
2.955884039402008057e-01 1.998177617788314819e-01 1.905336787226579552e-09 3.213243186473846436e-02 3.151536360383033752e-02 9.957600610732697533e-08 9.282385349251853768e-08 nan 3.203815966844558716e-02 1.977846839000379759e+02
3.009728789329528809e-01 2.034576684236526489e-01 1.904133323856378078e-09 3.131524845957756042e-02 3.071871027350425720e-02 9.360485364595660940e-08 8.725757538741163444e-08 nan 3.122411109507083893e-02 1.911627464585600649e+02
3.063573837280273438e-01 2.070975899696350098e-01 1.902951936232507350e-09 3.056749701499938965e-02 2.999622188508510590e-02 8.819149144301263732e-08 8.221123692919718451e-08 nan 3.048021905124187469e-02 1.853065383319087971e+02
3.117418885231018066e-01 2.107375115156173706e-01 1.901791846628511990e-09 2.986788935959339142e-02 2.932316251099109650e-02 8.322817990347175510e-08 7.758444553473964334e-08 nan 2.978467009961605072e-02 1.799459617813830619e+02
3.171263933181762695e-01 2.143774479627609253e-01 1.900652308391623192e-09 2.919648773968219757e-02 2.867625653743743896e-02 7.862347928266899544e-08 7.329195028660251410e-08 nan 2.911700867116451263e-02 1.748344303075766106e+02
3.225108981132507324e-01 2.180173695087432861e-01 1.899532626729035332e-09 2.853629179298877716e-02 2.803608961403369904e-02 7.430463710988988169e-08 6.926595119693956804e-08 nan 2.845986932516098022e-02 1.697678189456736106e+02
3.278954029083251953e-01 2.216572910547256470e-01 1.898432128189829179e-09 2.787531912326812744e-02 2.738962695002555847e-02 7.022048009730497142e-08 6.545873532104451442e-08 nan 2.780111692845821381e-02 1.646088943625209140e+02
3.332799077033996582e-01 2.252972126007080078e-01 1.897350177081271127e-09 2.721026353538036346e-02 2.673389203846454620e-02 6.634724059040308930e-08 6.184815504184371093e-08 nan 2.713748253881931305e-02 1.593287404585059903e+02
3.386643826961517334e-01 2.289371192455291748e-01 1.896286172945125672e-09 2.654709480702877045e-02 2.607630379498004913e-02 6.268587782187751145e-08 5.843509853775685770e-08 nan 2.647516876459121704e-02 1.540101297679129004e+02
3.440488874912261963e-01 2.325770407915115356e-01 1.895239531240720810e-09 2.589669451117515564e-02 2.542974241077899933e-02 5.924808732515884913e-08 5.523044066535476304e-08 nan 2.582535520195960999e-02 1.487905092386751278e+02
3.494333922863006592e-01 2.362169772386550903e-01 1.894209703480833635e-09 2.526941150426864624e-02 2.480655349791049957e-02 5.604230679523425351e-08 5.224207555443172168e-08 nan 2.519869618117809296e-02 1.437960630799076398e+02
3.548178970813751221e-01 2.398568987846374512e-01 1.893196174858241155e-09 2.467265166342258453e-02 2.421565353870391846e-02 5.306886663447585306e-08 4.947027321122732246e-08 nan 2.460283413529396057e-02 1.391136692389370069e+02
3.602024018764495850e-01 2.434968203306198120e-01 1.892198441798694543e-09 2.411079965531826019e-02 2.366215921938419342e-02 5.032078576050480478e-08 4.690853927513671806e-08 nan 2.404225803911685944e-02 1.347913936359418585e+02
3.655869066715240479e-01 2.471367418766021729e-01 1.891216027459402332e-09 2.358463034033775330e-02 2.314678020775318146e-02 4.778372542091346986e-08 4.454351909544129740e-08 nan 2.351773530244827271e-02 1.308341712117400846e+02
3.709714114665985107e-01 2.507766783237457275e-01 1.890248472221847833e-09 2.309044450521469116e-02 2.266508527100086212e-02 4.543536746837162354e-08 4.235439732269696833e-08 nan 2.302545867860317230e-02 1.271962531747880405e+02
3.763558864593505859e-01 2.544165849685668945e-01 1.889295352117686434e-09 2.262103930115699768e-02 2.220877632498741150e-02 4.324859403936898161e-08 4.031589639907906530e-08 nan 2.255805395543575287e-02 1.237941891555354204e+02
3.817403912544250488e-01 2.580564916133880615e-01 1.888356242191734645e-09 2.216861583292484283e-02 2.176892571151256561e-02 4.119773322486253164e-08 3.840409235067454574e-08 nan 2.210755273699760437e-02 1.205401565643817321e+02
3.871248960494995117e-01 2.616964280605316162e-01 1.887430735669950155e-09 2.172704413533210754e-02 2.133850753307342529e-02 3.926268377085762040e-08 3.660025171825509460e-08 nan 2.166768349707126617e-02 1.173668633519888971e+02
3.925094008445739746e-01 2.653363645076751709e-01 1.886518457772270655e-09 2.129221148788928986e-02 2.091294527053833008e-02 3.742891152569427504e-08 3.489082445184976677e-08 nan 2.123426832258701324e-02 1.142310350261746521e+02
3.978939056396484375e-01 2.689762711524963379e-01 1.885619049100158659e-09 2.086199633777141571e-02 2.049010805785655975e-02 3.568673179188408540e-08 3.326678665871440899e-08 nan 2.080518193542957306e-02 1.111124316426969756e+02
4.032784104347229004e-01 2.726162075996398926e-01 1.884732143174389957e-09 2.043688856065273285e-02 2.007088065147399902e-02 3.403174986260637525e-08 3.172403140183632786e-08 nan 2.038097009062767029e-02 1.080196380859827769e+02
4.086629152297973633e-01 2.762561440467834473e-01 1.883857409814700777e-09 2.001994103193283081e-02 1.965893805027008057e-02 3.246406166113047220e-08 3.026265815719852981e-08 nan 1.996478624641895294e-02 1.049883215018402609e+02
4.140473902225494385e-01 2.798960208892822266e-01 1.882994538868699288e-09 1.961494609713554382e-02 1.925874501466751099e-02 3.098477208141048322e-08 2.888368300091315177e-08 nan 1.956052519381046295e-02 1.020607035157540992e+02
4.194318950176239014e-01 2.835359573364257812e-01 1.882143190604211824e-09 1.922448165714740753e-02 1.887343637645244598e-02 2.959278511127649836e-08 2.758608985686805681e-08 nan 1.917085051536560059e-02 9.926480521667609480e+01
4.248163998126983643e-01 2.871758937835693359e-01 1.881303079826970542e-09 1.884974353015422821e-02 1.850453205406665802e-02 2.828480560879143013e-08 2.636680562773108250e-08 nan 1.879700459539890289e-02 9.661302977788771784e+01
4.302009046077728271e-01 2.908158004283905029e-01 1.880473925305205483e-09 1.849121786653995514e-02 1.815257966518402100e-02 2.705660229196382716e-08 2.522189035403243906e-08 nan 1.843948289752006531e-02 9.410972257485457249e+01
4.355854094028472900e-01 2.944557368755340576e-01 1.879655436356054805e-09 1.814843900501728058e-02 1.781694404780864716e-02 2.590278924685662787e-08 2.414631339320294501e-08 nan 1.809779554605484009e-02 9.174898917315667290e+01
4.409699141979217529e-01 2.980956733226776123e-01 1.878847353036435648e-09 1.781935803592205048e-02 1.749525405466556549e-02 2.481610295035352465e-08 2.313331393111184298e-08 nan 1.776984147727489471e-02 8.950884087426707936e+01
4.463544189929962158e-01 3.017355799674987793e-01 1.878049424887222573e-09 1.750093139708042145e-02 1.718409359455108643e-02 2.378850361139939196e-08 2.217539396554002451e-08 nan 1.745252497494220734e-02 8.735782088500475595e+01
4.517388939857482910e-01 3.053754866123199463e-01 1.877261397654174740e-09 1.719064265489578247e-02 1.688062585890293121e-02 2.281327837749813625e-08 2.126629716769912193e-08 nan 1.714327745139598846e-02 8.527040236925668637e+01
4.571233987808227539e-01 3.090154230594635010e-01 1.876483026309890802e-09 1.688709110021591187e-02 1.658325642347335815e-02 2.188575543016213487e-08 2.040166968697576522e-08 nan 1.684067212045192719e-02 8.323296653983940985e+01
4.625079035758972168e-01 3.126553297042846680e-01 1.875714093387305177e-09 1.658948138356208801e-02 1.629113219678401947e-02 2.100238560842626612e-08 1.957819861786447291e-08 nan 1.654389873147010803e-02 8.123812824525234078e+01
4.678924083709716797e-01 3.162952661514282227e-01 1.874954364165268396e-09 1.629728823900222778e-02 1.600381545722484589e-02 2.016024502893287718e-08 1.879316791075780202e-08 nan 1.625245250761508942e-02 7.928168741835260391e+01
4.732769131660461426e-01 3.199352025985717773e-01 1.874203630559428286e-09 1.601074077188968658e-02 1.572171039879322052e-02 1.935753246584681619e-08 1.804488647394464351e-08 nan 1.596658304333686829e-02 7.736677480478203961e+01
4.786614179611206055e-01 3.235751092433929443e-01 1.873461691551420399e-09 1.573095098137855530e-02 1.544615067541599274e-02 1.859360487799222028e-08 1.733276278059747710e-08 nan 1.568743959069252014e-02 7.550500965907697548e+01
4.840458929538726807e-01 3.272150158882141113e-01 1.872728340933758753e-09 1.545917522162199020e-02 1.517858356237411499e-02 1.786797554359509377e-08 1.665634030700857693e-08 nan 1.541630830615758896e-02 7.370899912848118163e+01
4.894303977489471436e-01 3.308549523353576660e-01 1.872003379495005729e-09 1.519595459103584290e-02 1.491968985646963120e-02 1.717932285316692287e-08 1.601438803788823861e-08 nan 1.515374798327684402e-02 7.198401491866326296e+01
4.948149025440216064e-01 3.344948589801788330e-01 1.871286632213937058e-09 1.494112610816955566e-02 1.466936711221933365e-02 1.652559689091503969e-08 1.540498928420674929e-08 nan 1.489960588514804840e-02 7.032845461601358750e+01
5.001994371414184570e-01 3.381348252296447754e-01 1.870577900826693527e-09 1.469436101615428925e-02 1.442725956439971924e-02 1.590466958134584274e-08 1.482616696080185648e-08 nan 1.465355418622493744e-02 6.873901767216428027e+01
5.055838823318481445e-01 3.417747020721435547e-01 1.869877039368293133e-09 1.445532776415348053e-02 1.419294625520706177e-02 1.531452653580345213e-08 1.427604168213747471e-08 nan 1.441524084657430649e-02 6.721225501935641944e+01
5.109683871269226074e-01 3.454146385192871094e-01 1.869183849789121820e-09 1.422335486859083176e-02 1.396565698087215424e-02 1.475293665009758115e-08 1.375253422253308599e-08 nan 1.418398506939411163e-02 6.574170350997046341e+01
5.163528919219970703e-01 3.490545451641082764e-01 1.868498185335105332e-09 1.399737223982810974e-02 1.374420244246721268e-02 1.421739437290625574e-08 1.325330600820961990e-08 nan 1.395869348198175430e-02 6.431721543287943632e+01
5.217373967170715332e-01 3.526944816112518311e-01 1.867819876059786520e-09 1.377638708800077438e-02 1.352752093225717545e-02 1.370565350100605428e-08 1.277626715534552204e-08 nan 1.373836584389209747e-02 6.292967780775164499e+01
5.271219015121459961e-01 3.563344180583953857e-01 1.867148773833358248e-09 1.355998124927282333e-02 1.331514958292245865e-02 1.321618103844457437e-08 1.231998414397139641e-08 nan 1.352257560938596725e-02 6.157539308189342364e+01
5.325064063072204590e-01 3.599743247032165527e-01 1.866484735032350672e-09 1.334814820438623428e-02 1.310709677636623383e-02 1.274794314554128505e-08 1.188349774139396686e-08 nan 1.331131998449563980e-02 6.025455682508814448e+01
5.378909111022949219e-01 3.636142611503601074e-01 1.865827604301946768e-09 1.314085908234119415e-02 1.290337555110454559e-02 1.229994506246612218e-08 1.146587980116464678e-08 nan 1.310457848012447357e-02 5.896716058325085896e+01
5.432754158973693848e-01 3.672541677951812744e-01 1.865177252290424566e-09 1.293803378939628601e-02 1.270397286862134933e-02 1.187120002299479893e-08 1.106620928226220713e-08 nan 1.290227472782135010e-02 5.771266757089280475e+01
5.486599206924438477e-01 3.708941042423248291e-01 1.864533532427482462e-09 1.273983623832464218e-02 1.250911783427000046e-02 1.146099837256997489e-08 1.068382360358555161e-08 nan 1.270458847284317017e-02 5.649278722414464937e+01
5.540444254875183105e-01 3.745340406894683838e-01 1.863896318172137942e-09 1.254664734005928040e-02 1.231924537569284439e-02 1.106885161306081500e-08 1.031826801778379377e-08 nan 1.251190435141324997e-02 5.531100796778738982e+01
5.594289302825927734e-01 3.781739473342895508e-01 1.863265486641235488e-09 1.235862169414758682e-02 1.213454082608222961e-02 1.069408828158202596e-08 9.968918135427884408e-09 nan 1.232438627630472183e-02 5.416873245071645471e+01
5.648134350776672363e-01 3.818138837814331055e-01 1.862640903204479876e-09 1.217550318688154221e-02 1.195475645363330841e-02 1.033571717101722243e-08 9.634846698247656605e-09 nan 1.214177813380956650e-02 5.306365080957478142e+01
5.701979398727416992e-01 3.854538202285766602e-01 1.862022452330667509e-09 1.199693698436021805e-02 1.177951600402593613e-02 9.992710658934811363e-09 9.315100690798772121e-09 nan 1.196372043341398239e-02 5.199258866261801870e+01
5.755824446678161621e-01 3.890937268733978271e-01 1.861410021730888845e-09 1.182274799793958664e-02 1.160861644893884659e-02 9.664255173902347451e-09 9.008917167818708549e-09 nan 1.179003342986106873e-02 5.095397124905427688e+01
5.809668898582458496e-01 3.927336037158966064e-01 1.860803497296447543e-09 1.165277697145938873e-02 1.144186966121196747e-02 9.349589547014147684e-09 8.715589139285384590e-09 nan 1.162055414170026779e-02 4.994637778654618643e+01
5.863513946533203125e-01 3.963735401630401611e-01 1.860202753428811389e-09 1.148665696382522583e-02 1.127887610346078873e-02 9.047828264385771035e-09 8.434290599268479127e-09 nan 1.145491283386945724e-02 4.896662912701387427e+01
5.917358994483947754e-01 4.000134766101837158e-01 1.859607692406273365e-09 1.132395863533020020e-02 1.111919339746236801e-02 8.758092029381714383e-09 8.164201759086608945e-09 nan 1.129267551004886627e-02 4.801106744086695954e+01
5.971204042434692383e-01 4.036533832550048828e-01 1.859018214291441706e-09 1.116451341658830643e-02 1.096264645457267761e-02 8.479752011680830037e-09 7.904735532804352260e-09 nan 1.113367173820734024e-02 4.707830149982768120e+01
6.025049090385437012e-01 4.072933197021484375e-01 1.858434207544148841e-09 1.100838743150234222e-02 1.080931164324283600e-02 8.212388991069019539e-09 7.655502010095460719e-09 nan 1.097797229886054993e-02 4.616899815870232260e+01
6.078894138336181641e-01 4.109332561492919922e-01 1.857855577876460681e-09 1.085559092462062836e-02 1.065921783447265625e-02 7.955562431050111627e-09 7.416092184797662412e-09 nan 1.082558929920196533e-02 4.528329789383583659e+01
6.132739186286926270e-01 4.145731627941131592e-01 1.857282233477322155e-09 1.070599071681499481e-02 1.051225047558546066e-02 7.708750970891742327e-09 7.186016226512492722e-09 nan 1.067639142274856567e-02 4.442012400533421612e+01
6.186584234237670898e-01 4.182130992412567139e-01 1.856714071034082293e-09 1.055952254682779312e-02 1.036836765706539154e-02 7.471504304135123675e-09 6.964858023650322139e-09 nan 1.053031813353300095e-02 4.357901224882330382e+01
6.240429282188415527e-01 4.218530058860778809e-01 1.856151008397507339e-09 1.041628606617450714e-02 1.022768300026655197e-02 7.243514232868619729e-09 6.752328918224748122e-09 nan 1.038747187703847885e-02 4.276080860485362223e+01
6.294274330139160156e-01 4.254929423332214355e-01 1.855592947277603754e-09 1.027633622288703918e-02 1.009025610983371735e-02 7.024449466541682341e-09 6.548118047788875629e-09 nan 1.024790760129690170e-02 4.196596269061711126e+01
6.556535363197326660e-01 4.432217776775360107e-01 1.852943630635520644e-09 9.636432863771915436e-03 9.462103247642517090e-03 6.070633329358088304e-09 5.658979951306264411e-09 nan 9.609798900783061981e-03 3.838518346670851855e+01
8.039034605026245117e-01 5.434387326240539551e-01 1.839770603253567837e-09 6.964943371713161469e-03 6.838968954980373383e-03 2.918614017133336347e-09 2.720701219871557441e-09 nan 6.945697125047445297e-03 2.441167861566213659e+01
9.932619333267211914e-01 6.714450716972351074e-01 1.826201010048688587e-09 4.946514964103698730e-03 4.857074469327926636e-03 1.357809975566226512e-09 1.265736293554198255e-09 nan 4.932850133627653122e-03 1.510103178921443678e+01
1.227223634719848633e+00 8.296031951904296875e-01 1.812731498599941669e-09 3.495812881737947464e-03 3.432618221268057823e-03 6.285914011527893308e-10 5.859662755014483082e-10 nan 3.486158326268196106e-03 9.250172036129868047e+00
1.516294717788696289e+00 1.025015234947204590e+00 1.799361337301671755e-09 2.459625480696558952e-03 2.415170660242438316e-03 2.897141415658666119e-10 2.700684675893683107e-10 nan 2.452833810821175575e-03 5.616123903637190828e+00
1.873456120491027832e+00 1.266456365585327148e+00 1.786089789356977996e-09 1.723593100905418396e-03 1.692445948719978333e-03 1.329890642054465388e-10 1.239709862543847407e-10 nan 1.718834508210420609e-03 3.382309644470804955e+00
2.314746379852294922e+00 1.564768552780151367e+00 1.772916133006574509e-09 1.203390303999185562e-03 1.181645900942385197e-03 6.082304104815250412e-11 5.669857638945785538e-11 nan 1.200068276375532150e-03 2.022096639369933779e+00
2.859982252120971680e+00 1.933347940444946289e+00 1.759839636962373426e-09 8.373851305805146694e-04 8.222550386562943459e-04 2.772472702805561795e-11 2.584468576649623373e-11 nan 8.350735879503190517e-04 1.200837713856105049e+00
3.533647537231445312e+00 2.388745784759521484e+00 1.746859588797865175e-09 5.809190915897488594e-04 5.704230861738324165e-04 1.259906068362681708e-11 1.174470243281433568e-11 nan 5.793155287392437458e-04 7.087775481451132897e-01
4.365993976593017578e+00 2.951411962509155273e+00 1.733975279535418463e-09 4.018735489808022976e-04 3.946119977626949549e-04 5.709425553862557123e-12 5.322259126472328461e-12 nan 4.007641400676220655e-04 4.160084518905470263e-01
5.394398689270019531e+00 3.646613597869873047e+00 1.721185999058096773e-09 2.772984444163739681e-04 2.722870849538594484e-04 2.580661379036897074e-12 2.405660306376011803e-12 nan 2.765328099485486746e-04 2.429196310176460205e-01
6.665042877197265625e+00 4.505568981170654297e+00 1.708491050912268841e-09 1.908869744511321187e-04 1.874362060334533453e-04 1.163698694697790081e-12 1.084784280631911901e-12 nan 1.903597731143236160e-04 1.411771555572569337e-01
8.234986305236816406e+00 5.566850662231445312e+00 1.695889732548296616e-09 1.311167725361883640e-04 1.287452760152518749e-04 5.236044887599322628e-13 4.880962170897285013e-13 nan 1.307544589508324862e-04 8.169056558432925830e-02
1.017472743988037109e+01 6.878115653991699219e+00 1.683381361073609185e-09 8.987999899545684457e-05 8.825299300951883197e-05 2.351198662847719945e-13 2.191746404592992414e-13 nan 8.963142317952588201e-05 4.707868048976850128e-02
1.257137203216552734e+01 8.498247146606445312e+00 1.670965250288532184e-09 6.149701948743313551e-05 6.038234641891904175e-05 1.053809139560032970e-13 9.823386678750600787e-14 nan 6.132671842351555824e-05 2.703011658237959580e-02
1.553254413604736328e+01 1.050000000000000000e+01 1.658640709094829109e-09 4.200376497465185821e-05 4.124088081880472600e-05 4.714965193990984516e-14 4.395164855436513307e-14 nan 4.188721504760906100e-05 1.546522614371789554e-02
