# k/h [h/Mpc]            k [1/Mpc]              Primoridal             T_cdm(k)                 T_bar(k)                 T_phot(k)                T_massless neutrions(k)  T_massive neutrinos(k)   T_total(k)               Linear Pk [(Mpc/h)^3]  
1.049045658874092624e-05 7.091548468451946974e-06 2.727206404909961128e-09 1.000000000000000000e+00 1.000000000000000000e+00 1.000000000000000000e+00 1.000000000000000000e+00 nan 1.000000000000000000e+00 3.150119072005857834e+00
1.158353370556142181e-05 7.830468348402064294e-06 2.717761705682844603e-09 1.219251394271850586e+00 1.219251394271850586e+00 1.219218373298645020e+00 1.219217658042907715e+00 nan 1.219251394271850586e+00 3.466305543724211624e+00
1.279050593439023942e-05 8.646382411825470626e-06 2.708349706436794825e-09 1.486574053764343262e+00 1.486573934555053711e+00 1.486484408378601074e+00 1.486482620239257812e+00 nan 1.486574053764343262e+00 3.814228396402177701e+00
1.412324218108551577e-05 9.547311492497101426e-06 2.698970312856197758e-09 1.812506914138793945e+00 1.812506914138793945e+00 1.812325000762939453e+00 1.812321066856384277e+00 nan 1.812506914138793945e+00 4.197071840472079707e+00
1.559484553581569344e-05 1.054211588780162856e-05 2.689623392481895528e-09 2.209901571273803711e+00 2.209901571273803711e+00 2.209570884704589844e+00 2.209563970565795898e+00 nan 2.209901571273803711e+00 4.618343187094374080e+00
1.721978514979127795e-05 1.164057448477251455e-05 2.680308856040028027e-09 2.694423913955688477e+00 2.694423913955688477e+00 2.693859815597534180e+00 2.693847894668579102e+00 nan 2.694423913955688477e+00 5.081895247622206568e+00
1.901403993542771786e-05 1.285349117097212002e-05 2.671026563908324178e-09 3.285179138183593750e+00 3.285178899765014648e+00 3.284251689910888672e+00 3.284231901168823242e+00 nan 3.285179138183593750e+00 5.591975203887519008e+00
2.099525045196060091e-05 1.419278942194068804e-05 2.661776424936157355e-09 4.005457401275634766e+00 4.005457401275634766e+00 4.003969669342041016e+00 4.003937721252441406e+00 nan 4.005457401275634766e+00 6.153251727074952271e+00
2.318289807590190321e-05 1.567163963045459241e-05 2.652558315858844083e-09 4.883656501770019531e+00 4.883656024932861328e+00 4.881313323974609375e+00 4.881262302398681641e+00 nan 4.883656501770019531e+00 6.770862040757394951e+00
2.559849235694855452e-05 1.730458097881637514e-05 2.643372135990062650e-09 5.954399108886718750e+00 5.954398155212402344e+00 5.950754165649414062e+00 5.950675964355468750e+00 nan 5.954398632049560547e+00 7.450460927168991887e+00
2.826578383974265307e-05 1.910767059598583728e-05 2.634217767634683471e-09 7.259900569915771484e+00 7.259900569915771484e+00 7.254287719726562500e+00 7.254166126251220703e+00 nan 7.259900569915771484e+00 8.198265162528363348e+00
3.121100235148333013e-05 2.109863817167934030e-05 2.625095097817206075e-09 8.851632118225097656e+00 8.851631164550781250e+00 8.843049049377441406e+00 8.842863082885742188e+00 nan 8.851632118225097656e+00 9.021124576202966594e+00
3.446310074650682509e-05 2.329705603187903762e-05 2.616004033478672110e-09 1.079234409332275391e+01 1.079234313964843750e+01 1.077929401397705078e+01 1.077900981903076172e+01 nan 1.079234409332275391e+01 9.926565451493191361e+00
3.805406231549568474e-05 2.572454650362487882e-05 2.606944439452153756e-09 1.315855503082275391e+01 1.315855216979980469e+01 1.313880062103271484e+01 1.313836956024169922e+01 nan 1.315855503082275391e+01 1.092287864694130128e+01
4.201919000479392707e-05 2.840497290890198201e-05 2.597916226597658093e-09 1.604354095458984375e+01 1.604353713989257812e+01 1.601374626159667969e+01 1.601309776306152344e+01 nan 1.604354095458984375e+01 1.201917348829338827e+01
4.639747567125596106e-05 3.136469240416772664e-05 2.588919279439887767e-09 1.956104660034179688e+01 1.956104087829589844e+01 1.951623344421386719e+01 1.951525688171386719e+01 nan 1.956104660034179688e+01 1.322548825625903035e+01
5.123196388012729585e-05 3.463280881987884641e-05 2.579953483847589841e-09 2.384973716735839844e+01 2.384972763061523438e+01 2.378249359130859375e+01 2.378102874755859375e+01 nan 2.384973526000976562e+01 1.455285218951036796e+01
5.657019573845900595e-05 3.824145096587017179e-05 2.571018745591721348e-09 2.907867813110351562e+01 2.907866287231445312e+01 2.897796058654785156e+01 2.897576713562011719e+01 nan 2.907867813110351562e+01 1.601340527343569420e+01
6.246465636650100350e-05 4.222610732540488243e-05 2.562114941593048984e-09 3.545401000976562500e+01 3.545398330688476562e+01 3.530338287353515625e+01 3.530010223388671875e+01 nan 3.545400619506835938e+01 1.762050624206210614e+01
6.897329876665025949e-05 4.662595165427774191e-05 2.553241977543412439e-09 4.322703170776367188e+01 4.322700119018554688e+01 4.300204849243164062e+01 4.299715042114257812e+01 nan 4.322702407836914062e+01 1.938883925850349144e+01
7.616012590005993843e-05 5.148424679646268487e-05 2.544399743325443185e-09 5.270413589477539062e+01 5.270409011840820312e+01 5.236844635009765625e+01 5.236114120483398438e+01 nan 5.270412826538085938e+01 2.133456466940509699e+01
8.409580186707898974e-05 5.684876305167563260e-05 2.535588130685252624e-09 6.425888061523437500e+01 6.425880432128906250e+01 6.375846099853515625e+01 6.374757385253906250e+01 nan 6.425886535644531250e+01 2.347545736201671573e+01
9.285835403716191649e-05 6.277224747464060783e-05 2.526807033334104165e-09 7.834665679931640625e+01 7.834655761718750000e+01 7.760125732421875000e+01 7.758506011962890625e+01 nan 7.834664154052734375e+01 2.583105586238447060e+01
1.025339443003758788e-04 6.931294774403795600e-05 2.518056339675267213e-09 9.552268981933593750e+01 9.552253723144531250e+01 9.441315460205078125e+01 9.438904571533203125e+01 nan 9.552267456054687500e+01 2.842285371725908405e+01
1.132176985265687108e-04 7.653516513528302312e-05 2.509335958204897443e-09 1.164638366699218750e+02 1.164635848999023438e+02 1.148133392333984375e+02 1.147775039672851562e+02 nan 1.164637832641601562e+02 3.127447580251861581e+01
1.250146742677316070e-04 8.450992027064785361e-05 2.500645773867358897e-09 1.419951782226562500e+02 1.419948272705078125e+02 1.395414886474609375e+02 1.394882812500000000e+02 nan 1.419951171875000000e+02 3.441188700095496245e+01
1.380408502882346511e-04 9.331561159342527390e-05 2.491985695624705562e-09 1.731225585937500000e+02 1.731220245361328125e+02 1.694770660400390625e+02 1.693981018066406250e+02 nan 1.731224822998046875e+02 3.786362509239295093e+01
1.524243270978331566e-04 1.030388448270969093e-04 2.483355596498544299e-09 2.110721740722656250e+02 2.110713958740234375e+02 2.056594085693359375e+02 2.055423431396484375e+02 nan 2.110720672607421875e+02 4.166104793045798971e+01
1.683065347606316209e-04 1.137752187787555158e-04 2.474755379885282393e-09 2.573385925292968750e+02 2.573374023437500000e+02 2.493072357177734375e+02 2.491338653564453125e+02 nan 2.573384094238281250e+02 4.583859072756839481e+01
1.858436153270304203e-04 1.256302784895524383e-04 2.466184957973141175e-09 3.137432556152343750e+02 3.137415466308593750e+02 3.018355102539062500e+02 3.015790710449218750e+02 nan 3.137430114746093750e+02 5.043403309935275303e+01
2.052080089924857020e-04 1.387206139042973518e-04 2.457644209414643305e-09 3.825065307617187500e+02 3.825039367675781250e+02 3.648664855957031250e+02 3.644876403808593750e+02 nan 3.825061340332031250e+02 5.548887166748264121e+01
2.265901130158454180e-04 1.531749148853123188e-04 2.449133045395065615e-09 4.663337707519531250e+02 4.663299865722656250e+02 4.402279663085937500e+02 4.396693420410156250e+02 nan 4.663331909179687500e+02 6.104855290570995408e+01
2.502001880202442408e-04 1.691353245405480266e-04 2.440651351248999153e-09 5.685220947265625000e+02 5.685164794921875000e+02 5.299326171875000000e+02 5.291103515625000000e+02 nan 5.685213012695312500e+02 6.716293684610171510e+01
2.762703516054898500e-04 1.867587561719119549e-04 2.432199034655000626e-09 6.930881958007812500e+02 6.930799560546875000e+02 6.361244506835937500e+02 6.349168701171875000e+02 nan 6.930869750976562500e+02 7.388654047124862245e+01
3.050569503102451563e-04 2.062184939859434962e-04 2.423775992290330563e-09 8.449252929687500000e+02 8.449132080078125000e+02 7.609777832031250000e+02 7.592094116210937500e+02 nan 8.449234619140625000e+02 8.127901851463182936e+01
3.368430479895323515e-04 2.277058956678956747e-04 2.415382114947829304e-09 1.029993652343750000e+03 1.029975708007812500e+03 9.065261840820312500e+02 9.039454345703125000e+02 nan 1.029990966796875000e+03 8.940551782808628900e+01
3.719411906786262989e-04 2.514322404749691486e-04 2.407017301830847028e-09 1.255550903320312500e+03 1.255524536132812500e+03 1.074394653320312500e+03 1.070643676757812500e+03 nan 1.255546875000000000e+03 9.833703588125200667e+01
4.106964333914220333e-04 2.776307810563594103e-04 2.398681465071051552e-09 1.530432006835937500e+03 1.530393432617187500e+03 1.265402221679687500e+03 1.259978027343750000e+03 nan 1.530426147460937500e+03 1.081508792462997661e+02
4.534898616839200258e-04 3.065591445192694664e-04 2.390374494355455649e-09 1.865390136718750000e+03 1.865333374023437500e+03 1.479009765625000000e+03 1.471213623046875000e+03 nan 1.865381347656250000e+03 1.189308879690153304e+02
5.007422878406941891e-04 3.385017917025834322e-04 2.382096284987275655e-09 2.273507568359375000e+03 2.273425048828125000e+03 1.712591308593750000e+03 1.701468505859375000e+03 nan 2.273494873046875000e+03 1.307679737182447468e+02
5.529182380996644497e-04 3.737727238330990076e-04 2.373846756225058361e-09 2.770691162109375000e+03 2.770571533203125000e+03 1.960541137695312500e+03 1.944815551757812500e+03 nan 2.770672851562500000e+03 1.437600970809031935e+02
6.105307838879525661e-04 4.127188003621995449e-04 2.365625794166928840e-09 3.376278320312500000e+03 3.376105468750000000e+03 2.213313964843750000e+03 2.191323242187500000e+03 nan 3.376251708984375000e+03 1.580127086598365906e+02
6.741464603692293167e-04 4.557229985948652029e-04 2.357433293568910220e-09 4.113758789062500000e+03 4.113510742187500000e+03 2.456584228515625000e+03 2.426238769531250000e+03 nan 4.113720703125000000e+03 1.736386469284381064e+02
7.443906506523489952e-04 5.032080807723104954e-04 2.349269171114912410e-09 5.011645996093750000e+03 5.011292480468750000e+03 2.670930664062500000e+03 2.629726318359375000e+03 nan 5.011591308593750000e+03 1.907580760615909981e+02
8.219541050493717194e-04 5.556409596465528011e-04 2.341133324843220307e-09 6.104532226562500000e+03 6.104032226562500000e+03 2.832690917968750000e+03 2.777815185546875000e+03 nan 6.104455566406250000e+03 2.094982285861641742e+02
9.075994603335857391e-04 6.135372095741331577e-04 2.333025652639057309e-09 7.434345214843750000e+03 7.433646484375000000e+03 2.916853271484375000e+03 2.845442382812500000e+03 nan 7.434238769531250000e+03 2.299928888525618618e+02
1.002168864943087101e-03 6.774661596864461899e-04 2.324946049885245546e-09 9.051864257812500000e+03 9.050896484375000000e+03 2.902932617187500000e+03 2.812499023437500000e+03 nan 9.051714843750000000e+03 2.523819300791043929e+02
1.106592128053307533e-03 7.480562780983746052e-04 2.316894434325377400e-09 1.101851660156250000e+04 1.101719726562500000e+04 2.784236328125000000e+03 2.673229736328125000e+03 nan 1.101831445312500000e+04 2.768100136675495833e+02
1.221895916387438774e-03 8.260016329586505890e-04 2.308870708568745277e-09 1.340855078125000000e+04 1.340677539062500000e+04 2.579290039062500000e+03 2.447596435546875000e+03 nan 1.340827832031250000e+04 3.034259537884668134e+02
1.349214115180075169e-03 9.120687609538435936e-04 2.300874762407135126e-09 1.631160742187500000e+04 1.630925488281250000e+04 2.340908691406250000e+03 2.189884033203125000e+03 nan 1.631124707031250000e+04 3.323807803111288877e+02
1.489798538386821747e-03 1.007103826850652695e-03 2.292906509188567727e-09 1.983577929687500000e+04 1.983270312500000000e+04 2.153916015625000000e+03 1.985409057617187500e+03 nan 1.983530859375000000e+04 3.638264744291723218e+02
1.645031501539051533e-03 1.112041296437382698e-03 2.284965850418265676e-09 2.411124023437500000e+04 2.410726171875000000e+04 2.109850830078125000e+03 1.923969116210937500e+03 nan 2.411063281250000000e+04 3.979131007573150782e+02
1.816439209505915642e-03 1.227912958711385727e-03 2.277052691606405739e-09 2.929453320312500000e+04 2.928940625000000000e+04 2.253389160156250000e+03 2.045941650390625000e+03 nan 2.929375000000000000e+04 4.347861207398063925e+02
2.005707239732146263e-03 1.355858054012060165e-03 2.269166941709029953e-09 3.557356250000000000e+04 3.556692578125000000e+04 2.519988037109375000e+03 2.282597412109375000e+03 nan 3.557255078125000000e+04 4.745814565935117457e+02
2.214696491137146950e-03 1.497134799137711525e-03 2.261308494449764354e-09 4.317346093750000000e+04 4.316473828125000000e+04 2.725004394531250000e+03 2.451790039062500000e+03 nan 4.317212890625000000e+04 5.174197792578860344e+02
2.445461694151163101e-03 1.653132145293056965e-03 2.253477264686429142e-09 5.236327734375000000e+04 5.235154296875000000e+04 2.679887451171875000e+03 2.379659667968750000e+03 nan 5.236148828125000000e+04 5.633992633721502443e+02
2.700272016227245331e-03 1.825383864343166351e-03 2.245673160886940457e-09 6.346377343750000000e+04 6.344765625000000000e+04 2.413745605468750000e+03 2.113794189453125000e+03 nan 6.346131250000000000e+04 6.125872320746358355e+02
2.981632947921752930e-03 2.015583915635943413e-03 2.237896076485985185e-09 7.685639843750000000e+04 7.683399218750000000e+04 2.248582519531250000e+03 1.971185180664062500e+03 nan 7.685298437500000000e+04 6.650120157918673840e+02
3.292310982942581177e-03 2.225602278485894203e-03 2.230145925871712440e-09 9.299339843750000000e+04 9.296211718750000000e+04 2.419676513671875000e+03 2.124034423828125000e+03 nan 9.298862500000000000e+04 7.206543427429362509e+02
3.635360859334468842e-03 2.457503927871584892e-03 2.222422616889744185e-09 1.124093828125000000e+05 1.123656953125000000e+05 2.581711914062500000e+03 2.106010009765625000e+03 nan 1.124027031250000000e+05 7.794375079421846522e+02
4.014155361801385880e-03 2.713568974286317825e-03 2.214726058195065524e-09 1.357338750000000000e+05 1.356726093750000000e+05 2.304654052734375000e+03 2.085890625000000000e+03 nan 1.357245000000000000e+05 8.412131858004715923e+02
4.432419314980506897e-03 2.996315481141209602e-03 2.207056148657132701e-09 1.637051875000000000e+05 1.636184687500000000e+05 2.113981445312500000e+03 2.063489990234375000e+03 nan 1.636919531250000000e+05 9.057489631781926391e+02
4.894265439361333847e-03 3.308523446321487427e-03 2.199412800139309644e-09 1.971852343750000000e+05 1.970614687500000000e+05 2.349063476562500000e+03 2.038635131835937500e+03 nan 1.971663281250000000e+05 9.727138516526147214e+02
5.404234398156404495e-03 3.653262509033083916e-03 2.191795924301313793e-09 2.371750781250000000e+05 2.369979843750000000e+05 2.132568847656250000e+03 2.011205078125000000e+03 nan 2.371480000000000000e+05 1.041664262164924139e+03
5.967340432107448578e-03 4.033922217786312103e-03 2.184205430909534259e-09 2.848302500000000000e+05 2.845764062500000000e+05 2.181902587890625000e+03 1.981018798828125000e+03 nan 2.847914687500000000e+05 1.112026945484037469e+03
6.589121185243129730e-03 4.454245790839195251e-03 2.176641221197925960e-09 3.414755625000000000e+05 3.411103125000000000e+05 2.338385498046875000e+03 1.947917968750000000e+03 nan 3.414197500000000000e+05 1.183084475779498007e+03
7.275689393281936646e-03 4.918366204947233200e-03 2.169103203027300791e-09 4.086170625000000000e+05 4.080905312500000000e+05 2.055726074218750000e+03 1.911756835937500000e+03 nan 4.085366250000000000e+05 1.253957579354771042e+03
8.033796213567256927e-03 5.430846009403467178e-03 2.161591299930936394e-09 4.879496875000000000e+05 4.871903125000000000e+05 2.032561401367187500e+03 1.872360961914062500e+03 nan 4.878337187500000000e+05 1.323589744900694313e+03
8.870895951986312866e-03 5.996725521981716156e-03 2.154105401952956366e-09 5.813581250000000000e+05 5.802619375000000000e+05 2.152192871093750000e+03 1.829574462890625000e+03 nan 5.811906250000000000e+05 1.390733962635592661e+03
9.795218706130981445e-03 6.621567998081445694e-03 2.146645430474833453e-09 6.909058125000000000e+05 6.893250625000000000e+05 1.719612915039062500e+03 1.783247314453125000e+03 nan 6.906643125000000000e+05 1.453943820474646827e+03
1.081585418432950974e-02 7.311517372727394104e-03 2.139211293795359687e-09 8.188081875000000000e+05 8.165311875000000000e+05 1.942302246093750000e+03 1.733213378906250000e+03 nan 8.184603125000000000e+05 1.511567898417309380e+03
1.194283645600080490e-02 8.073357865214347839e-03 2.131802900090153706e-09 9.673823750000000000e+05 9.641100000000000000e+05 1.875612670898437500e+03 1.679333862304687500e+03 nan 9.668823750000000000e+05 1.561755063725244099e+03
1.318724639713764191e-02 8.914578706026077271e-03 2.124420174276236449e-09 1.138968875000000000e+06 1.134280750000000000e+06 1.859083740234375000e+03 1.621472045898437500e+03 nan 1.138252625000000000e+06 1.602484617821707843e+03
1.456132158637046814e-02 9.843453764915466309e-03 2.117063005254935590e-09 1.335816000000000000e+06 1.329128250000000000e+06 1.862647705078125000e+03 1.559520629882812500e+03 nan 1.334794250000000000e+06 1.631611360856793908e+03
1.607857085764408112e-02 1.086911372840404510e-02 2.109731324472420402e-09 1.559921500000000000e+06 1.550433875000000000e+06 1.732191406250000000e+03 1.493415161132812500e+03 nan 1.558472000000000000e+06 1.646957469643067498e+03
1.775391399860382080e-02 1.200164575129747391e-02 2.102425026951150955e-09 1.812840375000000000e+06 1.799475000000000000e+06 1.456979248046875000e+03 1.423164428710937500e+03 nan 1.810798500000000000e+06 1.646453543775604430e+03
1.960382424294948578e-02 1.325218472629785538e-02 2.095144031049849183e-09 2.095466000000000000e+06 2.076804000000000000e+06 1.336848388671875000e+03 1.348888916015625000e+03 nan 2.092614875000000000e+06 1.628339009089293086e+03
2.164648845791816711e-02 1.463302597403526306e-02 2.087888252770266929e-09 2.407836000000000000e+06 2.382062750000000000e+06 1.374776855468750000e+03 1.270876708984375000e+03 nan 2.403898500000000000e+06 1.591442093431310013e+03
2.390199340879917145e-02 1.615774817764759064e-02 2.080657597354892904e-09 2.749039250000000000e+06 2.713928250000000000e+06 1.326232788085937500e+03 1.189649902343750000e+03 nan 2.743675250000000000e+06 1.535508180212819298e+03
2.639251388609409332e-02 1.784133911132812500e-02 2.073451995948668221e-09 3.117360000000000000e+06 3.070328750000000000e+06 1.124385253906250000e+03 1.106036499023437500e+03 nan 3.110174500000000000e+06 1.461563793635200227e+03
2.914254181087017059e-02 1.970035769045352936e-02 2.066271340052806293e-09 3.510858750000000000e+06 3.449166000000000000e+06 1.194760742187500000e+03 1.021240783691406250e+03 nan 3.501433500000000000e+06 1.372220548131334454e+03
3.217911347746849060e-02 2.175308018922805786e-02 2.059115554147728899e-09 3.928594000000000000e+06 3.849739750000000000e+06 9.940040283203125000e+02 9.368793945312500000e+02 nan 3.916546500000000000e+06 1.271817850306803848e+03
3.553209081292152405e-02 2.401969395577907562e-02 2.051984539888671147e-09 4.372632500000000000e+06 4.275032500000000000e+06 9.347393798828125000e+02 8.549476318359375000e+02 nan 4.357721500000000000e+06 1.166244928002821553e+03
3.923443704843521118e-02 2.652247995138168335e-02 2.044878229365854235e-09 4.850666000000000000e+06 4.734584000000000000e+06 8.636307983398437500e+02 7.776674194335937500e+02 nan 4.832931000000000000e+06 1.062331318631207296e+03
4.332255572080612183e-02 2.928604744374752045e-02 2.037796533657790378e-09 5.378387000000000000e+06 5.246956000000000000e+06 8.081132202148437500e+02 7.071633911132812500e+02 nan 5.358307000000000000e+06 9.667513919412964469e+02
4.765481501817703247e-02 3.221465647220611572e-02 2.031010053452367756e-09 5.953251000000000000e+06 5.813254500000000000e+06 6.928930664062500000e+02 6.470034790039062500e+02 nan 5.931862500000000000e+06 8.869356407395110864e+02
5.198707059025764465e-02 3.514325991272926331e-02 2.024834231214258902e-09 6.561958500000000000e+06 6.421701000000000000e+06 6.419866943359375000e+02 5.994665527343750000e+02 nan 6.540530000000000000e+06 8.274894105498310637e+02
5.631932616233825684e-02 3.807186335325241089e-02 2.019169610001785353e-09 7.199221500000000000e+06 7.065370500000000000e+06 6.004212036132812500e+02 5.606519165039062500e+02 nan 7.178772000000000000e+06 7.812025879038063749e+02
6.065158173441886902e-02 4.100047051906585693e-02 2.013939112582009273e-09 7.856652000000000000e+06 7.732505000000000000e+06 5.652492065429687500e+02 5.278076171875000000e+02 nan 7.837685500000000000e+06 7.429969689508072861e+02
6.498383730649948120e-02 4.392907395958900452e-02 2.009081821590703985e-09 8.512917000000000000e+06 8.397415000000000000e+06 5.337210693359375000e+02 4.983665466308593750e+02 nan 8.495271000000000000e+06 7.075065926895749726e+02
6.931609660387039185e-02 4.685768112540245056e-02 2.004548729015451583e-09 9.141444000000000000e+06 9.029155000000000000e+06 5.038300170898437500e+02 4.704549255371093750e+02 nan 9.124289000000000000e+06 6.707119528308576264e+02
7.364834845066070557e-02 4.978628456592559814e-02 2.000299865353250301e-09 9.716990000000000000e+06 9.599140000000000000e+06 4.744082336425781250e+02 4.429822692871093750e+02 nan 9.698986000000000000e+06 6.304660088387936412e+02
7.798060774803161621e-02 5.271489173173904419e-02 1.996302173696350216e-09 1.022373800000000000e+07 1.009005500000000000e+07 4.451566162109375000e+02 4.156690979003906250e+02 nan 1.020331400000000000e+07 5.867834806547914468e+02
8.231285959482192993e-02 5.564349144697189331e-02 1.992528044667567094e-09 1.065922700000000000e+07 1.050021900000000000e+07 4.164208374023437500e+02 3.888378906250000000e+02 nan 1.063493500000000000e+07 5.413086007617180258e+02
8.664511889219284058e-02 5.857209861278533936e-02 1.988954134422163219e-09 1.103369300000000000e+07 1.084281200000000000e+07 3.888681945800781250e+02 3.631114807128906250e+02 nan 1.100453100000000000e+07 4.963938657802513035e+02
9.097737073898315430e-02 6.150070205330848694e-02 1.985560585482697045e-09 1.136620500000000000e+07 1.114142000000000000e+07 3.631950683593750000e+02 3.391399230957031250e+02 nan 1.133186200000000000e+07 4.542616490153698123e+02
9.636187553405761719e-02 6.514062732458114624e-02 1.981568674123380254e-09 1.176088300000000000e+07 1.149884100000000000e+07 3.348431091308593750e+02 3.126666564941406250e+02 nan 1.172084900000000000e+07 4.084748748279765209e+02
1.017463728785514832e-01 6.878054887056350708e-02 1.977801256732118934e-09 1.218952500000000000e+07 1.190359800000000000e+07 3.112276000976562500e+02 2.906155090332031250e+02 nan 1.214584200000000000e+07 3.720416060540011927e+02
1.071308776736259460e-01 7.242047041654586792e-02 1.974234781265857972e-09 1.269809400000000000e+07 1.240637500000000000e+07 2.924661865234375000e+02 2.730963134765625000e+02 nan 1.265352600000000000e+07 3.452423468174196159e+02
1.125153750181198120e-01 7.606039196252822876e-02 1.970849203820953451e-09 1.329680900000000000e+07 1.301666600000000000e+07 2.777342834472656250e+02 2.593393249511718750e+02 nan 1.325400900000000000e+07 3.262156478319104735e+02
1.178998723626136780e-01 7.970031350851058960e-02 1.967627323526894450e-09 1.395851300000000000e+07 1.370133700000000000e+07 2.656500549316406250e+02 2.480545806884765625e+02 nan 1.391922300000000000e+07 3.119415599427479151e+02
1.232843771576881409e-01 8.334024250507354736e-02 1.964554264128985100e-09 1.463546700000000000e+07 1.440327900000000000e+07 2.548428344726562500e+02 2.379624176025390625e+02 nan 1.459999300000000000e+07 2.994642824891821533e+02
1.286688745021820068e-01 8.698015660047531128e-02 1.961617102724775952e-09 1.527462500000000000e+07 1.505959000000000000e+07 2.442493286132812500e+02 2.280700988769531250e+02 nan 1.524177200000000000e+07 2.865015416799543004e+02
1.340533792972564697e-01 9.062008559703826904e-02 1.958804483640675406e-09 1.582943900000000000e+07 1.561635100000000000e+07 2.332184600830078125e+02 2.177698059082031250e+02 nan 1.579688500000000000e+07 2.716945127150657981e+02
1.394378840923309326e-01 9.426000714302062988e-02 1.956106446915437174e-09 1.627412400000000000e+07 1.604503100000000000e+07 2.215864410400390625e+02 2.069085235595703125e+02 nan 1.623912300000000000e+07 2.548223619238192157e+02
1.448223739862442017e-01 9.789992123842239380e-02 1.953514161287429418e-09 1.661272800000000000e+07 1.635225900000000000e+07 2.096332092285156250e+02 1.957475891113281250e+02 nan 1.657293500000000000e+07 2.366920745787609235e+02
1.502068787813186646e-01 1.015398502349853516e-01 1.951019758654691563e-09 1.687556200000000000e+07 1.657530900000000000e+07 1.978865051269531250e+02 1.847794494628906250e+02 nan 1.682968800000000000e+07 2.186254410109955586e+02
1.555913835763931274e-01 1.051797717809677124e-01 1.948616241255242070e-09 1.711000200000000000e+07 1.677078000000000000e+07 1.869261627197265625e+02 1.745455474853515625e+02 nan 1.705817600000000000e+07 2.019584276514971748e+02
1.609758734703063965e-01 1.088196933269500732e-01 1.946297314463125787e-09 1.737014600000000000e+07 1.700150400000000000e+07 1.772446289062500000e+02 1.655055084228515625e+02 nan 1.731382600000000000e+07 1.877266224430884165e+02
1.663603782653808594e-01 1.124596148729324341e-01 1.944057316713681798e-09 1.770029800000000000e+07 1.731755800000000000e+07 1.691002349853515625e+02 1.579005737304687500e+02 nan 1.764182200000000000e+07 1.764056956219541235e+02
1.717448830604553223e-01 1.160995438694953918e-01 1.941891129256332855e-09 1.811773800000000000e+07 1.773752400000000000e+07 1.624228057861328125e+02 1.516652374267578125e+02 nan 1.805965000000000000e+07 1.677928456419391239e+02
1.771293878555297852e-01 1.197394654154777527e-01 1.939794125595426991e-09 1.860945000000000000e+07 1.824507400000000000e+07 1.568791656494140625e+02 1.464884490966796875e+02 nan 1.855378200000000000e+07 1.611918023064237104e+02
1.825138777494430542e-01 1.233793795108795166e-01 1.937762091126241291e-09 1.914244800000000000e+07 1.880046200000000000e+07 1.520346527099609375e+02 1.419644927978515625e+02 nan 1.909019800000000000e+07 1.557398637398278822e+02
1.878983825445175171e-01 1.270193010568618774e-01 1.935791175107242678e-09 1.967411800000000000e+07 1.935295200000000000e+07 1.474677734375000000e+02 1.376998291015625000e+02 nan 1.962505200000000000e+07 1.506163557652270129e+02
1.932828873395919800e-01 1.306592375040054321e-01 1.933877861004656685e-09 2.016033400000000000e+07 1.985120400000000000e+07 1.428333740234375000e+02 1.333722381591796875e+02 nan 2.011310800000000000e+07 1.451564405547737806e+02
1.986673772335052490e-01 1.342991441488265991e-01 1.932018951816384183e-09 2.056791600000000000e+07 2.025765600000000000e+07 1.379345245361328125e+02 1.287978820800781250e+02 nan 2.052051400000000000e+07 1.389966885632450726e+02
2.040518820285797119e-01 1.379390656948089600e-01 1.930211465507478933e-09 2.088688200000000000e+07 2.056179400000000000e+07 1.327678527832031250e+02 1.239735260009765625e+02 nan 2.083721800000000000e+07 1.321668265523146317e+02
2.094363868236541748e-01 1.415790021419525146e-01 1.928452677645768952e-09 2.113125000000000000e+07 2.078085800000000000e+07 1.274816131591796875e+02 1.190376281738281250e+02 nan 2.107772000000000000e+07 1.249956900112729983e+02
2.148208767175674438e-01 1.452189087867736816e-01 1.926740094380007882e-09 2.133061400000000000e+07 2.095022000000000000e+07 1.222887573242187500e+02 1.141889266967773438e+02 nan 2.127249800000000000e+07 1.179213907269100048e+02
2.202053815126419067e-01 1.488588303327560425e-01 1.925071368159055733e-09 2.152171800000000000e+07 2.111329200000000000e+07 1.174018402099609375e+02 1.096258544921875000e+02 nan 2.145932000000000000e+07 1.113548633696262016e+02
2.255898863077163696e-01 1.524987667798995972e-01 1.923444343781293656e-09 2.174047000000000000e+07 2.131164400000000000e+07 1.129874038696289062e+02 1.055039062500000000e+02 nan 2.167495400000000000e+07 1.055967833588169782e+02
2.309743911027908325e-01 1.561386883258819580e-01 1.921857033120720865e-09 2.201169200000000000e+07 2.157338000000000000e+07 1.091222381591796875e+02 1.018947372436523438e+02 nan 2.194472800000000000e+07 1.007693717564662848e+02
2.363588809967041016e-01 1.597786098718643188e-01 1.920307567935778733e-09 2.234212400000000000e+07 2.190541200000000000e+07 1.057779159545898438e+02 9.877185821533203125e+01 nan 2.227540200000000000e+07 9.680458244890461117e+01
2.417433857917785645e-01 1.634185314178466797e-01 1.918794213956308179e-09 2.272169400000000000e+07 2.229497800000000000e+07 1.028493728637695312e+02 9.603717041015625000e+01 nan 2.265650000000000000e+07 9.350569177033831636e+01
2.471278905868530273e-01 1.670584529638290405e-01 1.917315352832477265e-09 2.312843000000000000e+07 2.271546000000000000e+07 1.001935195922851562e+02 9.355712127685546875e+01 nan 2.306533600000000000e+07 9.061762310850483004e+01
2.525123953819274902e-01 1.706983745098114014e-01 1.915869472055197894e-09 2.353252400000000000e+07 2.313186600000000000e+07 9.765621185302734375e+01 9.118777465820312500e+01 nan 2.347131200000000000e+07 8.787128611678180334e+01
2.578969001770019531e-01 1.743383109569549561e-01 1.914455150219987163e-09 2.390349600000000000e+07 2.350936000000000000e+07 9.510522460937500000e+01 8.880569458007812500e+01 nan 2.384328200000000000e+07 8.503970332164394108e+01
2.632813751697540283e-01 1.779782027006149292e-01 1.913071083197014340e-09 2.422157400000000000e+07 2.382571200000000000e+07 9.247135925292968750e+01 8.634628295898437500e+01 nan 2.416109400000000000e+07 8.201014521995635675e+01
2.686658799648284912e-01 1.816181391477584839e-01 1.911715991580206360e-09 2.448439000000000000e+07 2.407847000000000000e+07 8.976190948486328125e+01 8.381633758544921875e+01 nan 2.442237800000000000e+07 7.880549453126799619e+01
2.740503847599029541e-01 1.852580606937408447e-01 1.910388727493893778e-09 2.470298000000000000e+07 2.428073000000000000e+07 8.703199768066406250e+01 8.126731109619140625e+01 nan 2.463846800000000000e+07 7.553031353882779797e+01
2.794348895549774170e-01 1.888979822397232056e-01 1.909088184011114833e-09 2.489442000000000000e+07 2.445307200000000000e+07 8.435003662109375000e+01 7.876305389404296875e+01 nan 2.482699200000000000e+07 7.230699043264186798e+01
2.848193943500518799e-01 1.925379037857055664e-01 1.907813323590368924e-09 2.507887600000000000e+07 2.461954800000000000e+07 8.178454589843750000e+01 7.636755371093750000e+01 nan 2.500869800000000000e+07 6.925250099428699002e+01
2.902038991451263428e-01 1.961778402328491211e-01 1.906563162582237113e-09 2.527782000000000000e+07 2.480487400000000000e+07 7.939757537841796875e+01 7.413871765136718750e+01 nan 2.520556400000000000e+07 6.646802068125634833e+01
2.955884039402008057e-01 1.998177617788314819e-01 1.905336787226579552e-09 2.550771000000000000e+07 2.502735600000000000e+07 7.722578430175781250e+01 7.211077880859375000e+01 nan 2.543432400000000000e+07 6.400953819065297523e+01
3.009728789329528809e-01 2.034576684236526489e-01 1.904133323856378078e-09 2.577293800000000000e+07 2.529149000000000000e+07 7.526377105712890625e+01 7.027870178222656250e+01 nan 2.569938200000000000e+07 6.186359749977773959e+01
3.063573837280273438e-01 2.070975899696350098e-01 1.902951936232507350e-09 2.606575600000000000e+07 2.558805600000000000e+07 7.347103118896484375e+01 6.860466766357421875e+01 nan 2.599277800000000000e+07 5.996192070791324369e+01
3.117418885231018066e-01 2.107375115156173706e-01 1.901791846628511990e-09 2.637237200000000000e+07 2.590072000000000000e+07 7.179486083984375000e+01 6.703948211669921875e+01 nan 2.630031400000000000e+07 5.821943333707107371e+01
3.171263933181762695e-01 2.143774479627609253e-01 1.900652308391623192e-09 2.667781800000000000e+07 2.621168400000000000e+07 7.018586730957031250e+01 6.553702545166015625e+01 nan 2.660660200000000000e+07 5.655853107742380814e+01
3.225108981132507324e-01 2.180173695087432861e-01 1.899532626729035332e-09 2.696755600000000000e+07 2.650401800000000000e+07 6.860208892822265625e+01 6.405812072753906250e+01 nan 2.689674000000000000e+07 5.491472549448416629e+01
3.278954029083251953e-01 2.216572910547256470e-01 1.898432128189829179e-09 2.722989200000000000e+07 2.676464200000000000e+07 6.701422882080078125e+01 6.257542800903320312e+01 nan 2.715881200000000000e+07 5.324428032293366186e+01
3.332799077033996582e-01 2.252972126007080078e-01 1.897350177081271127e-09 2.746036200000000000e+07 2.698893600000000000e+07 6.541445159912109375e+01 6.108163452148437500e+01 nan 2.738834000000000000e+07 5.153767126693713863e+01
3.386643826961517334e-01 2.289371192455291748e-01 1.896286172945125672e-09 2.766374600000000000e+07 2.718266400000000000e+07 6.381773376464843750e+01 5.959069442749023438e+01 nan 2.759025000000000000e+07 4.982065106356451878e+01
3.440488874912261963e-01 2.325770407915115356e-01 1.895239531240720810e-09 2.785090200000000000e+07 2.735844600000000000e+07 6.225113296508789062e+01 5.812788391113281250e+01 nan 2.777566400000000000e+07 4.813647292194514904e+01
3.494333922863006592e-01 2.362169772386550903e-01 1.894209703480833635e-09 2.803355600000000000e+07 2.753002000000000000e+07 6.074038696289062500e+01 5.671722412109375000e+01 nan 2.795662600000000000e+07 4.652466983757794594e+01
3.548178970813751221e-01 2.398568987846374512e-01 1.893196174858241155e-09 2.822155200000000000e+07 2.770895000000000000e+07 5.930394744873046875e+01 5.537593460083007812e+01 nan 2.814323800000000000e+07 4.501247681936057887e+01
3.602024018764495850e-01 2.434968203306198120e-01 1.892198441798694543e-09 2.842226400000000000e+07 2.790365000000000000e+07 5.795265960693359375e+01 5.411415100097656250e+01 nan 2.834303200000000000e+07 4.361505124628877184e+01
3.655869066715240479e-01 2.471367418766021729e-01 1.891216027459402332e-09 2.863942200000000000e+07 2.811803600000000000e+07 5.668837738037109375e+01 5.293361282348632812e+01 nan 2.855976400000000000e+07 4.233405303201949721e+01
3.709714114665985107e-01 2.507766783237457275e-01 1.890248472221847833e-09 2.887136200000000000e+07 2.834982000000000000e+07 5.550188827514648438e+01 5.182569122314453125e+01 nan 2.879168400000000000e+07 4.115515103234142913e+01
3.763558864593505859e-01 2.544165849685668945e-01 1.889295352117686434e-09 2.911148400000000000e+07 2.859122000000000000e+07 5.437535858154296875e+01 5.077376937866210938e+01 nan 2.903199800000000000e+07 4.005202252781294447e+01
3.817403912544250488e-01 2.580564916133880615e-01 1.888356242191734645e-09 2.935143800000000000e+07 2.883250400000000000e+07 5.328956985473632812e+01 4.975988388061523438e+01 nan 2.927215600000000000e+07 3.899693515193057181e+01
3.871248960494995117e-01 2.616964280605316162e-01 1.887430735669950155e-09 2.958405000000000000e+07 2.906527000000000000e+07 5.222937774658203125e+01 4.876990890502929688e+01 nan 2.950479200000000000e+07 3.796864456561617374e+01
3.925094008445739746e-01 2.653363645076751709e-01 1.886518457772270655e-09 2.980409000000000000e+07 2.928349600000000000e+07 5.118468093872070312e+01 4.779440307617187500e+01 nan 2.972455400000000000e+07 3.695341322561665720e+01
3.978939056396484375e-01 2.689762711524963379e-01 1.885619049100158659e-09 3.000857200000000000e+07 2.948400600000000000e+07 5.015035247802734375e+01 4.682859039306640625e+01 nan 2.992843000000000000e+07 3.594469885172591006e+01
4.032784104347229004e-01 2.726162075996398926e-01 1.884732143174389957e-09 3.019809000000000000e+07 2.966775000000000000e+07 4.912775039672851562e+01 4.587372207641601562e+01 nan 3.011706800000000000e+07 3.494505928381763482e+01
4.086629152297973633e-01 2.762561440467834473e-01 1.883857409814700777e-09 3.037721200000000000e+07 2.984006200000000000e+07 4.812448120117187500e+01 4.493691253662109375e+01 nan 3.029514800000000000e+07 3.396566725193816438e+01
4.140473902225494385e-01 2.798960208892822266e-01 1.882994538868699288e-09 3.055213800000000000e+07 3.000807800000000000e+07 4.714992523193359375e+01 4.402692031860351562e+01 nan 3.046901800000000000e+07 3.301979458408926149e+01
4.194318950176239014e-01 2.835359573364257812e-01 1.882143190604211824e-09 3.072782800000000000e+07 3.017760400000000000e+07 4.621057891845703125e+01 4.314979171752929688e+01 nan 3.064376400000000000e+07 3.211620235138396851e+01
4.248163998126983643e-01 2.871758937835693359e-01 1.881303079826970542e-09 3.090738800000000000e+07 3.035232200000000000e+07 4.530941390991210938e+01 4.230832290649414062e+01 nan 3.082258400000000000e+07 3.125874830745198807e+01
4.302009046077728271e-01 2.908158004283905029e-01 1.880473925305205483e-09 3.109298200000000000e+07 3.053460000000000000e+07 4.444762802124023438e+01 4.150361633300781250e+01 nan 3.100767200000000000e+07 3.044880679761791598e+01
4.355854094028472900e-01 2.944557368755340576e-01 1.879655436356054805e-09 3.128529400000000000e+07 3.072492200000000000e+07 4.362403869628906250e+01 4.073457336425781250e+01 nan 3.119968200000000000e+07 2.968457793959754554e+01
4.409699141979217529e-01 2.980956733226776123e-01 1.878847353036435648e-09 3.148215200000000000e+07 3.092064400000000000e+07 4.283356857299804688e+01 3.999645614624023438e+01 nan 3.139636800000000000e+07 2.895912830670189209e+01
4.463544189929962158e-01 3.017355799674987793e-01 1.878049424887222573e-09 3.167928400000000000e+07 3.111687600000000000e+07 4.206872940063476562e+01 3.928227615356445312e+01 nan 3.159336000000000000e+07 2.826248697657187492e+01
4.517388939857482910e-01 3.053754866123199463e-01 1.877261397654174740e-09 3.187290200000000000e+07 3.130925000000000000e+07 4.132332992553710938e+01 3.858624267578125000e+01 nan 3.178679000000000000e+07 2.758656632811018028e+01
4.571233987808227539e-01 3.090154230594635010e-01 1.876483026309890802e-09 3.206095200000000000e+07 3.149529200000000000e+07 4.059392929077148438e+01 3.790515136718750000e+01 nan 3.197453200000000000e+07 2.692707638074386622e+01
4.625079035758972168e-01 3.126553297042846680e-01 1.875714093387305177e-09 3.224227600000000000e+07 3.167366600000000000e+07 3.987856674194335938e+01 3.723717117309570312e+01 nan 3.215540800000000000e+07 2.628165807786062302e+01
4.678924083709716797e-01 3.162952661514282227e-01 1.874954364165268396e-09 3.241619600000000000e+07 3.184377600000000000e+07 3.917603302001953125e+01 3.658117294311523438e+01 nan 3.232874200000000000e+07 2.564890741739845481e+01
4.732769131660461426e-01 3.199352025985717773e-01 1.874203630559428286e-09 3.258341800000000000e+07 3.200661800000000000e+07 3.848693466186523438e+01 3.593771743774414062e+01 nan 3.249529600000000000e+07 2.502973157955843320e+01
4.786614179611206055e-01 3.235751092433929443e-01 1.873461691551420399e-09 3.274661000000000000e+07 3.216523800000000000e+07 3.781403732299804688e+01 3.530939865112304688e+01 nan 3.265779000000000000e+07 2.442780228356760119e+01
4.840458929538726807e-01 3.272150158882141113e-01 1.872728340933758753e-09 3.290893800000000000e+07 3.232320000000000000e+07 3.716045761108398438e+01 3.469910812377929688e+01 nan 3.281944800000000000e+07 2.384707258618726300e+01
4.894303977489471436e-01 3.308549523353576660e-01 1.872003379495005729e-09 3.307229200000000000e+07 3.248269000000000000e+07 3.652755737304687500e+01 3.410812759399414062e+01 nan 3.298221200000000000e+07 2.328919299392439868e+01
4.948149025440216064e-01 3.344948589801788330e-01 1.871286632213937058e-09 3.323710600000000000e+07 3.264428600000000000e+07 3.591495895385742188e+01 3.353610610961914062e+01 nan 3.314653800000000000e+07 2.275362427445182689e+01
5.001994371414184570e-01 3.381348252296447754e-01 1.870577900826693527e-09 3.340347000000000000e+07 3.280805600000000000e+07 3.532187652587890625e+01 3.298230361938476562e+01 nan 3.331250400000000000e+07 2.223931825046283706e+01
5.055838823318481445e-01 3.417747020721435547e-01 1.869877039368293133e-09 3.357135200000000000e+07 3.297381000000000000e+07 3.474742889404296875e+01 3.244590759277343750e+01 nan 3.348005800000000000e+07 2.174518315312802130e+01
5.109683871269226074e-01 3.454146385192871094e-01 1.869183849789121820e-09 3.373996800000000000e+07 3.314052000000000000e+07 3.419001388549804688e+01 3.192541313171386719e+01 nan 3.364838400000000000e+07 2.126920556703728593e+01
5.163528919219970703e-01 3.490545451641082764e-01 1.868498185335105332e-09 3.390738000000000000e+07 3.330599200000000000e+07 3.364696884155273438e+01 3.141833305358886719e+01 nan 3.381550000000000000e+07 2.080814934099314328e+01
5.217373967170715332e-01 3.526944816112518311e-01 1.867819876059786520e-09 3.407170400000000000e+07 3.346814000000000000e+07 3.311588668823242188e+01 3.092242622375488281e+01 nan 3.397948800000000000e+07 2.035911065513425555e+01
5.271219015121459961e-01 3.563344180583953857e-01 1.867148773833358248e-09 3.423228000000000000e+07 3.362618000000000000e+07 3.259573364257812500e+01 3.043672943115234375e+01 nan 3.413968000000000000e+07 1.992092402919408300e+01
5.325064063072204590e-01 3.599743247032165527e-01 1.866484735032350672e-09 3.438944800000000000e+07 3.378045600000000000e+07 3.208650588989257812e+01 2.996122741699218750e+01 nan 3.429641200000000000e+07 1.949362002807590954e+01
5.378909111022949219e-01 3.636142611503601074e-01 1.865827604301946768e-09 3.454353600000000000e+07 3.393136000000000000e+07 3.158815765380859375e+01 2.949589157104492188e+01 nan 3.445001200000000000e+07 1.907719539494178917e+01
5.432754158973693848e-01 3.672541677951812744e-01 1.865177252290424566e-09 3.469468000000000000e+07 3.407919200000000000e+07 3.110050201416015625e+01 2.904053306579589844e+01 nan 3.460065200000000000e+07 1.867144169269222687e+01
5.486599206924438477e-01 3.708941042423248291e-01 1.864533532427482462e-09 3.484374400000000000e+07 3.422496000000000000e+07 3.062397956848144531e+01 2.859557533264160156e+01 nan 3.474920800000000000e+07 1.827688466843289916e+01
5.540444254875183105e-01 3.745340406894683838e-01 1.863896318172137942e-09 3.499221200000000000e+07 3.437029200000000000e+07 3.015952301025390625e+01 2.816187858581542969e+01 nan 3.489719600000000000e+07 1.789463215748254399e+01
5.594289302825927734e-01 3.781739473342895508e-01 1.863265486641235488e-09 3.514101600000000000e+07 3.451621200000000000e+07 2.970750999450683594e+01 2.773981094360351562e+01 nan 3.504556000000000000e+07 1.752510918472982127e+01
5.648134350776672363e-01 3.818138837814331055e-01 1.862640903204479876e-09 3.528998800000000000e+07 3.466256400000000000e+07 2.926734542846679688e+01 2.732879829406738281e+01 nan 3.519412800000000000e+07 1.716758140722766868e+01
5.701979398727416992e-01 3.854538202285766602e-01 1.862022452330667509e-09 3.543857200000000000e+07 3.480876800000000000e+07 2.883814620971679688e+01 2.692803001403808594e+01 nan 3.534235600000000000e+07 1.682102431197151660e+01
5.755824446678161621e-01 3.890937268733978271e-01 1.861410021730888845e-09 3.558672400000000000e+07 3.495468400000000000e+07 2.841948318481445312e+01 2.653709411621093750e+01 nan 3.549016000000000000e+07 1.648494451151857376e+01
5.809668898582458496e-01 3.927336037158966064e-01 1.860803497296447543e-09 3.573441200000000000e+07 3.510018400000000000e+07 2.801095390319824219e+01 2.615562820434570312e+01 nan 3.563751600000000000e+07 1.615890179515026759e+01
5.863513946533203125e-01 3.963735401630401611e-01 1.860202753428811389e-09 3.588096800000000000e+07 3.524450400000000000e+07 2.761168670654296875e+01 2.578280448913574219e+01 nan 3.578372800000000000e+07 1.584187983997157723e+01
5.917358994483947754e-01 4.000134766101837158e-01 1.859607692406273365e-09 3.602539200000000000e+07 3.538658800000000000e+07 2.722062301635742188e+01 2.541764259338378906e+01 nan 3.592779600000000000e+07 1.553270288305166247e+01
5.971204042434692383e-01 4.036533832550048828e-01 1.859018214291441706e-09 3.616747200000000000e+07 3.552619200000000000e+07 2.683734893798828125e+01 2.505975532531738281e+01 nan 3.606949600000000000e+07 1.523092818493937450e+01
6.025049090385437012e-01 4.072933197021484375e-01 1.858434207544148841e-09 3.630776000000000000e+07 3.566389600000000000e+07 2.646204376220703125e+01 2.470930862426757812e+01 nan 3.620939200000000000e+07 1.493675943992721145e+01
6.078894138336181641e-01 4.109332561492919922e-01 1.857855577876460681e-09 3.644661200000000000e+07 3.580008800000000000e+07 2.609473037719726562e+01 2.436632156372070312e+01 nan 3.634784000000000000e+07 1.465023579618705796e+01
6.132739186286926270e-01 4.145731627941131592e-01 1.857282233477322155e-09 3.658393200000000000e+07 3.593472400000000000e+07 2.573508644104003906e+01 2.403049850463867188e+01 nan 3.648474800000000000e+07 1.437100999361794074e+01
6.186584234237670898e-01 4.182130992412567139e-01 1.856714071034082293e-09 3.671983200000000000e+07 3.606799600000000000e+07 2.538298416137695312e+01 2.370171928405761719e+01 nan 3.662024400000000000e+07 1.409891315949156265e+01
6.240429282188415527e-01 4.218530058860778809e-01 1.856151008397507339e-09 3.685499200000000000e+07 3.620061600000000000e+07 2.503865242004394531e+01 2.338019752502441406e+01 nan 3.675501600000000000e+07 1.383422129167800030e+01
6.294274330139160156e-01 4.254929423332214355e-01 1.855592947277603754e-09 3.698998800000000000e+07 3.633316800000000000e+07 2.470223808288574219e+01 2.306606483459472656e+01 nan 3.688963600000000000e+07 1.357707310306660453e+01
6.556535363197326660e-01 4.432217776775360107e-01 1.852943630635520644e-09 3.763739600000000000e+07 3.696970800000000000e+07 2.316410255432128906e+01 2.162980651855468750e+01 nan 3.753538800000000000e+07 1.241853440470294601e+01
8.039034605026245117e-01 5.434387326240539551e-01 1.839770603253567837e-09 4.089591200000000000e+07 4.017057200000000000e+07 1.674237823486328125e+01 1.563343143463134766e+01 nan 4.078509200000000000e+07 7.897759229469061282e+00
9.932619333267211914e-01 6.714450716972351074e-01 1.826201010048688587e-09 4.433854800000000000e+07 4.355238000000000000e+07 1.189047813415527344e+01 1.110290050506591797e+01 nan 4.421844000000000000e+07 4.885535731992308506e+00
1.227223634719848633e+00 8.296031951904296875e-01 1.812731498599941669e-09 4.783548800000000000e+07 4.698751200000000000e+07 8.403275489807128906e+00 7.846676826477050781e+00 nan 4.770593600000000000e+07 2.992642231321945623e+00
1.516294717788696289e+00 1.025015234947204590e+00 1.799361337301671755e-09 5.137960400000000000e+07 5.046898800000000000e+07 5.912478923797607422e+00 5.520860195159912109e+00 nan 5.124048800000000000e+07 1.816942360606815354e+00
1.873456120491027832e+00 1.266456365585327148e+00 1.786089789356977996e-09 5.496375600000000000e+07 5.398976000000000000e+07 4.143198490142822266e+00 3.868769168853759766e+00 nan 5.481495200000000000e+07 1.094252547712932566e+00
2.314746379852294922e+00 1.564768552780151367e+00 1.772916133006574509e-09 5.858249600000000000e+07 5.754448400000000000e+07 2.892728328704833984e+00 2.701124906539916992e+00 nan 5.842391600000000000e+07 6.541928551282958360e-01
2.859982252120971680e+00 1.933347940444946289e+00 1.759839636962373426e-09 6.223094800000000000e+07 6.112836000000000000e+07 2.012920618057250977e+00 1.879592061042785645e+00 nan 6.206250000000000000e+07 3.884973821047260634e-01
3.533647537231445312e+00 2.388745784759521484e+00 1.746859588797865175e-09 6.590475200000000000e+07 6.473708400000000000e+07 1.396424174308776855e+00 1.303929686546325684e+00 nan 6.572635600000000000e+07 2.293051595524333852e-01
4.365993976593017578e+00 2.951411962509155273e+00 1.733975279535418463e-09 6.960016000000000000e+07 6.836695200000000000e+07 9.660317897796630859e-01 9.020445346832275391e-01 nan 6.941175200000000000e+07 1.345879279581998211e-01
5.394398689270019531e+00 3.646613597869873047e+00 1.721185999058096773e-09 7.331420000000000000e+07 7.201498400000000000e+07 6.665762662887573242e-01 6.224237680435180664e-01 nan 7.311570400000000000e+07 7.858993985004357474e-02
6.665042877197265625e+00 4.505568981170654297e+00 1.708491050912268841e-09 7.704364000000000000e+07 7.567793600000000000e+07 4.588589072227478027e-01 4.284647405147552490e-01 nan 7.683499200000000000e+07 4.567404900793357869e-02
8.234986305236816406e+00 5.566850662231445312e+00 1.695889732548296616e-09 8.078644800000000000e+07 7.935372000000000000e+07 3.151823580265045166e-01 2.943045794963836670e-01 nan 8.056755200000000000e+07 2.642883998592793215e-02
1.017472743988037109e+01 6.878115653991699219e+00 1.683381361073609185e-09 8.454016800000000000e+07 8.303969600000000000e+07 2.160567194223403931e-01 2.017445862293243408e-01 nan 8.431092000000000000e+07 1.523114288535063442e-02
1.257137203216552734e+01 8.498247146606445312e+00 1.670965250288532184e-09 8.830267200000000000e+07 8.673348800000000000e+07 1.478292346000671387e-01 1.380361169576644897e-01 nan 8.806293600000000000e+07 8.744987736469856526e-03
1.553254413604736328e+01 1.050000000000000000e+01 1.658640709094829109e-09 9.207204800000000000e+07 9.043273600000000000e+07 1.009710505604743958e-01 9.428156912326812744e-02 nan 9.182159200000000000e+07 5.003480199769657667e-03
