# k/h [h/Mpc]            k [1/Mpc]              Primoridal             T_cdm(k)                 T_bar(k)                 T_phot(k)                T_massless neutrions(k)  T_massive neutrinos(k)   T_total(k)               Linear Pk [(Mpc/h)^3]  
1.049045658874092624e-05 7.091548468451946974e-06 2.727206404909961128e-09 1.000000000000000000e+00 1.000000000000000000e+00 1.000000000000000000e+00 1.000000000000000000e+00 nan 1.000000000000000000e+00 2.208756865131296721e+01
1.158353370556142181e-05 7.830468348402064294e-06 2.717761705682844603e-09 9.999997019767761230e-01 9.999997019767761230e-01 9.999253153800964355e-01 9.999233484268188477e-01 nan 9.999997019767761230e-01 2.430455546610793149e+01
1.279050593439023942e-05 8.646382411825470626e-06 2.708349706436794825e-09 9.999993443489074707e-01 9.999993443489074707e-01 9.998341202735900879e-01 9.998297095298767090e-01 nan 9.999993443489074707e-01 2.674406350200007410e+01
1.412324218108551577e-05 9.547311492497101426e-06 2.698970312856197758e-09 9.999989867210388184e-01 9.999989271163940430e-01 9.997230172157287598e-01 9.997156858444213867e-01 nan 9.999989867210388184e-01 2.942843265955892562e+01
1.559484553581569344e-05 1.054211588780162856e-05 2.689623392481895528e-09 9.999984502792358398e-01 9.999983906745910645e-01 9.995875358581542969e-01 9.995766878128051758e-01 nan 9.999984502792358398e-01 3.238222918714122756e+01
1.721978514979127795e-05 1.164057448477251455e-05 2.680308856040028027e-09 9.999978542327880859e-01 9.999977946281433105e-01 9.994224309921264648e-01 9.994072914123535156e-01 nan 9.999978542327880859e-01 3.563249678763790484e+01
1.901403993542771786e-05 1.285349117097212002e-05 2.671026563908324178e-09 9.999971389770507812e-01 9.999970793724060059e-01 9.992210865020751953e-01 9.992007017135620117e-01 nan 9.999971389770507812e-01 3.920898798678589259e+01
2.099525045196060091e-05 1.419278942194068804e-05 2.661776424936157355e-09 9.999961853027343750e-01 9.999961256980895996e-01 9.989758133888244629e-01 9.989488720893859863e-01 nan 9.999961853027343750e-01 4.314444045472246358e+01
2.318289807590190321e-05 1.567163963045459241e-05 2.652558315858844083e-09 9.999951720237731934e-01 9.999950528144836426e-01 9.986765980720520020e-01 9.986418485641479492e-01 nan 9.999951720237731934e-01 4.747489129475512470e+01
2.559849235694855452e-05 1.730458097881637514e-05 2.643372135990062650e-09 9.999938607215881348e-01 9.999936223030090332e-01 9.983120560646057129e-01 9.982677698135375977e-01 nan 9.999938607215881348e-01 5.223996529273409095e+01
2.826578383974265307e-05 1.910767059598583728e-05 2.634217767634683471e-09 9.999921917915344238e-01 9.999919533729553223e-01 9.978677630424499512e-01 9.978117346763610840e-01 nan 9.999921917915344238e-01 5.748326321710615616e+01
3.121100235148333013e-05 2.109863817167934030e-05 2.625095097817206075e-09 9.999902248382568359e-01 9.999899864196777344e-01 9.973262548446655273e-01 9.972559213638305664e-01 nan 9.999902248382568359e-01 6.325279948410953068e+01
3.446310074650682509e-05 2.329705603187903762e-05 2.616004033478672110e-09 9.999877810478210449e-01 9.999874830245971680e-01 9.966664314270019531e-01 9.965788125991821289e-01 nan 9.999877214431762695e-01 6.960135438591859725e+01
3.805406231549568474e-05 2.572454650362487882e-05 2.606944439452153756e-09 9.999848008155822754e-01 9.999845027923583984e-01 9.958625435829162598e-01 9.957537055015563965e-01 nan 9.999848008155822754e-01 7.658701196368335218e+01
4.201919000479392707e-05 2.840497290890198201e-05 2.597916226597658093e-09 9.999812245368957520e-01 9.999808669090270996e-01 9.948831796646118164e-01 9.947485923767089844e-01 nan 9.999811649322509766e-01 8.427369421836944241e+01
4.639747567125596106e-05 3.136469240416772664e-05 2.588919279439887767e-09 9.999768137931823730e-01 9.999763965606689453e-01 9.936903715133666992e-01 9.935244321823120117e-01 nan 9.999767541885375977e-01 9.273170865508308225e+01
5.123196388012729585e-05 3.463280881987884641e-05 2.579953483847589841e-09 9.999715685844421387e-01 9.999708533287048340e-01 9.922377467155456543e-01 9.920338392257690430e-01 nan 9.999714493751525879e-01 1.020384116796871439e+02
5.657019573845900595e-05 3.824145096587017179e-05 2.571018745591721348e-09 9.999650716781616211e-01 9.999641776084899902e-01 9.904694557189941406e-01 9.902189970016479492e-01 nan 9.999649524688720703e-01 1.122788852591924922e+02
6.246465636650100350e-05 4.222610732540488243e-05 2.562114941593048984e-09 9.999570846557617188e-01 9.999561309814453125e-01 9.883174896240234375e-01 9.880108237266540527e-01 nan 9.999569654464721680e-01 1.235467163131247617e+02
6.897329876665025949e-05 4.662595165427774191e-05 2.553241977543412439e-09 9.999474883079528809e-01 9.999462366104125977e-01 9.856995344161987305e-01 9.853244423866271973e-01 nan 9.999472498893737793e-01 1.359448787633448887e+02
7.616012590005993843e-05 5.148424679646268487e-05 2.544399743325443185e-09 9.999356865882873535e-01 9.999343156814575195e-01 9.825165271759033203e-01 9.820584654808044434e-01 nan 9.999353885650634766e-01 1.495865830928018454e+02
8.409580186707898974e-05 5.684876305167563260e-05 2.535588130685252624e-09 9.999213218688964844e-01 9.999195337295532227e-01 9.786488413810729980e-01 9.780901670455932617e-01 nan 9.999210834503173828e-01 1.645963429773175335e+02
9.285835403716191649e-05 6.277224747464060783e-05 2.526807033334104165e-09 9.999038577079772949e-01 9.999017119407653809e-01 9.739527702331542969e-01 9.732719659805297852e-01 nan 9.999035000801086426e-01 1.811110877294879913e+02
1.025339443003758788e-04 6.931294774403795600e-05 2.518056339675267213e-09 9.998825192451477051e-01 9.998798966407775879e-01 9.682558178901672363e-01 9.674276113510131836e-01 nan 9.998821616172790527e-01 1.992813084538649377e+02
1.132176985265687108e-04 7.653516513528302312e-05 2.509335958204897443e-09 9.998564720153808594e-01 9.998534321784973145e-01 9.613526463508605957e-01 9.603464007377624512e-01 nan 9.998560547828674316e-01 2.192724062508966938e+02
1.250146742677316070e-04 8.450992027064785361e-05 2.500645773867358897e-09 9.998249411582946777e-01 9.998211264610290527e-01 9.529989361763000488e-01 9.517782926559448242e-01 nan 9.998243451118469238e-01 2.412662559777462832e+02
1.380408502882346511e-04 9.331561159342527390e-05 2.491985695624705562e-09 9.997864365577697754e-01 9.997817873954772949e-01 9.429067969322204590e-01 9.414288401603698730e-01 nan 9.997857809066772461e-01 2.654624840314587573e+02
1.524243270978331566e-04 1.030388448270969093e-04 2.483355596498544299e-09 9.997395873069763184e-01 9.997339248657226562e-01 9.307393431663513184e-01 9.289531707763671875e-01 nan 9.997387528419494629e-01 2.920804368294928395e+02
1.683065347606316209e-04 1.137752187787555158e-04 2.474755379885282393e-09 9.996824860572814941e-01 9.996756911277770996e-01 9.161057472229003906e-01 9.139523506164550781e-01 nan 9.996814727783203125e-01 3.213608555026668796e+02
1.858436153270304203e-04 1.256302784895524383e-04 2.466184957973141175e-09 9.996132254600524902e-01 9.996048808097839355e-01 8.985598087310791016e-01 8.959709405899047852e-01 nan 9.996119737625122070e-01 3.535678941085990346e+02
2.052080089924857020e-04 1.387206139042973518e-04 2.457644209414643305e-09 9.995288252830505371e-01 9.995189309120178223e-01 8.775998353958129883e-01 8.744980096817016602e-01 nan 9.995273947715759277e-01 3.889909463694029910e+02
2.265901130158454180e-04 1.531749148853123188e-04 2.449133045395065615e-09 9.994264841079711914e-01 9.994142651557922363e-01 8.526753187179565430e-01 8.489739894866943359e-01 nan 9.994245767593383789e-01 4.279475675637675067e+02
2.502001880202442408e-04 1.691353245405480266e-04 2.440651351248999153e-09 9.993020892143249512e-01 9.992874264717102051e-01 8.232013583183288574e-01 8.188066482543945312e-01 nan 9.992999434471130371e-01 4.707848845203930068e+02
2.762703516054898500e-04 1.867587561719119549e-04 2.432199034655000626e-09 9.991512894630432129e-01 9.991335272789001465e-01 7.885860800743103027e-01 7.833994030952453613e-01 nan 9.991486072540283203e-01 5.178827131401396855e+02
3.050569503102451563e-04 2.062184939859434962e-04 2.423775992290330563e-09 9.989685416221618652e-01 9.989471435546875000e-01 7.482744455337524414e-01 7.421982288360595703e-01 nan 9.989652633666992188e-01 5.696558450814216030e+02
3.368430479895323515e-04 2.277058956678956747e-04 2.415382114947829304e-09 9.987474083900451660e-01 9.987217783927917480e-01 7.018159031867980957e-01 6.947615742683410645e-01 nan 9.987435340881347656e-01 6.265565571272477428e+02
3.719411906786262989e-04 2.514322404749691486e-04 2.407017301830847028e-09 9.984804391860961914e-01 9.984496235847473145e-01 6.489589214324951172e-01 6.408593058586120605e-01 nan 9.984756708145141602e-01 6.890775481709473524e+02
4.106964333914220333e-04 2.776307810563594103e-04 2.398681465071051552e-09 9.981583356857299805e-01 9.981215000152587891e-01 5.897767543792724609e-01 5.806027650833129883e-01 nan 9.981527328491210938e-01 7.577534005974263209e+02
4.534898616839200258e-04 3.065591445192694664e-04 2.390374494355455649e-09 9.977707862854003906e-01 9.977270960807800293e-01 5.248209834098815918e-01 5.146032571792602539e-01 nan 9.977640509605407715e-01 8.331642208877590292e+02
5.007422878406941891e-04 3.385017917025834322e-04 2.382096284987275655e-09 9.973056912422180176e-01 9.972540736198425293e-01 4.552882909774780273e-01 4.441419541835784912e-01 nan 9.972977638244628906e-01 9.159371510980174662e+02
5.529182380996644497e-04 3.737727238330990076e-04 2.373846756225058361e-09 9.967491626739501953e-01 9.966885447502136230e-01 3.831672072410583496e-01 3.713171184062957764e-01 nan 9.967399239540100098e-01 1.006748236519783859e+03
6.105307838879525661e-04 4.127188003621995449e-04 2.365625794166928840e-09 9.960854053497314453e-01 9.960148334503173828e-01 3.113048672676086426e-01 2.991046309471130371e-01 nan 9.960744976997375488e-01 1.106323847143678677e+03
6.741464603692293167e-04 4.557229985948652029e-04 2.357433293568910220e-09 9.952967762947082520e-01 9.952152967453002930e-01 2.433044016361236572e-01 2.312388271093368530e-01 nan 9.952842593193054199e-01 1.215442350784525843e+03
7.443906506523489952e-04 5.032080807723104954e-04 2.349269171114912410e-09 9.943636655807495117e-01 9.942705631256103516e-01 1.831462234258651733e-01 1.718036532402038574e-01 nan 9.943494796752929688e-01 1.334933628933303680e+03
8.219541050493717194e-04 5.556409596465528011e-04 2.341133324843220307e-09 9.932645559310913086e-01 9.931594729423522949e-01 1.344520449638366699e-01 1.244544982910156250e-01 nan 9.932485222816467285e-01 1.465679726269058165e+03
9.075994603335857391e-04 6.135372095741331577e-04 2.333025652639057309e-09 9.919758439064025879e-01 9.918590784072875977e-01 9.942596405744552612e-02 9.131313115358352661e-02 nan 9.919580221176147461e-01 1.608612540310124132e+03
1.002168864943087101e-03 6.774661596864461899e-04 2.324946049885245546e-09 9.904721379280090332e-01 9.903442859649658203e-01 7.774639129638671875e-02 7.183279097080230713e-02 nan 9.904525876045227051e-01 1.764712032880955121e+03
1.106592128053307533e-03 7.480562780983746052e-04 2.316894434325377400e-09 9.887253642082214355e-01 9.885876774787902832e-01 6.601186096668243408e-02 6.226816028356552124e-02 nan 9.887042641639709473e-01 1.934998562109266913e+03
1.221895916387438774e-03 8.260016329586505890e-04 2.308870708568745277e-09 9.867047071456909180e-01 9.865591526031494141e-01 5.854051932692527771e-02 5.657453835010528564e-02 nan 9.866825938224792480e-01 2.120526840024282137e+03
1.349214115180075169e-03 9.120687609538435936e-04 2.300874762407135126e-09 9.843763709068298340e-01 9.842251539230346680e-01 4.993234947323799133e-02 4.912408441305160522e-02 nan 9.843532443046569824e-01 2.322371650551752737e+03
1.489798538386821747e-03 1.007103826850652695e-03 2.292906509188567727e-09 9.817022085189819336e-01 9.815474748611450195e-01 3.841435536742210388e-02 3.816126286983489990e-02 nan 9.816786050796508789e-01 2.541610166645863046e+03
1.645031501539051533e-03 1.112041296437382698e-03 2.284965850418265676e-09 9.786402583122253418e-01 9.784837961196899414e-01 2.712918259203433990e-02 2.703150734305381775e-02 nan 9.786163568496704102e-01 2.779301199320099840e+03
1.816439209505915642e-03 1.227912958711385727e-03 2.277052691606405739e-09 9.751448631286621094e-01 9.749872684478759766e-01 2.064356394112110138e-02 2.047573216259479523e-02 nan 9.751207828521728516e-01 3.036461340122578804e+03
2.005707239732146263e-03 1.355858054012060165e-03 2.269166941709029953e-09 9.711664319038391113e-01 9.710069894790649414e-01 1.883359439671039581e-02 1.380906254053115845e-02 nan 9.711420536041259766e-01 3.314032732385907366e+03
2.214696491137146950e-03 1.497134799137711525e-03 2.261308494449764354e-09 9.666520357131958008e-01 9.664885401725769043e-01 1.651022024452686310e-02 1.127391960471868515e-02 nan 9.666270613670349121e-01 3.612849637299196729e+03
2.445461694151163101e-03 1.653132145293056965e-03 2.253477264686429142e-09 9.615448117256164551e-01 9.613738059997558594e-01 1.183496695011854172e-02 9.198265150189399719e-03 nan 9.615186452865600586e-01 3.933585666059046162e+03
2.700272016227245331e-03 1.825383864343166351e-03 2.245673160886940457e-09 9.557848572731018066e-01 9.556028842926025391e-01 9.112505242228507996e-03 7.499339058995246887e-03 nan 9.557570815086364746e-01 4.276710336378944703e+03
2.981632947921752930e-03 2.015583915635943413e-03 2.237896076485985185e-09 9.493091106414794922e-01 9.491134285926818848e-01 8.198915049433708191e-03 6.109304726123809814e-03 nan 9.492792487144470215e-01 4.642425500890291914e+03
3.292310982942581177e-03 2.225602278485894203e-03 2.230145925871712440e-09 9.420523643493652344e-01 9.418413043022155762e-01 5.898068659007549286e-03 4.972547292709350586e-03 nan 9.420201778411865234e-01 5.030599346869038527e+03
3.635360859334468842e-03 2.457503927871584892e-03 2.222422616889744185e-09 9.339466094970703125e-01 9.337187409400939941e-01 5.253128707408905029e-03 4.043358378112316132e-03 nan 9.339118599891662598e-01 5.440687537864560909e+03
4.014155361801385880e-03 2.713568974286317825e-03 2.214726058195065524e-09 9.249222278594970703e-01 9.246743917465209961e-01 4.162665456533432007e-03 3.284277394413948059e-03 nan 9.248843193054199219e-01 5.871649512248654901e+03
4.432419314980506897e-03 2.996315481141209602e-03 2.207056148657132701e-09 9.149078130722045898e-01 9.146347641944885254e-01 3.137753810733556747e-03 2.664553700014948845e-03 nan 9.148660898208618164e-01 6.321852898417096185e+03
4.894265439361333847e-03 3.308523446321487427e-03 2.199412800139309644e-09 9.038313627243041992e-01 9.035267829895019531e-01 2.423433586955070496e-03 2.158961491659283638e-03 nan 9.037848114967346191e-01 6.788981436914619735e+03
5.404234398156404495e-03 3.653262509033083916e-03 2.191795924301313793e-09 8.916206359863281250e-01 8.912787437438964844e-01 2.128866035491228104e-03 1.746811554767191410e-03 nan 8.915684223175048828e-01 7.269926534665166400e+03
5.967340432107448578e-03 4.033922217786312103e-03 2.184205430909534259e-09 8.782029747962951660e-01 8.778170943260192871e-01 1.490061753429472446e-03 1.411133795045316219e-03 nan 8.781440854072570801e-01 7.760676758167463049e+03
6.589121185243129730e-03 4.454245790839195251e-03 2.176641221197925960e-09 8.635058403015136719e-01 8.630663752555847168e-01 1.255628885701298714e-03 1.138003892265260220e-03 nan 8.634386658668518066e-01 8.256203907141803938e+03
7.275689393281936646e-03 4.918366204947233200e-03 2.169103203027300791e-09 8.474570512771606445e-01 8.469534516334533691e-01 1.169927651062607765e-03 9.160084882751107216e-04 nan 8.473801612854003906e-01 8.750346683770574600e+03
8.033796213567256927e-03 5.430846009403467178e-03 2.161591299930936394e-09 8.299853205680847168e-01 8.294057250022888184e-01 8.429981535300612450e-04 7.357901777140796185e-04 nan 8.298967480659484863e-01 9.235718951954730073e+03
8.870895951986312866e-03 5.996725521981716156e-03 2.154105401952956366e-09 8.110185265541076660e-01 8.103483319282531738e-01 7.042299257591366768e-04 5.896766670048236847e-04 nan 8.109161257743835449e-01 9.703568817609682810e+03
9.795218706130981445e-03 6.621567998081445694e-03 2.146645430474833453e-09 7.904875278472900391e-01 7.897107601165771484e-01 5.295593873597681522e-04 4.713845846708863974e-04 nan 7.903688549995422363e-01 1.014378508395189237e+04
1.081585418432950974e-02 7.311517372727394104e-03 2.139211293795359687e-09 7.683233022689819336e-01 7.674208879470825195e-01 4.000439948868006468e-04 3.757670638151466846e-04 nan 7.681854367256164551e-01 1.054479211088877310e+04
1.194283645600080490e-02 8.073357865214347839e-03 2.131802900090153706e-09 7.444599270820617676e-01 7.434115409851074219e-01 3.544657083693891764e-04 2.986119361594319344e-04 nan 7.442997694015502930e-01 1.089363252144514263e+04
1.318724639713764191e-02 8.914578706026077271e-03 2.124420174276236449e-09 7.188385128974914551e-01 7.176212668418884277e-01 2.607363276183605194e-04 2.364745887462049723e-04 nan 7.186525464057922363e-01 1.117616298224819548e+04
1.456132158637046814e-02 9.843453764915466309e-03 2.117063005254935590e-09 6.914105415344238281e-01 6.900005340576171875e-01 1.998869265662506223e-04 1.865399826783686876e-04 nan 6.911951303482055664e-01 1.137737408979139036e+04
1.607857085764408112e-02 1.086911372840404510e-02 2.109731324472420402e-09 6.621474027633666992e-01 6.605203747749328613e-01 1.776780118234455585e-04 1.465103123337030411e-04 nan 6.618988513946533203e-01 1.148205126355481116e+04
1.775391399860382080e-02 1.200164575129747391e-02 2.102425026951150955e-09 6.310523152351379395e-01 6.291853189468383789e-01 1.388286764267832041e-04 1.145118367276154459e-04 nan 6.307671070098876953e-01 1.147574390086483254e+04
1.960382424294948578e-02 1.325218472629785538e-02 2.095144031049849183e-09 5.981779694557189941e-01 5.960519313812255859e-01 9.503577166469767690e-05 8.901849651010707021e-05 nan 5.978531837463378906e-01 1.134621553556370236e+04
2.164648845791816711e-02 1.463302597403526306e-02 2.087888252770266929e-09 5.636506080627441406e-01 5.612536668777465820e-01 7.686873141210526228e-05 6.878872954985126853e-05 nan 5.632843971252441406e-01 1.108536920070613814e+04
2.390199340879917145e-02 1.615774817764759064e-02 2.080657597354892904e-09 5.276990532875061035e-01 5.250310301780700684e-01 5.554368908633477986e-05 5.281333505990915000e-05 nan 5.272914171218872070e-01 1.069160359890303334e+04
2.639251388609409332e-02 1.784133911132812500e-02 2.073451995948668221e-09 4.906871020793914795e-01 4.877652227878570557e-01 4.688601984526030719e-05 4.027218528790399432e-05 nan 4.902406930923461914e-01 1.017230808960439572e+04
2.914254181087017059e-02 1.970035769045352936e-02 2.066271340052806293e-09 4.531441032886505127e-01 4.500086307525634766e-01 3.323665441712364554e-05 3.049830229429062456e-05 nan 4.526650607585906982e-01 9.546034209919307614e+03
3.217911347746849060e-02 2.175308018922805786e-02 2.059115554147728899e-09 4.157811105251312256e-01 4.125009775161743164e-01 2.537512773415073752e-05 2.294788100698497146e-05 nan 4.152799546718597412e-01 8.843410896249053621e+03
3.553209081292152405e-02 2.401969395577907562e-02 2.051984539888671147e-09 3.794767856597900391e-01 3.761526346206665039e-01 1.967136631719768047e-05 1.717548002488911152e-05 nan 3.789689242839813232e-01 8.105891576235853790e+03
3.923443704843521118e-02 2.652247995138168335e-02 2.044878229365854235e-09 3.452106118202209473e-01 3.419724702835083008e-01 1.326337769569363445e-05 1.281361801375169307e-05 nan 3.447158932685852051e-01 7.381398292782035242e+03
4.332255572080612183e-02 2.928604744374752045e-02 2.037796533657790378e-09 3.139209747314453125e-01 3.109171390533447266e-01 1.012298434943659231e-05 9.556590157444588840e-06 nan 3.134620785713195801e-01 6.716624555142812824e+03
4.765481501817703247e-02 3.221465647220611572e-02 2.031010053452367756e-09 2.871930003166198730e-01 2.845505774021148682e-01 7.398919478873722255e-06 7.226018169603776187e-06 nan 2.867892980575561523e-01 6.163140675080499022e+03
5.198707059025764465e-02 3.514325991272926331e-02 2.024834231214258902e-09 2.660496234893798828e-01 2.638258635997772217e-01 5.760251951869577169e-06 5.625643552775727585e-06 nan 2.657098770141601562e-01 5.752354276781989029e+03
5.631932616233825684e-02 3.807186335325241089e-02 2.019169610001785353e-09 2.487730234861373901e-01 2.469646483659744263e-01 4.590252956404583529e-06 4.482984877540729940e-06 nan 2.484967261552810669e-01 5.433407993012810039e+03
6.065158173441886902e-02 4.100047051906585693e-02 2.013939112582009273e-09 2.341526895761489868e-01 2.327056825160980225e-01 3.725986971403472126e-06 3.638915131887188181e-06 nan 2.339316159486770630e-01 5.170378079229571995e+03
6.498383730649948120e-02 4.392907395958900452e-02 2.009081821590703985e-09 2.210570871829986572e-01 2.198831588029861450e-01 3.064658585572033189e-06 2.993040652654599398e-06 nan 2.208777368068695068e-01 4.925466148109167079e+03
6.931609660387039185e-02 4.685768112540245056e-02 2.004548729015451583e-09 2.086583077907562256e-01 2.076540142297744751e-01 2.542675474614952691e-06 2.483255684637697414e-06 nan 2.085048705339431763e-01 4.670437724534176596e+03
7.364834845066070557e-02 4.978628456592559814e-02 2.000299865353250301e-09 1.964723020792007446e-01 1.955377608537673950e-01 2.120811359418439679e-06 2.071250037261052057e-06 nan 1.963295340538024902e-01 4.390321494074612019e+03
7.798060774803161621e-02 5.271489173173904419e-02 1.996302173696350216e-09 1.843715310096740723e-01 1.834256947040557861e-01 1.775087980604439508e-06 1.733606040943413973e-06 nan 1.842270344495773315e-01 4.085414574011403147e+03
8.231285959482192993e-02 5.564349144697189331e-02 1.992528044667567094e-09 1.724936962127685547e-01 1.714843362569808960e-01 1.490337808718322776e-06 1.455510300729656592e-06 nan 1.723394691944122314e-01 3.767507163029279127e+03
8.664511889219284058e-02 5.857209861278533936e-02 1.988954134422163219e-09 1.611086726188659668e-01 1.600159108638763428e-01 1.256060500054445583e-06 1.226708036483614706e-06 nan 1.609417200088500977e-01 3.453362945972837679e+03
9.097737073898315430e-02 6.150070205330848694e-02 1.985560585482697045e-09 1.504992395639419556e-01 1.493329107761383057e-01 1.064089133251400199e-06 1.039223093357577454e-06 nan 1.503210514783859253e-01 3.158789461011341245e+03
9.636187553405761719e-02 6.514062732458114624e-02 1.981568674123380254e-09 1.387756168842315674e-01 1.375647038221359253e-01 8.744673891669663135e-07 8.540324074601812754e-07 nan 1.385906189680099487e-01 2.839070970566121559e+03
1.017463728785514832e-01 6.878054887056350708e-02 1.977801256732118934e-09 1.289984732866287231e-01 1.278141140937805176e-01 7.290473149623721838e-07 7.120106602087616920e-07 nan 1.288175433874130249e-01 2.585272011398387349e+03
1.071308776736259460e-01 7.242047041654586792e-02 1.974234781265857972e-09 1.212172210216522217e-01 1.201277375221252441e-01 6.179576530485064723e-07 6.035169803908502217e-07 nan 1.210507601499557495e-01 2.399261545367749932e+03
1.125153750181198120e-01 7.606039196252822876e-02 1.970849203820953451e-09 1.150948479771614075e-01 1.141464859247207642e-01 5.319982960827474017e-07 5.195662993173755240e-07 nan 1.149499565362930298e-01 2.267840741839138445e+03
1.178998723626136780e-01 7.970031350851058960e-02 1.967627323526894450e-09 1.100656762719154358e-01 1.092726290225982666e-01 4.634233619071892463e-07 4.525937811195035465e-07 nan 1.099445074796676636e-01 2.169679095112061077e+03
1.232843771576881409e-01 8.334024250507354736e-02 1.964554264128985100e-09 1.055683568120002747e-01 1.049131900072097778e-01 4.065763334892835701e-07 3.970750981352466624e-07 nan 1.054682657122612000e-01 2.083891634186297324e+03
1.286688745021820068e-01 8.698015660047531128e-02 1.961617102724775952e-09 1.011671572923660278e-01 1.006096675992012024e-01 3.577391964881826425e-07 3.493792348763236078e-07 nan 1.010819822549819946e-01 1.994354447378267196e+03
1.340533792972564697e-01 9.062008559703826904e-02 1.958804483640675406e-09 9.659422188997268677e-02 9.608490020036697388e-02 3.146923290842096321e-07 3.073382970342208864e-07 nan 9.651640802621841431e-02 1.891501277348819713e+03
1.394378840923309326e-01 9.426000714302062988e-02 1.956106446915437174e-09 9.178093075752258301e-02 9.127467870712280273e-02 2.763525230875529815e-07 2.698944854273577221e-07 nan 9.170358628034591675e-02 1.773836904235841985e+03
1.448223739862442017e-01 9.789992123842239380e-02 1.953514161287429418e-09 8.684027194976806641e-02 8.630679547786712646e-02 2.423689409170037834e-07 2.367050626617128728e-07 nan 8.675877749919891357e-02 1.647138556999448610e+03
1.502068787813186646e-01 1.015398502349853516e-01 1.951019758654691563e-09 8.198687434196472168e-02 8.141548931598663330e-02 2.126827922666052473e-07 2.077126595168010681e-07 nan 8.189958333969116211e-02 1.520812651551416593e+03
1.555913835763931274e-01 1.051797717809677124e-01 1.948616241255242070e-09 7.745727151632308960e-02 7.685595750808715820e-02 1.872413690762186889e-07 1.828658042768438463e-07 nan 7.736539840698242188e-02 1.404338308277092892e+03
1.609758734703063965e-01 1.088196933269500732e-01 1.946297314463125787e-09 7.345277816057205200e-02 7.284259051084518433e-02 1.658664814385701902e-07 1.619904281824346981e-07 nan 7.335955649614334106e-02 1.305034407182560471e+03
1.663603782653808594e-01 1.124596148729324341e-01 1.944057316713681798e-09 7.007945328950881958e-02 6.948647648096084595e-02 1.481672597947181202e-07 1.447047992542138672e-07 nan 6.998885422945022583e-02 1.226241138258829324e+03
1.717448830604553223e-01 1.160995438694953918e-01 1.941891129256332855e-09 6.730882078409194946e-02 6.675621867179870605e-02 1.335316426320787286e-07 1.304112231537146727e-07 nan 6.722439825534820557e-02 1.166509218722431115e+03
1.771293878555297852e-01 1.197394654154777527e-01 1.939794125595426991e-09 6.500472873449325562e-02 6.450683623552322388e-02 1.212504514569445746e-07 1.184170059786993079e-07 nan 6.492866575717926025e-02 1.120912425037086905e+03
1.825138777494430542e-01 1.233793795108795166e-01 1.937762091126241291e-09 6.298945844173431396e-02 6.254923343658447266e-02 1.106735894040866697e-07 1.080872991110481962e-07 nan 6.292220205068588257e-02 1.083347124492226385e+03
1.878983825445175171e-01 1.270193010568618774e-01 1.935791175107242678e-09 6.109055131673812866e-02 6.070033088326454163e-02 1.012835681990509329e-07 9.891669350281517836e-08 nan 6.103093177080154419e-02 1.048009373770922821e+03
1.932828873395919800e-01 1.306592375040054321e-01 1.933877861004656685e-09 5.916651710867881775e-02 5.881139636039733887e-02 9.271023770907049766e-08 9.054370053718230338e-08 nan 5.911226198077201843e-02 1.010206115669016754e+03
1.986673772335052490e-01 1.342991441488265991e-01 1.932018951816384183e-09 5.713635310530662537e-02 5.679887905716896057e-02 8.474310675410379190e-08 8.276276020069417427e-08 nan 5.708479136228561401e-02 9.673830874394730017e+02
2.040518820285797119e-01 1.379390656948089600e-01 1.930211465507478933e-09 5.499818548560142517e-02 5.466296523809432983e-02 7.732115392400373821e-08 7.551425795782051864e-08 nan 5.494697019457817078e-02 9.197667582551857777e+02
2.094363868236541748e-01 1.415790021419525146e-01 1.928452677645768952e-09 5.281236767768859863e-02 5.246942490339279175e-02 7.047478334243351128e-08 6.882788028406139347e-08 nan 5.275997146964073181e-02 8.696968194312920559e+02
2.148208767175674438e-01 1.452189087867736816e-01 1.926740094380007882e-09 5.066573619842529297e-02 5.031196400523185730e-02 6.425820231470424915e-08 6.275657682408564142e-08 nan 5.061168596148490906e-02 8.202832866600074340e+02
2.202053815126419067e-01 1.488588303327560425e-01 1.925071368159055733e-09 4.864504188299179077e-02 4.828365892171859741e-02 5.871079977737281297e-08 5.733880925617995672e-08 nan 4.858983308076858521e-02 7.744394263230908564e+02
2.255898863077163696e-01 1.524987667798995972e-01 1.923444343781293656e-09 4.681841656565666199e-02 4.645697772502899170e-02 5.383838086459036276e-08 5.258025126408938377e-08 nan 4.676319286227226257e-02 7.342909643819460825e+02
2.309743911027908325e-01 1.561386883258819580e-01 1.921857033120720865e-09 4.521734640002250671e-02 4.486500844359397888e-02 4.960061161796147644e-08 4.844151391125706141e-08 nan 4.516351595520973206e-02 7.006974780844958559e+02
2.363588809967041016e-01 1.597786098718643188e-01 1.920307567935778733e-09 4.383032023906707764e-02 4.349511116743087769e-02 4.591461433278709592e-08 4.484165572193887783e-08 nan 4.377910867333412170e-02 6.731743163236644705e+02
2.417433857917785645e-01 1.634185314178466797e-01 1.918794213956308179e-09 4.261443018913269043e-02 4.230130091309547424e-02 4.267654674094956135e-08 4.167925382603243634e-08 nan 4.256658628582954407e-02 6.503271376856515644e+02
2.471278905868530273e-01 1.670584529638290405e-01 1.917315352832477265e-09 4.151120409369468689e-02 4.122119024395942688e-02 3.978227880452323006e-08 3.885261889990943018e-08 nan 4.146689176559448242e-02 6.303496173103565070e+02
2.525123953819274902e-01 1.706983745098114014e-01 1.915869472055197894e-09 4.045754671096801758e-02 4.018798843026161194e-02 3.713856955300798290e-08 3.627069133926852373e-08 nan 4.041636362671852112e-02 6.113405391150959076e+02
2.578969001770019531e-01 1.743383109569549561e-01 1.914455150219987163e-09 3.939919546246528625e-02 3.914493694901466370e-02 3.467377851507080777e-08 3.386348979006470472e-08 nan 3.936035558581352234e-02 5.917000206226513228e+02
2.632813751697540283e-01 1.779782027006149292e-01 1.913071083197014340e-09 3.830771520733833313e-02 3.806263953447341919e-02 3.234862333556520753e-08 3.159267336627635814e-08 nan 3.827027603983879089e-02 5.706361731013090548e+02
2.686658799648284912e-01 1.816181391477584839e-01 1.911715991580206360e-09 3.718595951795578003e-02 3.694460168480873108e-02 3.015482974433325580e-08 2.945015076250001584e-08 nan 3.714908286929130554e-02 5.483140340193892825e+02
2.740503847599029541e-01 1.852580606937408447e-01 1.910388727493893778e-09 3.605639934539794922e-02 3.581511974334716797e-02 2.810023325139354711e-08 2.744356741857245652e-08 nan 3.601953759789466858e-02 5.254753573671240474e+02
2.794348895549774170e-01 1.888979822397232056e-01 1.909088184011114833e-09 3.494691103696823120e-02 3.470437973737716675e-02 2.619498395972641447e-08 2.558284073472805176e-08 nan 3.490985929965972900e-02 5.029904450468320647e+02
2.848193943500518799e-01 1.925379037857055664e-01 1.907813323590368924e-09 3.388544172048568726e-02 3.364251926541328430e-02 2.444715185845325323e-08 2.387585418262005987e-08 nan 3.384833037853240967e-02 4.816895437135646034e+02
2.902038991451263428e-01 1.961778402328491211e-01 1.906563162582237113e-09 3.289737552404403687e-02 3.265647962689399719e-02 2.286114764160629420e-08 2.232691365122718707e-08 nan 3.286057338118553162e-02 4.622878266628843562e+02
2.955884039402008057e-01 1.998177617788314819e-01 1.905336787226579552e-09 3.199778497219085693e-02 3.176197409629821777e-02 2.143310773305984185e-08 2.093224260590886843e-08 nan 3.196175768971443176e-02 4.451788123472228449e+02
3.009728789329528809e-01 2.034576684236526489e-01 1.904133323856378078e-09 3.118447586894035339e-02 3.095651976764202118e-02 2.014781941284127242e-08 1.967699247984455724e-08 nan 3.114964626729488373e-02 4.302661141117962984e+02
3.063573837280273438e-01 2.070975899696350098e-01 1.902951936232507350e-09 3.044088371098041534e-02 3.022257983684539795e-02 1.898256662968833552e-08 1.853896769432594738e-08 nan 3.040753304958343506e-02 4.170673530704651739e+02
3.117418885231018066e-01 2.107375115156173706e-01 1.901791846628511990e-09 2.974544279277324677e-02 2.953727170825004578e-02 1.791418036134473368e-08 1.749554989771695546e-08 nan 2.971364185214042664e-02 4.049808775935194376e+02
3.171263933181762695e-01 2.143774479627609253e-01 1.900652308391623192e-09 2.907794900238513947e-02 2.887911722064018250e-02 1.692299989031198493e-08 1.652753134351314657e-08 nan 2.904757112264633179e-02 3.934577481901015972e+02
3.225108981132507324e-01 2.180173695087432861e-01 1.899532626729035332e-09 2.842121198773384094e-02 2.823001705110073090e-02 1.599337196012129425e-08 1.561962648111148155e-08 nan 2.839200198650360107e-02 3.820426446378432388e+02
3.278954029083251953e-01 2.216572910547256470e-01 1.898432128189829179e-09 2.776318415999412537e-02 2.757751941680908203e-02 1.511428671108205890e-08 1.476108568709832980e-08 nan 2.773481979966163635e-02 3.704285820047233528e+02
3.332799077033996582e-01 2.252972126007080078e-01 1.897350177081271127e-09 2.710059285163879395e-02 2.691848389804363251e-02 1.428062379460470765e-08 1.394690407607868110e-08 nan 2.707276865839958191e-02 3.585499692819766437e+02
3.386643826961517334e-01 2.289371192455291748e-01 1.896286172945125672e-09 2.643952518701553345e-02 2.625955455005168915e-02 1.349257772176315484e-08 1.317727349459119068e-08 nan 2.641203068196773529e-02 3.465901705471136438e+02
3.440488874912261963e-01 2.325770407915115356e-01 1.895239531240720810e-09 2.579103782773017883e-02 2.561254426836967468e-02 1.275265582023621391e-08 1.245464353871739149e-08 nan 2.576376870274543762e-02 3.348554576458047904e+02
3.494333922863006592e-01 2.362169772386550903e-01 1.894209703480833635e-09 2.516563422977924347e-02 2.498871460556983948e-02 1.206266819764323373e-08 1.178077813079880798e-08 nan 2.513860724866390228e-02 3.236262248066906864e+02
3.548178970813751221e-01 2.398568987846374512e-01 1.893196174858241155e-09 2.457084879279136658e-02 2.439618110656738281e-02 1.142267436193833419e-08 1.115574210786007825e-08 nan 2.454416267573833466e-02 3.130956044583250559e+02
3.602024018764495850e-01 2.434968203306198120e-01 1.892198441798694543e-09 2.401111833751201630e-02 2.383965440094470978e-02 1.083117595612748119e-08 1.057806553461659860e-08 nan 2.398492395877838135e-02 3.033706873693334956e+02
3.655869066715240479e-01 2.471367418766021729e-01 1.891216027459402332e-09 2.348721958696842194e-02 2.331988513469696045e-02 1.028508744838063649e-08 1.004473926258242500e-08 nan 2.346165291965007782e-02 2.944628437012378868e+02
3.709714114665985107e-01 2.507766783237457275e-01 1.890248472221847833e-09 2.299538627266883850e-02 2.283282577991485596e-02 9.779608234339320916e-09 9.551072821523121092e-09 nan 2.297054789960384369e-02 2.862702820682803235e+02
3.763558864593505859e-01 2.544165849685668945e-01 1.889295352117686434e-09 2.252833172678947449e-02 2.237077243626117706e-02 9.308907422678203147e-09 9.091368546876310575e-09 nan 2.250425703823566437e-02 2.786070958114520977e+02
3.817403912544250488e-01 2.580564916133880615e-01 1.888356242191734645e-09 2.207817137241363525e-02 2.192540839314460754e-02 8.867461431805168104e-09 8.660240524704931886e-09 nan 2.205483242869377136e-02 2.712774908976774668e+02
3.871248960494995117e-01 2.616964280605316162e-01 1.887430735669950155e-09 2.163869887590408325e-02 2.149019576609134674e-02 8.450947497351535276e-09 8.253460137552792730e-09 nan 2.161601372063159943e-02 2.641313619515672713e+02
3.925094008445739746e-01 2.653363645076751709e-01 1.886518457772270655e-09 2.120577916502952576e-02 2.106081321835517883e-02 8.056241007636799623e-09 7.867977380726642878e-09 nan 2.118363045156002045e-02 2.570721939792771877e+02
3.978939056396484375e-01 2.689762711524963379e-01 1.885619049100158659e-09 2.077728323638439178e-02 2.063513174653053284e-02 7.681254743374665850e-09 7.501752996574850840e-09 nan 2.075556851923465729e-02 2.500542868474904310e+02
4.032784104347229004e-01 2.726162075996398926e-01 1.884732143174389957e-09 2.035374380648136139e-02 2.021383866667747498e-02 7.325039241834474524e-09 7.153863279540928488e-09 nan 2.033236809074878693e-02 2.430965198786291523e+02
4.086629152297973633e-01 2.762561440467834473e-01 1.883857409814700777e-09 1.993826031684875488e-02 1.980027370154857635e-02 6.987615819298298447e-09 6.824324216836430423e-09 nan 1.991717703640460968e-02 2.362779869682819935e+02
4.140473902225494385e-01 2.798960208892822266e-01 1.882994538868699288e-09 1.953467912971973419e-02 1.939853280782699585e-02 6.669217622601308904e-09 6.513367178939688529e-09 nan 1.951387897133827209e-02 2.296926889902817379e+02
4.194318950176239014e-01 2.835359573364257812e-01 1.882143190604211824e-09 1.914563216269016266e-02 1.901145838201045990e-02 6.369608396283865659e-09 6.220759907193951221e-09 nan 1.912513375282287598e-02 2.234030309989907153e+02
4.248163998126983643e-01 2.871758937835693359e-01 1.881303079826970542e-09 1.877233572304248810e-02 1.864039711654186249e-02 6.088079373967048014e-09 5.945808734253432704e-09 nan 1.875217817723751068e-02 2.174363713777404996e+02
4.302009046077728271e-01 2.908158004283905029e-01 1.880473925305205483e-09 1.841528341174125671e-02 1.828585751354694366e-02 5.823717952324614089e-09 5.687625037609223000e-09 nan 1.839550957083702087e-02 2.118024284916835995e+02
4.355854094028472900e-01 2.944557368755340576e-01 1.879655436356054805e-09 1.807399280369281769e-02 1.794729940593242645e-02 5.575365946697274921e-09 5.445077277954624151e-09 nan 1.805463619530200958e-02 2.064882106075193064e+02
4.409699141979217529e-01 2.980956733226776123e-01 1.878847353036435648e-09 1.774639077484607697e-02 1.762251928448677063e-02 5.341462827601617391e-09 5.216639564764591341e-09 nan 1.772746630012989044e-02 2.014447763319741966e+02
4.463544189929962158e-01 3.017355799674987793e-01 1.878049424887222573e-09 1.742940954864025116e-02 1.730831153690814972e-02 5.120275758940806554e-09 5.000621250417225383e-09 nan 1.741090789437294006e-02 1.966018858421852826e+02
4.517388939857482910e-01 3.053754866123199463e-01 1.877261397654174740e-09 1.712049916386604309e-02 1.700200885534286499e-02 4.910364115318088807e-09 4.795615460295721277e-09 nan 1.710239611566066742e-02 1.919024776403052499e+02
4.571233987808227539e-01 3.090154230594635010e-01 1.876483026309890802e-09 1.681825332343578339e-02 1.670212484896183014e-02 4.710721146494734057e-09 4.600638092711051286e-09 nan 1.680051162838935852e-02 1.873162413400733044e+02
4.625079035758972168e-01 3.126553297042846680e-01 1.875714093387305177e-09 1.652186922729015350e-02 1.640783436596393585e-02 4.520583463119010048e-09 4.414943077790667303e-09 nan 1.650444790720939636e-02 1.828267044401266901e+02
4.678924083709716797e-01 3.162952661514282227e-01 1.874954364165268396e-09 1.623083278536796570e-02 1.611866243183612823e-02 4.339320902602139540e-09 4.237917128335766392e-09 nan 1.621369644999504089e-02 1.784242305856803625e+02
4.732769131660461426e-01 3.199352025985717773e-01 1.874203630559428286e-09 1.594538614153862000e-02 1.583491452038288116e-02 4.166545330974713579e-09 4.069178771715087350e-09 nan 1.592850685119628906e-02 1.741155879450363386e+02
4.786614179611206055e-01 3.235751092433929443e-01 1.873461691551420399e-09 1.566665992140769958e-02 1.555780693888664246e-02 4.002118636492468795e-09 3.908594337076465308e-09 nan 1.565003022551536560e-02 1.699266972138273104e+02
4.840458929538726807e-01 3.272150158882141113e-01 1.872728340933758753e-09 1.539592817425727844e-02 1.528868358582258224e-02 3.845933793655831323e-09 3.756059463455585501e-09 nan 1.537954434752464294e-02 1.658855586351220381e+02
4.894303977489471436e-01 3.308549523353576660e-01 1.872003379495005729e-09 1.513374038040637970e-02 1.502815168350934982e-02 3.697708361727336523e-09 3.611297705319316265e-09 nan 1.511760987341403961e-02 1.620039686546820974e+02
4.948149025440216064e-01 3.344948589801788330e-01 1.871286632213937058e-09 1.487994380295276642e-02 1.477607712149620056e-02 3.556998917630949109e-09 3.473876519777263638e-09 nan 1.486407499760389328e-02 1.582782263549200366e+02
5.001994371414184570e-01 3.381348252296447754e-01 1.870577900826693527e-09 1.463420782238245010e-02 1.453212089836597443e-02 3.423348937658943214e-09 3.343349819218133234e-09 nan 1.461861096322536469e-02 1.547009404910336627e+02
5.055838823318481445e-01 3.417747020721435547e-01 1.869877039368293133e-09 1.439618505537509918e-02 1.429590489715337753e-02 3.296324990742505179e-09 3.219294164580333018e-09 nan 1.438086479902267456e-02 1.512643622921823408e+02
5.109683871269226074e-01 3.454146385192871094e-01 1.869183849789121820e-09 1.416520774364471436e-02 1.406671572476625443e-02 3.175446794401182160e-09 3.101240819702866247e-09 nan 1.415015943348407745e-02 1.479542557896916435e+02
5.163528919219970703e-01 3.490545451641082764e-01 1.868498185335105332e-09 1.394018903374671936e-02 1.384342648088932037e-02 3.060174558200401407e-09 2.988662428649035974e-09 nan 1.392540615051984787e-02 1.447478444237353017e+02
5.217373967170715332e-01 3.526944816112518311e-01 1.867819876059786520e-09 1.372013520449399948e-02 1.362501736730337143e-02 2.950026445347475601e-09 2.881088034811796206e-09 nan 1.370560377836227417e-02 1.416247814661660982e+02
5.271219015121459961e-01 3.563344180583953857e-01 1.867148773833358248e-09 1.350462529808282852e-02 1.341104973107576370e-02 2.844671165291856596e-09 2.778195229424795798e-09 nan 1.349032856523990631e-02 1.385768105701380648e+02
5.325064063072204590e-01 3.599743247032165527e-01 1.866484735032350672e-09 1.329365279525518417e-02 1.320152170956134796e-02 2.743887117517829211e-09 2.679766186730603295e-09 nan 1.327957678586244583e-02 1.356043035417258977e+02
5.378909111022949219e-01 3.636142611503601074e-01 1.865827604301946768e-09 1.308719441294670105e-02 1.299642585217952728e-02 2.647459806937035864e-09 2.585591962755984241e-09 nan 1.307332701981067657e-02 1.327071512717101029e+02
5.432754158973693848e-01 3.672541677951812744e-01 1.865177252290424566e-09 1.288517471402883530e-02 1.279571466147899628e-02 2.555176514817958378e-09 2.495465389884543583e-09 nan 1.287150662392377853e-02 1.298841850674558884e+02
5.486599206924438477e-01 3.708941042423248291e-01 1.864533532427482462e-09 1.268776413053274155e-02 1.259958185255527496e-02 2.466884252427803403e-09 2.409236588007956925e-09 nan 1.267429161816835403e-02 1.271390945256385123e+02
5.540444254875183105e-01 3.745340406894683838e-01 1.863896318172137942e-09 1.249534543603658676e-02 1.240843348205089569e-02 2.382477992668441402e-09 2.326802750474143977e-09 nan 1.248206757009029388e-02 1.244796660616238739e+02
5.594289302825927734e-01 3.781739473342895508e-01 1.863265486641235488e-09 1.230808161199092865e-02 1.222243905067443848e-02 2.301813628591276029e-09 2.248023323048187194e-09 nan 1.229499652981758118e-02 1.219090450836124262e+02
5.648134350776672363e-01 3.818138837814331055e-01 1.862640903204479876e-09 1.212571468204259872e-02 1.204134430736303329e-02 2.224676887152554627e-09 2.172688917667642272e-09 nan 1.211282424628734589e-02 1.194219978780408695e+02
5.701979398727416992e-01 3.854538202285766602e-01 1.862022452330667509e-09 1.194788701832294464e-02 1.186478883028030396e-02 2.150847722148796493e-09 2.100585261288756556e-09 nan 1.193519029766321182e-02 1.170114215998981138e+02
5.755824446678161621e-01 3.890937268733978271e-01 1.861410021730888845e-09 1.177441980689764023e-02 1.169257983565330505e-02 2.080150052208296074e-09 2.031539825253503295e-09 nan 1.176191866397857666e-02 1.146737842809773014e+02
5.809668898582458496e-01 3.927336037158966064e-01 1.860803497296447543e-09 1.160515844821929932e-02 1.152454968541860580e-02 2.012420674546433474e-09 1.965393181535546319e-09 nan 1.159284263849258423e-02 1.124060177401284051e+02
5.863513946533203125e-01 3.963735401630401611e-01 1.860202753428811389e-09 1.143972855061292648e-02 1.136031467467546463e-02 1.947469074892183016e-09 1.901959034711353524e-09 nan 1.142759528011083603e-02 1.102009184914494568e+02
5.917358994483947754e-01 4.000134766101837158e-01 1.859607692406273365e-09 1.127770263701677322e-02 1.119944080710411072e-02 1.885105849197543648e-09 1.841053420825744524e-09 nan 1.126574631780385971e-02 1.080503157477711795e+02
5.971204042434692383e-01 4.036533832550048828e-01 1.859018214291441706e-09 1.111890934407711029e-02 1.104175485670566559e-02 1.825195328208906176e-09 1.782542780048856912e-09 nan 1.110712252557277679e-02 1.059510907293383752e+02
6.025049090385437012e-01 4.072933197021484375e-01 1.858434207544148841e-09 1.096341852098703384e-02 1.088733132928609848e-02 1.767647694883578424e-09 1.726340070895560075e-09 nan 1.095179282128810883e-02 1.039047123727590360e+02
6.078894138336181641e-01 4.109332561492919922e-01 1.857855577876460681e-09 1.081124041229486465e-02 1.073618698865175247e-02 1.712368025152954942e-09 1.672352145654087963e-09 nan 1.079977396875619888e-02 1.019114761722848783e+02
6.132739186286926270e-01 4.145731627941131592e-01 1.857282233477322155e-09 1.066224463284015656e-02 1.058819703757762909e-02 1.659243964446943664e-09 1.620469536334212535e-09 nan 1.065093185752630234e-02 9.996895613404171854e+01
6.186584234237670898e-01 4.182130992412567139e-01 1.856714071034082293e-09 1.051636785268783569e-02 1.044330839067697525e-02 1.608178812340099739e-09 1.570597873978840653e-09 nan 1.050520595163106918e-02 9.807605333957896221e+01
6.240429282188415527e-01 4.218530058860778809e-01 1.856151008397507339e-09 1.037371251732110977e-02 1.030163001269102097e-02 1.559105955450945658e-09 1.522671655429519433e-09 nan 1.036270055919885635e-02 9.623470201664012791e+01
6.294274330139160156e-01 4.254929423332214355e-01 1.855592947277603754e-09 1.023433450609445572e-02 1.016321592032909393e-02 1.511954006438998022e-09 1.476621602769512265e-09 nan 1.022346969693899155e-02 9.444590925607262477e+01
6.556535363197326660e-01 4.432217776775360107e-01 1.852943630635520644e-09 9.597062133252620697e-03 9.530433453619480133e-03 1.306652785970641162e-09 1.276117989057468094e-09 nan 9.586883708834648132e-03 8.638706260307763785e+01
8.039034605026245117e-01 5.434387326240539551e-01 1.839770603253567837e-09 6.936489604413509369e-03 6.888343486934900284e-03 6.282070974528153329e-10 6.135267294204993505e-10 nan 6.929133553057909012e-03 5.493923001049663668e+01
9.932619333267211914e-01 6.714450716972351074e-01 1.826201010048688587e-09 4.926309455186128616e-03 4.892127122730016708e-03 2.922571906704973799e-10 2.854275149566376513e-10 nan 4.921087529510259628e-03 3.398531488553665270e+01
1.227223634719848633e+00 8.296031951904296875e-01 1.812731498599941669e-09 3.481535008177161217e-03 3.457384184002876282e-03 1.352990081082694473e-10 1.321372455898028875e-10 nan 3.477845108136534691e-03 2.081777088860893699e+01
1.516294717788696289e+00 1.025015234947204590e+00 1.799361337301671755e-09 2.449580002576112747e-03 2.432591747492551804e-03 6.235853500236032687e-11 6.090129789360076984e-11 nan 2.446984872221946716e-03 1.263923507305045213e+01
1.873456120491027832e+00 1.266456365585327148e+00 1.786089789356977996e-09 1.716554397717118263e-03 1.704652560874819756e-03 2.862478136467228040e-11 2.795585464510086382e-11 nan 1.714735873974859715e-03 7.611977010111887765e+00
2.314746379852294922e+00 1.564768552780151367e+00 1.772916133006574509e-09 1.198476064018905163e-03 1.190168084576725960e-03 1.309164929241823927e-11 1.278571432755670756e-11 nan 1.197206904180347919e-03 4.550779865796314994e+00
2.859982252120971680e+00 1.933347940444946289e+00 1.759839636962373426e-09 8.339656633324921131e-04 8.281858754344284534e-04 5.967516411575779500e-12 5.828062858703741966e-12 nan 8.330826531164348125e-04 2.702515990251175282e+00
3.533647537231445312e+00 2.388745784759521484e+00 1.746859588797865175e-09 5.785469547845423222e-04 5.745384842157363892e-04 2.711843336694608197e-12 2.648471069191526972e-12 nan 5.779345519840717316e-04 1.595122243783029692e+00
4.365993976593017578e+00 2.951411962509155273e+00 1.733975279535418463e-09 4.002324712928384542e-04 3.974604478571563959e-04 1.228907167000192757e-12 1.200189036695831213e-12 nan 3.998089523520320654e-04 9.362378477307115032e-01
5.394398689270019531e+00 3.646613597869873047e+00 1.721185999058096773e-09 2.761660143733024597e-04 2.742541546467691660e-04 5.554665885240672729e-13 5.424860322240931954e-13 nan 2.758739283308386803e-04 5.466971629345823702e-01
6.665042877197265625e+00 4.505568981170654297e+00 1.708491050912268841e-09 1.901073555927723646e-04 1.887921389425173402e-04 2.504771021670515463e-13 2.446237385832911171e-13 nan 1.899064227472990751e-04 3.177232729920252963e-01
8.234986305236816406e+00 5.566850662231445312e+00 1.695889732548296616e-09 1.305811601923778653e-04 1.296786067541688681e-04 1.127019959019752438e-13 1.100682519845734564e-13 nan 1.304432662436738610e-04 1.838472027187482982e-01
1.017472743988037109e+01 6.878115653991699219e+00 1.683381361073609185e-09 8.951272320700809360e-05 8.889489254215732217e-05 5.060794855014580373e-14 4.942528387973967041e-14 nan 8.941834676079452038e-05 1.059522909650217060e-01
1.257137203216552734e+01 8.498247146606445312e+00 1.670965250288532184e-09 6.124561332399025559e-05 6.082376785343512893e-05 2.268261906155765589e-14 2.215254076096823121e-14 nan 6.118116289144381881e-05 6.083248972846341807e-02
1.553254413604736328e+01 1.050000000000000000e+01 1.658640709094829109e-09 4.183192504569888115e-05 4.154471025685779750e-05 1.014874812741697538e-14 9.911574667021035012e-15 nan 4.178804374532774091e-05 3.480535828639010065e-02
