# k/h [h/Mpc]            k [1/Mpc]              Primoridal             T_cdm(k)                 T_bar(k)                 T_phot(k)                T_massless neutrions(k)  T_massive neutrinos(k)   T_total(k)               Linear Pk [(Mpc/h)^3]  
1.049045658874092624e-05 7.091548468451946974e-06 2.727206404909961128e-09 1.000000000000000000e+00 1.000000000000000000e+00 1.000000000000000000e+00 1.000000000000000000e+00 nan 1.000000000000000000e+00 2.983867310166772313e+01
1.158353370556142181e-05 7.830468348402064294e-06 2.717761705682844603e-09 9.999997615814208984e-01 9.999997019767761230e-01 9.999114274978637695e-01 9.999091625213623047e-01 nan 9.999997615814208984e-01 3.283366163666854476e+01
1.279050593439023942e-05 8.646382411825470626e-06 2.708349706436794825e-09 9.999993443489074707e-01 9.999993443489074707e-01 9.998034238815307617e-01 9.997984170913696289e-01 nan 9.999993443489074707e-01 3.612925658422350494e+01
1.412324218108551577e-05 9.547311492497101426e-06 2.698970312856197758e-09 9.999989867210388184e-01 9.999989271163940430e-01 9.996716976165771484e-01 9.996634721755981445e-01 nan 9.999989867210388184e-01 3.975563811648234491e+01
1.559484553581569344e-05 1.054211588780162856e-05 2.689623392481895528e-09 9.999984502792358398e-01 9.999983906745910645e-01 9.995112419128417969e-01 9.994989633560180664e-01 nan 9.999984502792358398e-01 4.374599276823091287e+01
1.721978514979127795e-05 1.164057448477251455e-05 2.680308856040028027e-09 9.999977946281433105e-01 9.999977946281433105e-01 9.993155598640441895e-01 9.992985129356384277e-01 nan 9.999977946281433105e-01 4.813685892804546285e+01
1.901403993542771786e-05 1.285349117097212002e-05 2.671026563908324178e-09 9.999970197677612305e-01 9.999969601631164551e-01 9.990770816802978516e-01 9.990539550781250000e-01 nan 9.999970197677612305e-01 5.296843301192038211e+01
2.099525045196060091e-05 1.419278942194068804e-05 2.661776424936157355e-09 9.999961853027343750e-01 9.999959468841552734e-01 9.987864494323730469e-01 9.987559318542480469e-01 nan 9.999961853027343750e-01 5.828494639769072450e+01
2.318289807590190321e-05 1.567163963045459241e-05 2.652558315858844083e-09 9.999949932098388672e-01 9.999948740005493164e-01 9.984319806098937988e-01 9.983927607536315918e-01 nan 9.999949932098388672e-01 6.413504407191958023e+01
2.559849235694855452e-05 1.730458097881637514e-05 2.643372135990062650e-09 9.999935626983642578e-01 9.999935030937194824e-01 9.980002045631408691e-01 9.979500770568847656e-01 nan 9.999935626983642578e-01 7.057229111616307193e+01
2.826578383974265307e-05 1.910767059598583728e-05 2.634217767634683471e-09 9.999919533729553223e-01 9.999917149543762207e-01 9.974738955497741699e-01 9.974105358123779297e-01 nan 9.999918937683105469e-01 7.765560699533949673e+01
3.121100235148333013e-05 2.109863817167934030e-05 2.625095097817206075e-09 9.999899268150329590e-01 9.999896287918090820e-01 9.968325495719909668e-01 9.967530965805053711e-01 nan 9.999898076057434082e-01 8.544981191603041282e+01
3.446310074650682509e-05 2.329705603187903762e-05 2.616004033478672110e-09 9.999874234199523926e-01 9.999871253967285156e-01 9.960510730743408203e-01 9.959520697593688965e-01 nan 9.999873042106628418e-01 9.402620839330541003e+01
3.805406231549568474e-05 2.572454650362487882e-05 2.606944439452153756e-09 9.999843239784240723e-01 9.999839663505554199e-01 9.950990080833435059e-01 9.949762821197509766e-01 nan 9.999843239784240723e-01 1.034632906583958487e+02
4.201919000479392707e-05 2.840497290890198201e-05 2.597916226597658093e-09 9.999806284904479980e-01 9.999802112579345703e-01 9.939393997192382812e-01 9.937876462936401367e-01 nan 9.999805688858032227e-01 1.138473979391646793e+02
4.639747567125596106e-05 3.136469240416772664e-05 2.588919279439887767e-09 9.999760985374450684e-01 9.999756217002868652e-01 9.925272464752197266e-01 9.923402667045593262e-01 nan 9.999760985374450684e-01 1.252734985436494526e+02
5.123196388012729585e-05 3.463280881987884641e-05 2.579953483847589841e-09 9.999705553054809570e-01 9.999700188636779785e-01 9.908080697059631348e-01 9.905781745910644531e-01 nan 9.999704360961914062e-01 1.378460784110709483e+02
5.657019573845900595e-05 3.824145096587017179e-05 2.571018745591721348e-09 9.999638795852661133e-01 9.999631643295288086e-01 9.887157678604125977e-01 9.884337186813354492e-01 nan 9.999637603759765625e-01 1.516801022575374702e+02
6.246465636650100350e-05 4.222610732540488243e-05 2.562114941593048984e-09 9.999556541442871094e-01 9.999548196792602539e-01 9.861702919006347656e-01 9.858248829841613770e-01 nan 9.999555349349975586e-01 1.669020104840349177e+02
6.897329876665025949e-05 4.662595165427774191e-05 2.553241977543412439e-09 9.999457597732543945e-01 9.999445676803588867e-01 9.830750226974487305e-01 9.826526641845703125e-01 nan 9.999455213546752930e-01 1.836508479185519889e+02
7.616012590005993843e-05 5.148424679646268487e-05 2.544399743325443185e-09 9.999334812164306641e-01 9.999321699142456055e-01 9.793134331703186035e-01 9.787978529930114746e-01 nan 9.999333024024963379e-01 2.020795213250488302e+02
8.409580186707898974e-05 5.684876305167563260e-05 2.535588130685252624e-09 9.999186992645263672e-01 9.999170303344726562e-01 9.747453927993774414e-01 9.741169810295104980e-01 nan 9.999184012413024902e-01 2.223563401610023504e+02
9.285835403716191649e-05 6.277224747464060783e-05 2.526807033334104165e-09 9.999005794525146484e-01 9.998986124992370605e-01 9.692030549049377441e-01 9.684380292892456055e-01 nan 9.999003410339355469e-01 2.446661133376753696e+02
1.025339443003758788e-04 6.931294774403795600e-05 2.518056339675267213e-09 9.998786449432373047e-01 9.998760819435119629e-01 9.624854922294616699e-01 9.615555405616760254e-01 nan 9.998782277107238770e-01 2.692122414352047599e+02
1.132176985265687108e-04 7.653516513528302312e-05 2.509335958204897443e-09 9.998517632484436035e-01 9.998487234115600586e-01 9.543542861938476562e-01 9.532259106636047363e-01 nan 9.998513460159301758e-01 2.962180154640749947e+02
1.250146742677316070e-04 8.450992027064785361e-05 2.500645773867358897e-09 9.998191595077514648e-01 9.998154640197753906e-01 9.445278644561767578e-01 9.431610107421875000e-01 nan 9.998186230659484863e-01 3.259291168192231680e+02
1.380408502882346511e-04 9.331561159342527390e-05 2.491985695624705562e-09 9.997794032096862793e-01 9.997748732566833496e-01 9.326758980751037598e-01 9.310232996940612793e-01 nan 9.997786283493041992e-01 3.586151614591777275e+02
1.524243270978331566e-04 1.030388448270969093e-04 2.483355596498544299e-09 9.997310042381286621e-01 9.997255206108093262e-01 9.184149503707885742e-01 9.164217710494995117e-01 nan 9.997302293777465820e-01 3.945723145154167923e+02
1.683065347606316209e-04 1.137752187787555158e-04 2.474755379885282393e-09 9.996721744537353516e-01 9.996655583381652832e-01 9.013053774833679199e-01 8.989084362983703613e-01 nan 9.996711611747741699e-01 4.341257246125323377e+02
1.858436153270304203e-04 1.256302784895524383e-04 2.466184957973141175e-09 9.996006488800048828e-01 9.995925426483154297e-01 8.808518648147583008e-01 8.779788613319396973e-01 nan 9.995993375778198242e-01 4.776320392300791582e+02
2.052080089924857020e-04 1.387206139042973518e-04 2.457644209414643305e-09 9.995136857032775879e-01 9.995039105415344238e-01 8.565074801445007324e-01 8.530780076980590820e-01 nan 9.995121955871582031e-01 5.254820394429719954e+02
2.265901130158454180e-04 1.531749148853123188e-04 2.449133045395065615e-09 9.994081258773803711e-01 9.993962645530700684e-01 8.276879191398620605e-01 8.236142396926879883e-01 nan 9.994062781333923340e-01 5.781042485934995057e+02
2.502001880202442408e-04 1.691353245405480266e-04 2.440651351248999153e-09 9.992799758911132812e-01 9.992657303810119629e-01 7.937952280044555664e-01 7.889853119850158691e-01 nan 9.992777705192565918e-01 6.359673815004035760e+02
2.762703516054898500e-04 1.867587561719119549e-04 2.432199034655000626e-09 9.991247057914733887e-01 9.991074204444885254e-01 7.542591691017150879e-01 7.486214637756347656e-01 nan 9.991220235824584961e-01 6.995840031095292488e+02
3.050569503102451563e-04 2.062184939859434962e-04 2.423775992290330563e-09 9.989366531372070312e-01 9.989159703254699707e-01 7.086005806922912598e-01 7.020514607429504395e-01 nan 9.989334940910339355e-01 7.695137750597189097e+02
3.368430479895323515e-04 2.277058956678956747e-04 2.415382114947829304e-09 9.987094998359680176e-01 9.986845850944519043e-01 6.565209627151489258e-01 6.489967107772827148e-01 nan 9.987056851387023926e-01 8.463673552586343476e+02
3.719411906786262989e-04 2.514322404749691486e-04 2.407017301830847028e-09 9.984353184700012207e-01 9.984054565429687500e-01 5.980241298675537109e-01 5.894961953163146973e-01 nan 9.984307289123535156e-01 9.308087133165427076e+02
4.106964333914220333e-04 2.776307810563594103e-04 2.398681465071051552e-09 9.981049895286560059e-01 9.980695247650146484e-01 5.335663557052612305e-01 5.240619778633117676e-01 nan 9.980996251106262207e-01 1.023559394678145850e+03
4.534898616839200258e-04 3.065591445192694664e-04 2.390374494355455649e-09 9.977083802223205566e-01 9.976661801338195801e-01 4.642239511013031006e-01 4.538499712944030762e-01 nan 9.977018833160400391e-01 1.125402406549324041e+03
5.007422878406941891e-04 3.385017917025834322e-04 2.382096284987275655e-09 9.972330927848815918e-01 9.971832036972045898e-01 3.918487131595611572e-01 3.808165490627288818e-01 nan 9.972254037857055664e-01 1.237183237375156523e+03
5.529182380996644497e-04 3.737727238330990076e-04 2.373846756225058361e-09 9.966654777526855469e-01 9.966070652008056641e-01 3.191566169261932373e-01 3.078016936779022217e-01 nan 9.966565370559692383e-01 1.359814016791503946e+03
6.105307838879525661e-04 4.127188003621995449e-04 2.365625794166928840e-09 9.959899187088012695e-01 9.959221482276916504e-01 2.496639341115951538e-01 2.384508252143859863e-01 nan 9.959796667098999023e-01 1.494275331383939147e+03
6.741464603692293167e-04 4.557229985948652029e-04 2.357433293568910220e-09 9.951893091201782227e-01 9.951112270355224609e-01 1.873654425144195557e-01 1.768643260002136230e-01 nan 9.951773285865783691e-01 1.641618316960954189e+03
7.443906506523489952e-04 5.032080807723104954e-04 2.349269171114912410e-09 9.942442774772644043e-01 9.941553473472595215e-01 1.360624879598617554e-01 1.268847584724426270e-01 nan 9.942308068275451660e-01 1.802963604198918119e+03
8.219541050493717194e-04 5.556409596465528011e-04 2.341133324843220307e-09 9.931339621543884277e-01 9.930339455604553223e-01 9.834537655115127563e-02 9.103114157915115356e-02 nan 9.931186437606811523e-01 1.979504319268089148e+03
9.075994603335857391e-04 6.135372095741331577e-04 2.333025652639057309e-09 9.918351769447326660e-01 9.917242527008056641e-01 7.445121556520462036e-02 6.932327896356582642e-02 nan 9.918182492256164551e-01 2.172500300325157241e+03
1.002168864943087101e-03 6.774661596864461899e-04 2.324946049885245546e-09 9.903228282928466797e-01 9.902018308639526367e-01 6.154242902994155884e-02 5.857310444116592407e-02 nan 9.903043508529663086e-01 2.383276725516302122e+03
1.106592128053307533e-03 7.480562780983746052e-04 2.316894434325377400e-09 9.885691404342651367e-01 9.884393215179443359e-01 5.419979616999626160e-02 5.296778678894042969e-02 nan 9.885493516921997070e-01 2.613214400568189831e+03
1.221895916387438774e-03 8.260016329586505890e-04 2.308870708568745277e-09 9.865431189537048340e-01 9.864062666893005371e-01 4.667957499623298645e-02 4.648808389902114868e-02 nan 9.865222573280334473e-01 2.863736651746557527e+03
1.349214115180075169e-03 9.120687609538435936e-04 2.300874762407135126e-09 9.842104315757751465e-01 9.840686321258544922e-01 3.627870231866836548e-02 3.642280772328376770e-02 nan 9.841887950897216797e-01 3.136294839976703315e+03
1.489798538386821747e-03 1.007103826850652695e-03 2.292906509188567727e-09 9.815327525138854980e-01 9.813879728317260742e-01 2.525790780782699585e-02 2.528798580169677734e-02 nan 9.815105795860290527e-01 3.432341958810053256e+03
1.645031501539051533e-03 1.112041296437382698e-03 2.284965850418265676e-09 9.784678220748901367e-01 9.783216714859008789e-01 1.828292012214660645e-02 1.805758476257324219e-02 nan 9.784455299377441406e-01 3.753307227065650750e+03
1.816439209505915642e-03 1.227912958711385727e-03 2.277052691606405739e-09 9.749701023101806641e-01 9.748231768608093262e-01 1.632761582732200623e-02 8.685206994414329529e-03 nan 9.749476313591003418e-01 4.100564133355436752e+03
2.005707239732146263e-03 1.355858054012060165e-03 2.269166941709029953e-09 9.709901213645935059e-01 9.708418250083923340e-01 1.468847878277301788e-02 7.094987668097019196e-03 nan 9.709674715995788574e-01 4.475388371680543969e+03
2.214696491137146950e-03 1.497134799137711525e-03 2.261308494449764354e-09 9.664745330810546875e-01 9.663228988647460938e-01 1.039493083953857422e-02 5.792570300400257111e-03 nan 9.664513468742370605e-01 4.878900234612258828e+03
2.445461694151163101e-03 1.653132145293056965e-03 2.253477264686429142e-09 9.613664150238037109e-01 9.612083435058593750e-01 7.331071421504020691e-03 4.726149607449769974e-03 nan 9.613422751426696777e-01 5.312011759832340431e+03
2.700272016227245331e-03 1.825383864343166351e-03 2.245673160886940457e-09 9.556059241294860840e-01 9.554384350776672363e-01 6.803567986935377121e-03 3.853246103972196579e-03 nan 9.555803537368774414e-01 5.775357310015005169e+03
2.981632947921752930e-03 2.015583915635943413e-03 2.237896076485985185e-09 9.491301178932189941e-01 9.489507079124450684e-01 4.981632810086011887e-03 3.139062318950891495e-03 nan 9.491026997566223145e-01 6.269208227757253553e+03
3.292310982942581177e-03 2.225602278485894203e-03 2.230145925871712440e-09 9.418734312057495117e-01 9.416807889938354492e-01 4.107277374714612961e-03 2.554989187046885490e-03 nan 9.418439865112304688e-01 6.793385914381137809e+03
3.635360859334468842e-03 2.457503927871584892e-03 2.222422616889744185e-09 9.337680339813232422e-01 9.335610270500183105e-01 3.448585513979196548e-03 2.077565062791109085e-03 nan 9.337365031242370605e-01 7.347156770752188095e+03
4.014155361801385880e-03 2.713568974286317825e-03 2.214726058195065524e-09 9.247443079948425293e-01 9.245201945304870605e-01 2.348454669117927551e-03 1.687542302533984184e-03 nan 9.247100949287414551e-01 7.929114048328436184e+03
4.432419314980506897e-03 2.996315481141209602e-03 2.207056148657132701e-09 9.147307872772216797e-01 9.144849181175231934e-01 1.939483219757676125e-03 1.369116478599607944e-03 nan 9.146931767463684082e-01 8.537051613731036923e+03
4.894265439361333847e-03 3.308523446321487427e-03 2.199412800139309644e-09 9.036552906036376953e-01 9.033823609352111816e-01 1.587451202794909477e-03 1.109332661144435406e-03 nan 9.036136269569396973e-01 9.167838913695482916e+03
5.404234398156404495e-03 3.653262509033083916e-03 2.191795924301313793e-09 8.914457559585571289e-01 8.911406993865966797e-01 1.064294599927961826e-03 8.975616074167191982e-04 nan 8.913990855216979980e-01 9.817280796672297583e+03
5.967340432107448578e-03 4.033922217786312103e-03 2.184205430909534259e-09 8.780294060707092285e-01 8.776866197586059570e-01 1.027251477353274822e-03 7.250810740515589714e-04 nan 8.779770731925964355e-01 1.047995764848603540e+04
6.589121185243129730e-03 4.454245790839195251e-03 2.176641221197925960e-09 8.633337020874023438e-01 8.629448413848876953e-01 9.433079394511878490e-04 5.847397260367870331e-04 nan 8.632743358612060547e-01 1.114907479469624559e+04
7.275689393281936646e-03 4.918366204947233200e-03 2.169103203027300791e-09 8.472865223884582520e-01 8.468424677848815918e-01 6.473153480328619480e-04 4.706727631855756044e-04 nan 8.472185730934143066e-01 1.181631436274677435e+04
8.033796213567256927e-03 5.430846009403467178e-03 2.161591299930936394e-09 8.298161625862121582e-01 8.293069005012512207e-01 5.714422441087663174e-04 3.780712140724062920e-04 nan 8.297384381294250488e-01 1.247168897576560630e+04
8.870895951986312866e-03 5.996725521981716156e-03 2.154105401952956366e-09 8.108510971069335938e-01 8.102636933326721191e-01 4.158150113653391600e-04 3.029938088729977608e-04 nan 8.107613325119018555e-01 1.310339166657216629e+04
9.795218706130981445e-03 6.621567998081445694e-03 2.146645430474833453e-09 7.903217077255249023e-01 7.896424531936645508e-01 2.874862111639231443e-04 2.422117686364799738e-04 nan 7.902178764343261719e-01 1.369775441346992739e+04
1.081585418432950974e-02 7.311517372727394104e-03 2.139211293795359687e-09 7.681589126586914062e-01 7.673715949058532715e-01 2.208368823630735278e-04 1.930805010488256812e-04 nan 7.680385708808898926e-01 1.423913933118409295e+04
1.194283645600080490e-02 8.073357865214347839e-03 2.131802900090153706e-09 7.442969083786010742e-01 7.433839440345764160e-01 1.895116292871534824e-04 1.534357870696112514e-04 nan 7.441574931144714355e-01 1.471004820371027927e+04
1.318724639713764191e-02 8.914578706026077271e-03 2.124420174276236449e-09 7.186768054962158203e-01 7.176184654235839844e-01 1.613445201655849814e-04 1.215076263179071248e-04 nan 7.185150980949401855e-01 1.509137767232800616e+04
1.456132158637046814e-02 9.843453764915466309e-03 2.117063005254935590e-09 6.912499666213989258e-01 6.900255680084228516e-01 1.133167606894858181e-04 9.584963845554739237e-05 nan 6.910628676414489746e-01 1.536285442169201087e+04
1.607857085764408112e-02 1.086911372840404510e-02 2.109731324472420402e-09 6.619877219200134277e-01 6.605765223503112793e-01 8.515381341567263007e-05 7.528112473664805293e-05 nan 6.617721915245056152e-01 1.550392322074261938e+04
1.775391399860382080e-02 1.200164575129747391e-02 2.102425026951150955e-09 6.308935284614562988e-01 6.292755603790283203e-01 7.405511132674291730e-05 5.883929043193347752e-05 nan 6.306463479995727539e-01 1.549508112960710787e+04
1.960382424294948578e-02 1.325218472629785538e-02 2.095144031049849183e-09 5.980199575424194336e-01 5.961788892745971680e-01 5.136147228768095374e-05 4.574000922730192542e-05 nan 5.977386832237243652e-01 1.531980267904922766e+04
2.164648845791816711e-02 1.463302597403526306e-02 2.087888252770266929e-09 5.634934902191162109e-01 5.614190697669982910e-01 4.256508327671326697e-05 3.534533243509940803e-05 nan 5.631765723228454590e-01 1.496716827163640846e+04
2.390199340879917145e-02 1.615774817764759064e-02 2.080657597354892904e-09 5.275429487228393555e-01 5.252352356910705566e-01 3.632153311627916992e-05 2.713669891818426549e-05 nan 5.271904468536376953e-01 1.443502458921973812e+04
2.639251388609409332e-02 1.784133911132812500e-02 2.073451995948668221e-09 4.905328154563903809e-01 4.880064725875854492e-01 2.286558265041094273e-05 2.069269976345822215e-05 nan 4.901468157768249512e-01 1.373339676270164819e+04
2.914254181087017059e-02 1.970035769045352936e-02 2.066271340052806293e-09 4.529924392700195312e-01 4.502823948860168457e-01 1.852526838774792850e-05 1.567061372043099254e-05 nan 4.525783956050872803e-01 1.288735393430416116e+04
3.217911347746849060e-02 2.175308018922805786e-02 2.059115554147728899e-09 4.156334400177001953e-01 4.127991795539855957e-01 1.552044705022126436e-05 1.179102127935038880e-05 nan 4.152004420757293701e-01 1.193831049242307745e+04
3.553209081292152405e-02 2.401969395577907562e-02 2.051984539888671147e-09 3.793350458145141602e-01 3.764633238315582275e-01 8.925959264161065221e-06 8.825036275084130466e-06 nan 3.788963258266448975e-01 1.094228101260504445e+04
3.923443704843521118e-02 2.652247995138168335e-02 2.044878229365854235e-09 3.450772166252136230e-01 3.422802090644836426e-01 6.552354534505866468e-06 6.583832146134227514e-06 nan 3.446498811244964600e-01 9.964019190199325749e+03
4.332255572080612183e-02 2.928604744374752045e-02 2.037796533657790378e-09 3.137983381748199463e-01 3.112040758132934570e-01 6.003090220474405214e-06 4.910325515083968639e-06 nan 3.134020268917083740e-01 9.066575501406376134e+03
4.765481501817703247e-02 3.221465647220611572e-02 2.031010053452367756e-09 2.870829999446868896e-01 2.848010659217834473e-01 3.818051482085138559e-06 3.712852958415169269e-06 nan 2.867344021797180176e-01 8.319570474583957548e+03
5.198707059025764465e-02 3.514325991272926331e-02 2.024834231214258902e-09 2.659523487091064453e-01 2.640319764614105225e-01 2.972467427753144875e-06 2.890566975111141801e-06 nan 2.656589746475219727e-01 7.765324655910553702e+03
5.631932616233825684e-02 3.807186335325241089e-02 2.019169610001785353e-09 2.486877441406250000e-01 2.471259534358978271e-01 2.368724608459160663e-06 2.303459723407286219e-06 nan 2.484491467475891113e-01 7.335100815143605359e+03
6.065158173441886902e-02 4.100047051906585693e-02 2.013939112582009273e-09 2.340777665376663208e-01 2.328279316425323486e-01 1.922744331750436686e-06 1.869767061180027667e-06 nan 2.338868379592895508e-01 6.980328796086877446e+03
6.498383730649948120e-02 4.392907395958900452e-02 2.009081821590703985e-09 2.209903597831726074e-01 2.199762165546417236e-01 1.581480546519742347e-06 1.537906314297288191e-06 nan 2.208354324102401733e-01 6.649925130892214838e+03
6.931609660387039185e-02 4.685768112540245056e-02 2.004548729015451583e-09 2.085975110530853271e-01 2.077297568321228027e-01 1.312119479734974448e-06 1.275967065339500550e-06 nan 2.084649205207824707e-01 6.305739428863486864e+03
7.364834845066070557e-02 4.978628456592559814e-02 2.000299865353250301e-09 1.964153051376342773e-01 1.956077069044113159e-01 1.094420667868689634e-06 1.064266484718245920e-06 nan 1.962919235229492188e-01 5.927558660890424107e+03
7.798060774803161621e-02 5.271489173173904419e-02 1.996302173696350216e-09 1.843166053295135498e-01 1.834992617368698120e-01 9.160119134321575984e-07 8.907733217711211182e-07 nan 1.841917335987091064e-01 5.515805006076334394e+03
8.231285959482192993e-02 5.564349144697189331e-02 1.992528044667567094e-09 1.724396944046020508e-01 1.715675741434097290e-01 7.690672987337165978e-07 7.478773227376223076e-07 nan 1.723064482212066650e-01 5.086437869128394595e+03
8.664511889219284058e-02 5.857209861278533936e-02 1.988954134422163219e-09 1.610551327466964722e-01 1.601110547780990601e-01 6.481689638349052984e-07 6.303100690274732187e-07 nan 1.609108746051788330e-01 4.662137630605199774e+03
9.097737073898315430e-02 6.150070205330848694e-02 1.985560585482697045e-09 1.504461914300918579e-01 1.494386792182922363e-01 5.491029355653154198e-07 5.339735480447416194e-07 nan 1.502922624349594116e-01 4.264282950310116576e+03
9.636187553405761719e-02 6.514062732458114624e-02 1.981568674123380254e-09 1.387238502502441406e-01 1.376779824495315552e-01 4.512503721798566403e-07 4.388170680158509640e-07 nan 1.385640799999237061e-01 3.832513932103616753e+03
1.017463728785514832e-01 6.878054887056350708e-02 1.977801256732118934e-09 1.289491206407546997e-01 1.279262900352478027e-01 3.762088738312741043e-07 3.658432206066208892e-07 nan 1.287928670644760132e-01 3.489839826176989845e+03
1.071308776736259460e-01 7.242047041654586792e-02 1.974234781265857972e-09 1.211713254451751709e-01 1.202304586768150330e-01 3.188840196344244760e-07 3.100978176462376723e-07 nan 1.210275739431381226e-01 3.238771239740952751e+03
1.125153750181198120e-01 7.606039196252822876e-02 1.970849203820953451e-09 1.150530651211738586e-01 1.142340525984764099e-01 2.745276219684456009e-07 2.669635819074756000e-07 nan 1.149279400706291199e-01 3.061461154270552925e+03
1.178998723626136780e-01 7.970031350851058960e-02 1.967627323526894450e-09 1.100281029939651489e-01 1.093431711196899414e-01 2.391420252934040036e-07 2.325529919744440122e-07 nan 1.099234521389007568e-01 2.929074988037831645e+03
1.232843771576881409e-01 8.334024250507354736e-02 1.964554264128985100e-09 1.055345088243484497e-01 1.049686074256896973e-01 2.098080074119934579e-07 2.040272164549605804e-07 nan 1.054480522871017456e-01 2.813378596522883527e+03
1.286688745021820068e-01 8.698015660047531128e-02 1.961617102724775952e-09 1.011362001299858093e-01 1.006545946002006531e-01 1.846068329314221046e-07 1.795203985466287122e-07 nan 1.010626181960105896e-01 2.692576647449847314e+03
1.340533792972564697e-01 9.062008559703826904e-02 1.958804483640675406e-09 9.656514972448348999e-02 9.612511098384857178e-02 1.623931495942088077e-07 1.579187767219991656e-07 nan 9.649792313575744629e-02 2.553740638340823807e+03
1.394378840923309326e-01 9.426000714302062988e-02 1.956106446915437174e-09 9.175284206867218018e-02 9.131545573472976685e-02 1.426081439603876788e-07 1.386788994750531856e-07 nan 9.168601781129837036e-02 2.394855872492732942e+03
1.448223739862442017e-01 9.789992123842239380e-02 1.953514161287429418e-09 8.681256324052810669e-02 8.635168522596359253e-02 1.250709402711436269e-07 1.216248790569807170e-07 nan 8.674215525388717651e-02 2.223742399379312701e+03
1.502068787813186646e-01 1.015398502349853516e-01 1.951019758654691563e-09 8.195929229259490967e-02 8.146571367979049683e-02 1.097513973036257084e-07 1.067274268962137285e-07 nan 8.188388496637344360e-02 2.053123181180117172e+03
1.555913835763931274e-01 1.051797717809677124e-01 1.948616241255242070e-09 7.742992788553237915e-02 7.691054791212081909e-02 9.662243627417410607e-08 9.396021027896495070e-08 nan 7.735057920217514038e-02 1.895818024439080318e+03
1.609758734703063965e-01 1.088196933269500732e-01 1.946297314463125787e-09 7.342602312564849854e-02 7.289902120828628540e-02 8.559212005820882041e-08 8.323380740193897509e-08 nan 7.334550470113754272e-02 1.761720647722637068e+03
1.663603782653808594e-01 1.124596148729324341e-01 1.944057316713681798e-09 7.005368173122406006e-02 6.954157352447509766e-02 7.645876110018434701e-08 7.435209425921129878e-08 nan 6.997544318437576294e-02 1.655343148051461412e+03
1.717448830604553223e-01 1.160995438694953918e-01 1.941891129256332855e-09 6.728442758321762085e-02 6.680718064308166504e-02 6.890645920520910295e-08 6.700788190983075765e-08 nan 6.721151620149612427e-02 1.574725738577411448e+03
1.771293878555297852e-01 1.197394654154777527e-01 1.939794125595426991e-09 6.498191505670547485e-02 6.455191224813461304e-02 6.256916407210155739e-08 6.084520265403625672e-08 nan 6.491622328758239746e-02 1.513207264614009546e+03
1.825138777494430542e-01 1.233793795108795166e-01 1.937762091126241291e-09 6.296823918819427490e-02 6.258801370859146118e-02 5.711133965746739705e-08 5.553775750399836397e-08 nan 6.291014701128005981e-02 1.462535939768273465e+03
1.878983825445175171e-01 1.270193010568618774e-01 1.935791175107242678e-09 6.107074022293090820e-02 6.073367595672607422e-02 5.226590005236175784e-08 5.082583598436940520e-08 nan 6.101924180984497070e-02 1.414865017494528729e+03
1.932828873395919800e-01 1.306592375040054321e-01 1.933877861004656685e-09 5.914780497550964355e-02 5.884103849530220032e-02 4.784183715855760965e-08 4.652365959145754459e-08 nan 5.910093337297439575e-02 1.363850721702974624e+03
1.986673772335052490e-01 1.342991441488265991e-01 1.932018951816384183e-09 5.711840093135833740e-02 5.682685971260070801e-02 4.373051964989826956e-08 4.252562391116043727e-08 nan 5.707385763525962830e-02 1.306041819232709940e+03
2.040518820285797119e-01 1.379390656948089600e-01 1.930211465507478933e-09 5.498068779706954956e-02 5.469110235571861267e-02 3.990047758861692273e-08 3.880111165699418052e-08 nan 5.493644624948501587e-02 1.241746484570069697e+03
2.094363868236541748e-01 1.415790021419525146e-01 1.928452677645768952e-09 5.279512703418731689e-02 5.249888822436332703e-02 3.636743528545594017e-08 3.536541015591865289e-08 nan 5.274986103177070618e-02 1.174129123246082372e+03
2.148208767175674438e-01 1.452189087867736816e-01 1.926740094380007882e-09 5.064867436885833740e-02 5.034309625625610352e-02 3.315938457149059104e-08 3.224575095828186022e-08 nan 5.060199275612831116e-02 1.107395849076930062e+03
2.202053815126419067e-01 1.488588303327560425e-01 1.925071368159055733e-09 4.862821102142333984e-02 4.831607639789581299e-02 3.029667894338672340e-08 2.946191735020420310e-08 nan 4.858052358031272888e-02 1.045486546312839891e+03
2.255898863077163696e-01 1.524987667798995972e-01 1.923444343781293656e-09 4.680193215608596802e-02 4.648976027965545654e-02 2.778231866784608428e-08 2.701683499140017375e-08 nan 4.675423726439476013e-02 9.912744396568061802e+02
2.309743911027908325e-01 1.561386883258819580e-01 1.921857033120720865e-09 4.520135745406150818e-02 4.489704966545104980e-02 2.559549194813826034e-08 2.489026229568480630e-08 nan 4.515486583113670349e-02 9.459212514665100571e+02
2.363588809967041016e-01 1.597786098718643188e-01 1.920307567935778733e-09 4.381494969129562378e-02 4.352544248104095459e-02 2.369342055885681475e-08 2.304059876223618630e-08 nan 4.377071931958198547e-02 9.087709965549256594e+02
2.417433857917785645e-01 1.634185314178466797e-01 1.918794213956308179e-09 4.259974882006645203e-02 4.232931137084960938e-02 2.202250648508652375e-08 2.141572430502947100e-08 nan 4.255843535065650940e-02 8.779386880004641398e+02
2.471278905868530273e-01 1.670584529638290405e-01 1.917315352832477265e-09 4.149722307920455933e-02 4.124672710895538330e-02 2.052900427429449337e-08 1.996337140042214742e-08 nan 4.145894944667816162e-02 8.509821466110516894e+02
2.525123953819274902e-01 1.706983745098114014e-01 1.915869472055197894e-09 4.044419154524803162e-02 4.021136090159416199e-02 1.916479064334453142e-08 1.863674548019389476e-08 nan 4.040861874818801880e-02 8.253307428888077766e+02
2.578969001770019531e-01 1.743383109569549561e-01 1.914455150219987163e-09 3.938636556267738342e-02 3.916673734784126282e-02 1.789288361919716408e-08 1.739988597648789437e-08 nan 3.935281187295913696e-02 7.988224205727453864e+02
2.632813751697540283e-01 1.779782027006149292e-01 1.913071083197014340e-09 3.829528391361236572e-02 3.808358684182167053e-02 1.669302562845587090e-08 1.623308598652783985e-08 nan 3.826294839382171631e-02 7.703870502489006640e+02
2.686658799648284912e-01 1.816181391477584839e-01 1.911715991580206360e-09 3.717381879687309265e-02 3.696534037590026855e-02 1.556094453292189428e-08 1.513219771709373163e-08 nan 3.714196383953094482e-02 7.402481837806617477e+02
2.740503847599029541e-01 1.852580606937408447e-01 1.910388727493893778e-09 3.604447469115257263e-02 3.583606705069541931e-02 1.450068598529696828e-08 1.410115135769274275e-08 nan 3.601263463497161865e-02 7.094089535966199946e+02
2.794348895549774170e-01 1.888979822397232056e-01 1.909088184011114833e-09 3.493517637252807617e-02 3.472568467259407043e-02 1.351749467914942215e-08 1.314505038152447014e-08 nan 3.490317240357398987e-02 6.790467059428150378e+02
2.848193943500518799e-01 1.925379037857055664e-01 1.907813323590368924e-09 3.387390077114105225e-02 3.366408124566078186e-02 1.261554150033816768e-08 1.226794754671800547e-08 nan 3.384184464812278748e-02 6.502837794822004298e+02
2.902038991451263428e-01 1.961778402328491211e-01 1.906563162582237113e-09 3.288606554269790649e-02 3.267800062894821167e-02 1.179710373833131598e-08 1.147205885843050055e-08 nan 3.285427764058113098e-02 6.240872973774348793e+02
2.955884039402008057e-01 1.998177617788314819e-01 1.905336787226579552e-09 3.198675066232681274e-02 3.178307786583900452e-02 1.106018565621980088e-08 1.075544631135016971e-08 nan 3.195563331246376038e-02 6.009889224225605631e+02
3.009728789329528809e-01 2.034576684236526489e-01 1.904133323856378078e-09 3.117376007139682770e-02 3.097687475383281708e-02 1.039694019766557176e-08 1.011047512378127067e-08 nan 3.114368394017219543e-02 5.808582593459188956e+02
3.063573837280273438e-01 2.070975899696350098e-01 1.902951936232507350e-09 3.043051436543464661e-02 3.024196252226829529e-02 9.795638078458068776e-09 9.525740196636434121e-09 nan 3.040170669555664062e-02 5.630434149850858603e+02
3.117418885231018066e-01 2.107375115156173706e-01 1.901791846628511990e-09 2.973541989922523499e-02 2.955561317503452301e-02 9.244323528889708541e-09 8.989616162580205128e-09 nan 2.970794588327407837e-02 5.467305811491767145e+02
3.171263933181762695e-01 2.143774479627609253e-01 1.900652308391623192e-09 2.906824648380279541e-02 2.889650873839855194e-02 8.732846445980158023e-09 8.492230918477616797e-09 nan 2.904200926423072815e-02 5.311776687305298310e+02
3.225108981132507324e-01 2.180173695087432861e-01 1.899532626729035332e-09 2.841179259121417999e-02 2.824664674699306488e-02 8.253130623359083984e-09 8.025733855276939721e-09 nan 2.838656492531299591e-02 5.157693618539746012e+02
3.278954029083251953e-01 2.216572910547256470e-01 1.898432128189829179e-09 2.775400504469871521e-02 2.759363315999507904e-02 7.799492607318825321e-09 7.584595174137120921e-09 nan 2.772950753569602966e-02 5.000907690150668827e+02
3.332799077033996582e-01 2.252972126007080078e-01 1.897350177081271127e-09 2.709161676466464996e-02 2.693431451916694641e-02 7.369292731596033263e-09 7.166248039425227034e-09 nan 2.706758305430412292e-02 4.840536945877374819e+02
3.386643826961517334e-01 2.289371192455291748e-01 1.896286172945125672e-09 2.643072232604026794e-02 2.627526782453060150e-02 6.962630916262924075e-09 6.770790594856634925e-09 nan 2.640697173774242401e-02 4.679059131841302701e+02
3.440488874912261963e-01 2.325770407915115356e-01 1.895239531240720810e-09 2.578238770365715027e-02 2.562821097671985626e-02 6.580802125455420537e-09 6.399482277430479371e-09 nan 2.575883269309997559e-02 4.520616022266228811e+02
3.494333922863006592e-01 2.362169772386550903e-01 1.894209703480833635e-09 2.515713497996330261e-02 2.500432357192039490e-02 6.224741611049466883e-09 6.053232581848533300e-09 nan 2.513378858566284180e-02 4.368998413002285020e+02
3.548178970813751221e-01 2.398568987846374512e-01 1.893196174858241155e-09 2.456250973045825958e-02 2.441164478659629822e-02 5.894481791557382167e-09 5.732072594355486217e-09 nan 2.453945949673652649e-02 4.226819887711488946e+02
3.602024018764495850e-01 2.434968203306198120e-01 1.892198441798694543e-09 2.400295436382293701e-02 2.385485731065273285e-02 5.589248619486397729e-09 5.435249139651432415e-09 nan 2.398032695055007935e-02 4.095526500917432031e+02
3.655869066715240479e-01 2.471367418766021729e-01 1.891216027459402332e-09 2.347924001514911652e-02 2.333470806479454041e-02 5.307449146840781395e-09 5.161214122750834576e-09 nan 2.345716021955013275e-02 3.975272823004894462e+02
3.709714114665985107e-01 2.507766783237457275e-01 1.890248472221847833e-09 2.298760041594505310e-02 2.284719236195087433e-02 5.046606688097199367e-09 4.907557915601046261e-09 nan 2.296614833176136017e-02 3.864681331211709221e+02
3.763558864593505859e-01 2.544165849685668945e-01 1.889295352117686434e-09 2.252073958516120911e-02 2.238465100526809692e-02 4.803710318412868219e-09 4.671354414398365407e-09 nan 2.249994874000549316e-02 3.761239372896829423e+02
3.817403912544250488e-01 2.580564916133880615e-01 1.888356242191734645e-09 2.207076549530029297e-02 2.193881943821907043e-02 4.575911205506599799e-09 4.449831614294907922e-09 nan 2.205060608685016632e-02 3.662299911046551415e+02
3.871248960494995117e-01 2.616964280605316162e-01 1.887430735669950155e-09 2.163146808743476868e-02 2.150319889187812805e-02 4.360976912920477844e-09 4.240820139500556252e-09 nan 2.161187119781970978e-02 3.565834675014406230e+02
3.925094008445739746e-01 2.653363645076751709e-01 1.886518457772270655e-09 2.119870111346244812e-02 2.107348479330539703e-02 4.157295396822746625e-09 4.042750134658490424e-09 nan 2.117957174777984619e-02 3.470537417437531076e+02
3.978939056396484375e-01 2.689762711524963379e-01 1.885619049100158659e-09 2.077034860849380493e-02 2.064756490290164948e-02 3.963789296790309891e-09 3.854575325590303692e-09 nan 2.075159177184104919e-02 3.375794184101603719e+02
4.032784104347229004e-01 2.726162075996398926e-01 1.884732143174389957e-09 2.034693583846092224e-02 2.022609300911426544e-02 3.779969670603122722e-09 3.675820536841456487e-09 nan 2.032847329974174500e-02 3.281857789969785131e+02
4.086629152297973633e-01 2.762561440467834473e-01 1.883857409814700777e-09 1.993156969547271729e-02 1.981238275766372681e-02 3.605846732313011671e-09 3.506495760419170438e-09 nan 1.991336047649383545e-02 3.189799371324266417e+02
4.140473902225494385e-01 2.798960208892822266e-01 1.882994538868699288e-09 1.952810771763324738e-02 1.941050961613655090e-02 3.441541718274265804e-09 3.346717347696426259e-09 nan 1.951014064252376556e-02 3.100891226650988415e+02
4.194318950176239014e-01 2.835359573364257812e-01 1.882143190604211824e-09 1.913917437195777893e-02 1.902328617870807648e-02 3.286932725998781279e-09 3.196368725255638310e-09 nan 1.912146992981433868e-02 3.015974453711239676e+02
4.248163998126983643e-01 2.871758937835693359e-01 1.881303079826970542e-09 1.876599714159965515e-02 1.865203678607940674e-02 3.141653825977641645e-09 3.055092401282877290e-09 nan 1.874858699738979340e-02 2.935421071194362526e+02
4.302009046077728271e-01 2.908158004283905029e-01 1.880473925305205483e-09 1.840906403958797455e-02 1.829727552831172943e-02 3.005234283648405835e-09 2.922431630025812410e-09 nan 1.839198544621467590e-02 2.859362076107087773e+02
4.355854094028472900e-01 2.944557368755340576e-01 1.879655436356054805e-09 1.806789636611938477e-02 1.795846596360206604e-02 2.877076799023825515e-09 2.797805320753354863e-09 nan 1.805117912590503693e-02 2.787622057385033258e+02
4.409699141979217529e-01 2.980956733226776123e-01 1.878847353036435648e-09 1.774041540920734406e-02 1.763342320919036865e-02 2.756375128143417896e-09 2.680429211920909438e-09 nan 1.772407069802284241e-02 2.719537983385312145e+02
4.463544189929962158e-01 3.017355799674987793e-01 1.878049424887222573e-09 1.742354966700077057e-02 1.731895469129085541e-02 2.642235763516964653e-09 2.569434665034009413e-09 nan 1.740757189691066742e-02 2.654161061956071421e+02
4.517388939857482910e-01 3.053754866123199463e-01 1.877261397654174740e-09 1.711475476622581482e-02 1.701240986585617065e-02 2.533914633673362005e-09 2.464098036725204111e-09 nan 1.709911972284317017e-02 2.590721040602636549e+02
4.571233987808227539e-01 3.090154230594635010e-01 1.876483026309890802e-09 1.681261882185935974e-02 1.671231165528297424e-02 2.430892154237085379e-09 2.363914175518289085e-09 nan 1.679729297757148743e-02 2.528808064935176674e+02
4.625079035758972168e-01 3.126553297042846680e-01 1.875714093387305177e-09 1.651633158326148987e-02 1.641783677041530609e-02 2.332774640123602694e-09 2.268499832425163731e-09 nan 1.650128513574600220e-02 2.468198681218215995e+02
4.678924083709716797e-01 3.162952661514282227e-01 1.874954364165268396e-09 1.622539199888706207e-02 1.612850464880466461e-02 2.239237018031303705e-09 2.177539704106834506e-09 nan 1.621058955788612366e-02 2.408763750343945276e+02
4.732769131660461426e-01 3.199352025985717773e-01 1.874203630559428286e-09 1.594003476202487946e-02 1.584461331367492676e-02 2.150078781681941109e-09 2.090837947221757531e-09 nan 1.592545583844184875e-02 2.350594216616611618e+02
4.786614179611206055e-01 3.235751092433929443e-01 1.873461691551420399e-09 1.566139794886112213e-02 1.556737441569566727e-02 2.065228654757333970e-09 2.008325727942406047e-09 nan 1.564703136682510376e-02 2.294041814470199370e+02
4.840458929538726807e-01 3.272150158882141113e-01 1.872728340933758753e-09 1.539075095206499100e-02 1.529811881482601166e-02 1.984632014284670731e-09 1.929949977608202971e-09 nan 1.537659764289855957e-02 2.239484274424420107e+02
4.894303977489471436e-01 3.308549523353576660e-01 1.872003379495005729e-09 1.512864697724580765e-02 1.503744628280401230e-02 1.908142310824700871e-09 1.855567810515879046e-09 nan 1.511471439152956009e-02 2.187080880365118674e+02
4.948149025440216064e-01 3.344948589801788330e-01 1.871286632213937058e-09 1.487493421882390976e-02 1.478522084653377533e-02 1.835531726612771308e-09 1.784957515127416627e-09 nan 1.486122701317071915e-02 2.136782421891957995e+02
5.001994371414184570e-01 3.381348252296447754e-01 1.870577900826693527e-09 1.462928112596273422e-02 1.454110629856586456e-02 1.766563784144636884e-09 1.717890052432835546e-09 nan 1.461581047624349594e-02 2.088488478570855875e+02
5.055838823318481445e-01 3.417747020721435547e-01 1.869877039368293133e-09 1.439134217798709869e-02 1.430472638458013535e-02 1.701015106547743017e-09 1.654147374630099421e-09 nan 1.437810994684696198e-02 2.042095204024907957e+02
5.109683871269226074e-01 3.454146385192871094e-01 1.869183849789121820e-09 1.416044682264328003e-02 1.407537516206502914e-02 1.638638114087598296e-09 1.593488896389771980e-09 nan 1.414745021611452103e-02 1.997409286569625522e+02
5.163528919219970703e-01 3.490545451641082764e-01 1.868498185335105332e-09 1.393550634384155273e-02 1.385193038731813431e-02 1.579153918740416884e-09 1.535643612271542224e-09 nan 1.392273791134357452e-02 1.954123005948515015e+02
5.217373967170715332e-01 3.526944816112518311e-01 1.867819876059786520e-09 1.371552981436252594e-02 1.363337226212024689e-02 1.522313608504077820e-09 1.480369493656041868e-09 nan 1.370297838002443314e-02 1.911961928741073393e+02
5.271219015121459961e-01 3.563344180583953857e-01 1.867148773833358248e-09 1.350009255111217499e-02 1.341926679015159607e-02 1.467946986188906067e-09 1.427500784245694376e-09 nan 1.348774414509534836e-02 1.870813767543851611e+02
5.325064063072204590e-01 3.599743247032165527e-01 1.866484735032350672e-09 1.328919082880020142e-02 1.320961304008960724e-02 1.415938810644945534e-09 1.376925573559617533e-09 nan 1.327703334391117096e-02 1.830684230501780405e+02
5.378909111022949219e-01 3.636142611503601074e-01 1.865827604301946768e-09 1.308280043303966522e-02 1.300439983606338501e-02 1.366179058770455867e-09 1.328536836098237472e-09 nan 1.307082269340753555e-02 1.791571819907911447e+02
5.432754158973693848e-01 3.672541677951812744e-01 1.865177252290424566e-09 1.288084499537944794e-02 1.280357595533132553e-02 1.318557596441394253e-09 1.282227546361980330e-09 nan 1.286904048174619675e-02 1.753460420629733960e+02
5.486599206924438477e-01 3.708941042423248291e-01 1.864533532427482462e-09 1.268349960446357727e-02 1.260733418166637421e-02 1.272995930889919691e-09 1.237921209984449433e-09 nan 1.267186366021633148e-02 1.716400946872419411e+02
5.540444254875183105e-01 3.745340406894683838e-01 1.863896318172137942e-09 1.249114517122507095e-02 1.241607498377561569e-02 1.229439328120918162e-09 1.195564869327370161e-09 nan 1.247967686504125595e-02 1.680497753037471114e+02
5.594289302825927734e-01 3.781739473342895508e-01 1.863265486641235488e-09 1.230394281446933746e-02 1.222996879369020462e-02 1.187813736258647168e-09 1.155086137849536954e-09 nan 1.229264214634895325e-02 1.645793773403947284e+02
5.648134350776672363e-01 3.818138837814331055e-01 1.862640903204479876e-09 1.212163735181093216e-02 1.204876415431499481e-02 1.148008577089854043e-09 1.116377768006771021e-09 nan 1.211050339043140411e-02 1.612218037995609450e+02
5.701979398727416992e-01 3.854538202285766602e-01 1.862022452330667509e-09 1.194387022405862808e-02 1.187209505587816238e-02 1.109910274799119634e-09 1.079329070563517234e-09 nan 1.193290390074253082e-02 1.579675120378963982e+02
5.755824446678161621e-01 3.890937268733978271e-01 1.861410021730888845e-09 1.177046447992324829e-02 1.169977523386478424e-02 1.073427902120727140e-09 1.043852004833922820e-09 nan 1.175966393202543259e-02 1.548117333886327742e+02
5.809668898582458496e-01 3.927336037158966064e-01 1.860803497296447543e-09 1.160125993192195892e-02 1.153163425624370575e-02 1.038477304149409974e-09 1.009864192269560590e-09 nan 1.159062236547470093e-02 1.517502093261605012e+02
5.863513946533203125e-01 3.963735401630401611e-01 1.860202753428811389e-09 1.143588591367006302e-02 1.136729307472705841e-02 1.004960004102883886e-09 9.772705977795226318e-10 nan 1.142540667206048965e-02 1.487732795326941755e+02
5.917358994483947754e-01 4.000134766101837158e-01 1.859607692406273365e-09 1.127391494810581207e-02 1.120631676167249680e-02 9.727785243995867859e-10 9.459756311613887192e-10 nan 1.126358658075332642e-02 1.458699583534792623e+02
5.971204042434692383e-01 4.036533832550048828e-01 1.859018214291441706e-09 1.111517474055290222e-02 1.104853488504886627e-02 9.418625879220599018e-10 9.159116798329591802e-10 nan 1.110499445348978043e-02 1.430359661928392541e+02
6.025049090385437012e-01 4.072933197021484375e-01 1.858434207544148841e-09 1.095973514020442963e-02 1.089401636272668839e-02 9.121661204147812896e-10 8.870333356725268459e-10 nan 1.094969641417264938e-02 1.402733013900417234e+02
6.078894138336181641e-01 4.109332561492919922e-01 1.857855577876460681e-09 1.080760918557643890e-02 1.074278168380260468e-02 8.836399389977600549e-10 8.592931366457889908e-10 nan 1.079770456999540329e-02 1.375824101546891995e+02
6.132739186286926270e-01 4.145731627941131592e-01 1.857282233477322155e-09 1.065866183489561081e-02 1.059470418840646744e-02 8.562260345179595333e-10 8.326345724007921945e-10 nan 1.064889132976531982e-02 1.349599403522113619e+02
6.186584234237670898e-01 4.182130992412567139e-01 1.856714071034082293e-09 1.051283441483974457e-02 1.044973079115152359e-02 8.298747244950277491e-10 8.070093482359652626e-10 nan 1.050319336354732513e-02 1.324044911867468670e+02
6.240429282188415527e-01 4.218530058860778809e-01 1.856151008397507339e-09 1.037022843956947327e-02 1.030796580016613007e-02 8.045515365040500910e-10 7.823838799048132842e-10 nan 1.036071497946977615e-02 1.299186415965841661e+02
6.294274330139160156e-01 4.254929423332214355e-01 1.855592947277603754e-09 1.023089513182640076e-02 1.016946695744991302e-02 7.802195001183065415e-10 7.587222516924896354e-10 nan 1.022151019424200058e-02 1.275036901695844875e+02
6.556535363197326660e-01 4.432217776775360107e-01 1.852943630635520644e-09 9.593838825821876526e-03 9.536288678646087646e-03 6.742771341272657537e-10 6.556988285666420779e-10 nan 9.585046209394931793e-03 1.166241657500358002e+02
8.039034605026245117e-01 5.434387326240539551e-01 1.839770603253567837e-09 6.934159435331821442e-03 6.892574019730091095e-03 3.241761581396218617e-10 3.152441918619075523e-10 nan 6.927806418389081955e-03 7.416898215928900129e+01
9.932619333267211914e-01 6.714450716972351074e-01 1.826201010048688587e-09 4.924655426293611526e-03 4.895130172371864319e-03 1.508146246775865507e-10 1.466592541854438991e-10 nan 4.920144565403461456e-03 4.588081594240676964e+01
1.227223634719848633e+00 8.296031951904296875e-01 1.812731498599941669e-09 3.480365732684731483e-03 3.459505969658493996e-03 6.981887290535837565e-11 6.789516865390865519e-11 nan 3.477178979665040970e-03 2.810438215253120475e+01
1.516294717788696289e+00 1.025015234947204590e+00 1.799361337301671755e-09 2.448757877573370934e-03 2.434084657579660416e-03 3.217912047936977160e-11 3.129249290245716963e-11 nan 2.446515951305627823e-03 1.706321315276958472e+01
1.873456120491027832e+00 1.266456365585327148e+00 1.786089789356977996e-09 1.715978025458753109e-03 1.705698203295469284e-03 1.477135948280139388e-11 1.436436820184683327e-11 nan 1.714407582767307758e-03 1.027631408961777026e+01
2.314746379852294922e+00 1.564768552780151367e+00 1.772916133006574509e-09 1.198073616251349449e-03 1.190898125059902668e-03 6.755737462504907143e-12 6.569597730404774794e-12 nan 1.196977565996348858e-03 6.143639593227342210e+00
2.859982252120971680e+00 1.933347940444946289e+00 1.759839636962373426e-09 8.336856844834983349e-04 8.286937372758984566e-04 3.079442083275818476e-12 2.994594806501882367e-12 nan 8.329230477102100849e-04 3.648448429162232554e+00
3.533647537231445312e+00 2.388745784759521484e+00 1.746859588797865175e-09 5.783527740277349949e-04 5.748908151872456074e-04 1.399404355416355994e-12 1.360846656715819503e-12 nan 5.778238410130143166e-04 2.153445857935226471e+00
4.365993976593017578e+00 2.951411962509155273e+00 1.733975279535418463e-09 4.000981571152806282e-04 3.977041051257401705e-04 6.341585243041514275e-13 6.166856305125922866e-13 nan 3.997323801741003990e-04 1.263939347013082637e+00
5.394398689270019531e+00 3.646613597869873047e+00 1.721185999058096773e-09 2.760733477771282196e-04 2.744223165791481733e-04 2.866401235292193039e-13 2.787423612239658954e-13 nan 2.758211048785597086e-04 7.380518633114638849e-01
6.665042877197265625e+00 4.505568981170654297e+00 1.708491050912268841e-09 1.900435745483264327e-04 1.889078557724133134e-04 1.292550322416069486e-13 1.256936720504808758e-13 nan 1.898700575111433864e-04 4.289326766575997096e-01
8.234986305236816406e+00 5.566850662231445312e+00 1.695889732548296616e-09 1.305373443756252527e-04 1.297581184189766645e-04 5.815828504548981037e-14 5.655586133961054696e-14 nan 1.304182951571419835e-04 2.481973828015553440e-01
1.017472743988037109e+01 6.878115653991699219e+00 1.683381361073609185e-09 8.948270260589197278e-05 8.894941856851801276e-05 2.611557922227534384e-14 2.539601965138513218e-14 nan 8.940122643252834678e-05 1.430377179465610049e-01
1.257137203216552734e+01 8.498247146606445312e+00 1.670965250288532184e-09 6.122506601968780160e-05 6.086108624003827572e-05 1.170511018162454994e-14 1.138260069289158058e-14 nan 6.116945587564259768e-05 8.212506202539608668e-02
1.553254413604736328e+01 1.050000000000000000e+01 1.658640709094829109e-09 4.181789699941873550e-05 4.157021248829551041e-05 5.237173372654290587e-15 5.092873686792995236e-15 nan 4.178005474386736751e-05 4.698793690857989980e-02
