# k/h [h/Mpc]            k [1/Mpc]              Primoridal             T_cdm(k)                 T_bar(k)                 T_phot(k)                T_massless neutrions(k)  T_massive neutrinos(k)   T_total(k)               Linear Pk [(Mpc/h)^3]  
1.049045658874092624e-05 7.091548468451946974e-06 2.727206404909961128e-09 1.000000000000000000e+00 1.000000000000000000e+00 1.000000000000000000e+00 1.000000000000000000e+00 nan 1.000000000000000000e+00 9.025979492885410238e+00
1.158353370556142181e-05 7.830468348402064294e-06 2.717761705682844603e-09 9.999997615814208984e-01 9.999997615814208984e-01 9.999535083770751953e-01 9.999521374702453613e-01 nan 9.999997615814208984e-01 9.931942445293680422e+00
1.279050593439023942e-05 8.646382411825470626e-06 2.708349706436794825e-09 9.999995231628417969e-01 9.999995231628417969e-01 9.998967647552490234e-01 9.998938441276550293e-01 nan 9.999995231628417969e-01 1.092883778972038300e+01
1.412324218108551577e-05 9.547311492497101426e-06 2.698970312856197758e-09 9.999992251396179199e-01 9.999991059303283691e-01 9.998275637626647949e-01 9.998227357864379883e-01 nan 9.999992251396179199e-01 1.202579353336794910e+01
1.559484553581569344e-05 1.054211588780162856e-05 2.689623392481895528e-09 9.999987483024597168e-01 9.999986290931701660e-01 9.997431635856628418e-01 9.997360706329345703e-01 nan 9.999987483024597168e-01 1.323285032280042373e+01
1.721978514979127795e-05 1.164057448477251455e-05 2.680308856040028027e-09 9.999981522560119629e-01 9.999981522560119629e-01 9.996404051780700684e-01 9.996303319931030273e-01 nan 9.999981522560119629e-01 1.456105676054811049e+01
1.901403993542771786e-05 1.285349117097212002e-05 2.671026563908324178e-09 9.999974966049194336e-01 9.999974966049194336e-01 9.995149374008178711e-01 9.995015263557434082e-01 nan 9.999974966049194336e-01 1.602257684934646775e+01
2.099525045196060091e-05 1.419278942194068804e-05 2.661776424936157355e-09 9.999966621398925781e-01 9.999965429306030273e-01 9.993620514869689941e-01 9.993445277214050293e-01 nan 9.999966621398925781e-01 1.763078600587737554e+01
2.318289807590190321e-05 1.567163963045459241e-05 2.652558315858844083e-09 9.999957680702209473e-01 9.999955296516418457e-01 9.991757273674011230e-01 9.991529583930969238e-01 nan 9.999956488609313965e-01 1.940041166166924569e+01
2.559849235694855452e-05 1.730458097881637514e-05 2.643372135990062650e-09 9.999945163726806641e-01 9.999942779541015625e-01 9.989485740661621094e-01 9.989196062088012695e-01 nan 9.999945163726806641e-01 2.134764045054171433e+01
2.826578383974265307e-05 1.910767059598583728e-05 2.634217767634683471e-09 9.999930262565612793e-01 9.999927878379821777e-01 9.986715912818908691e-01 9.986351728439331055e-01 nan 9.999930262565612793e-01 2.349029979983616556e+01
3.121100235148333013e-05 2.109863817167934030e-05 2.625095097817206075e-09 9.999912977218627930e-01 9.999910593032836914e-01 9.983341097831726074e-01 9.982882738113403320e-01 nan 9.999911785125732422e-01 2.584801119145625137e+01
3.446310074650682509e-05 2.329705603187903762e-05 2.616004033478672110e-09 9.999890327453613281e-01 9.999887943267822266e-01 9.979227781295776367e-01 9.978656768798828125e-01 nan 9.999890327453613281e-01 2.844232763412448506e+01
3.805406231549568474e-05 2.572454650362487882e-05 2.606944439452153756e-09 9.999864101409912109e-01 9.999860525131225586e-01 9.974213838577270508e-01 9.973505735397338867e-01 nan 9.999864101409912109e-01 3.129701653695215313e+01
4.201919000479392707e-05 2.840497290890198201e-05 2.597916226597658093e-09 9.999831914901733398e-01 9.999827146530151367e-01 9.968104362487792969e-01 9.967228174209594727e-01 nan 9.999831914901733398e-01 3.443817664839222914e+01
4.639747567125596106e-05 3.136469240416772664e-05 2.588919279439887767e-09 9.999793171882629395e-01 9.999787211418151855e-01 9.960659742355346680e-01 9.959580302238464355e-01 nan 9.999791979789733887e-01 3.789455507651794619e+01
5.123196388012729585e-05 3.463280881987884641e-05 2.579953483847589841e-09 9.999744892120361328e-01 9.999738335609436035e-01 9.951591491699218750e-01 9.950262308120727539e-01 nan 9.999743103981018066e-01 4.169775655629504030e+01
5.657019573845900595e-05 3.824145096587017179e-05 2.571018745591721348e-09 9.999687075614929199e-01 9.999678730964660645e-01 9.940545558929443359e-01 9.938912391662597656e-01 nan 9.999684691429138184e-01 4.588255983577367658e+01
6.246465636650100350e-05 4.222610732540488243e-05 2.562114941593048984e-09 9.999614953994750977e-01 9.999605417251586914e-01 9.927092790603637695e-01 9.925091862678527832e-01 nan 9.999613761901855469e-01 5.048721838533514017e+01
6.897329876665025949e-05 4.662595165427774191e-05 2.553241977543412439e-09 9.999527931213378906e-01 9.999516606330871582e-01 9.910712242126464844e-01 9.908264279365539551e-01 nan 9.999526739120483398e-01 5.555381450493592155e+01
7.616012590005993843e-05 5.148424679646268487e-05 2.544399743325443185e-09 9.999421834945678711e-01 9.999408125877380371e-01 9.890776872634887695e-01 9.887784719467163086e-01 nan 9.999419450759887695e-01 6.112863131527962679e+01
8.409580186707898974e-05 5.684876305167563260e-05 2.535588130685252624e-09 9.999292492866516113e-01 9.999276399612426758e-01 9.866522550582885742e-01 9.862868189811706543e-01 nan 9.999290108680725098e-01 6.726257881614692735e+01
9.285835403716191649e-05 6.277224747464060783e-05 2.526807033334104165e-09 9.999134540557861328e-01 9.999115467071533203e-01 9.837027192115783691e-01 9.832568764686584473e-01 nan 9.999132156372070312e-01 7.401160715145428526e+01
1.025339443003758788e-04 6.931294774403795600e-05 2.518056339675267213e-09 9.998942613601684570e-01 9.998918771743774414e-01 9.801177978515625000e-01 9.795744419097900391e-01 nan 9.998939037322998047e-01 8.143726373827617238e+01
1.132176985265687108e-04 7.653516513528302312e-05 2.509335958204897443e-09 9.998708367347717285e-01 9.998678565025329590e-01 9.757637977600097656e-01 9.751023054122924805e-01 nan 9.998704791069030762e-01 8.960719199576064398e+01
1.250146742677316070e-04 8.450992027064785361e-05 2.500645773867358897e-09 9.998423457145690918e-01 9.998387098312377930e-01 9.704802036285400391e-01 9.696755409240722656e-01 nan 9.998418092727661133e-01 9.859574985883355680e+01
1.380408502882346511e-04 9.331561159342527390e-05 2.491985695624705562e-09 9.998077154159545898e-01 9.998031854629516602e-01 9.640750885009765625e-01 9.630975723266601562e-01 nan 9.998070597648620605e-01 1.084846021072806366e+02
1.524243270978331566e-04 1.030388448270969093e-04 2.483355596498544299e-09 9.997654557228088379e-01 9.997599720954895020e-01 9.563203454017639160e-01 9.551344513893127441e-01 nan 9.997645020484924316e-01 1.193634505784107063e+02
1.683065347606316209e-04 1.137752187787555158e-04 2.474755379885282393e-09 9.997138977050781250e-01 9.997072815895080566e-01 9.469459056854248047e-01 9.455093741416931152e-01 nan 9.997128844261169434e-01 1.313308198073761446e+02
1.858436153270304203e-04 1.256302784895524383e-04 2.466184957973141175e-09 9.996512532234191895e-01 9.996432662010192871e-01 9.356352686882019043e-01 9.338980913162231445e-01 nan 9.996500015258789062e-01 1.444948096905051216e+02
2.052080089924857020e-04 1.387206139042973518e-04 2.457644209414643305e-09 9.995750188827514648e-01 9.995653033256530762e-01 9.220197200775146484e-01 9.199234247207641602e-01 nan 9.995735287666320801e-01 1.589739672343316954e+02
2.265901130158454180e-04 1.531749148853123188e-04 2.449133045395065615e-09 9.994822144508361816e-01 9.994704127311706543e-01 9.056759476661682129e-01 9.031526446342468262e-01 nan 9.994803667068481445e-01 1.748982104086737763e+02
2.502001880202442408e-04 1.691353245405480266e-04 2.440651351248999153e-09 9.993695020675659180e-01 9.993550777435302734e-01 8.861251473426818848e-01 8.830967545509338379e-01 nan 9.993672966957092285e-01 1.924099279281159625e+02
2.762703516054898500e-04 1.867587561719119549e-04 2.432199034655000626e-09 9.992325305938720703e-01 9.992151856422424316e-01 8.628369569778442383e-01 8.592157363891601562e-01 nan 9.992299079895019531e-01 2.116647163205143158e+02
3.050569503102451563e-04 2.062184939859434962e-04 2.423775992290330563e-09 9.990663528442382812e-01 9.990453124046325684e-01 8.352409005165100098e-01 8.309296965599060059e-01 nan 9.990631341934204102e-01 2.328327168870538060e+02
3.368430479895323515e-04 2.277058956678956747e-04 2.415382114947829304e-09 9.988647103309631348e-01 9.988394379615783691e-01 8.027485013008117676e-01 7.976431846618652344e-01 nan 9.988608360290527344e-01 2.560994795940108020e+02
3.719411906786262989e-04 2.514322404749691486e-04 2.407017301830847028e-09 9.986204504966735840e-01 9.985901713371276855e-01 7.647905349731445312e-01 7.587839961051940918e-01 nan 9.986157417297363281e-01 2.816672463754226783e+02
4.106964333914220333e-04 2.776307810563594103e-04 2.398681465071051552e-09 9.983249902725219727e-01 9.982886314392089844e-01 7.208752036094665527e-01 7.138642072677612305e-01 nan 9.983193874359130859e-01 3.097556989457815462e+02
4.534898616839200258e-04 3.065591445192694664e-04 2.390374494355455649e-09 9.979680776596069336e-01 9.979248046875000000e-01 6.706725955009460449e-01 6.625679135322570801e-01 nan 9.979614615440368652e-01 3.406032378255077333e+02
5.007422878406941891e-04 3.385017917025834322e-04 2.382096284987275655e-09 9.975378513336181641e-01 9.974864125251770020e-01 6.141287088394165039e-01 6.048694849014282227e-01 nan 9.975299835205078125e-01 3.744676379849110504e+02
5.529182380996644497e-04 3.737727238330990076e-04 2.373846756225058361e-09 9.970203042030334473e-01 9.969594478607177734e-01 5.516092181205749512e-01 5.411819219589233398e-01 nan 9.970110058784484863e-01 4.116266729035932030e+02
6.105307838879525661e-04 4.127188003621995449e-04 2.365625794166928840e-09 9.963994622230529785e-01 9.963281750679016113e-01 4.840636849403381348e-01 4.725249707698822021e-01 nan 9.963886141777038574e-01 4.523790863306298888e+02
6.741464603692293167e-04 4.557229985948652029e-04 2.357433293568910220e-09 9.956569671630859375e-01 9.955739974975585938e-01 4.131837487220764160e-01 4.006844460964202881e-01 nan 9.956442713737487793e-01 4.970442783608372679e+02
7.443906506523489952e-04 5.032080807723104954e-04 2.349269171114912410e-09 9.947721362113952637e-01 9.946764707565307617e-01 3.415059149265289307e-01 3.283118307590484619e-01 nan 9.947574734687805176e-01 5.459625280588689975e+02
8.219541050493717194e-04 5.556409596465528011e-04 2.341133324843220307e-09 9.937216639518737793e-01 9.936125874519348145e-01 2.723798751831054688e-01 2.588806152343750000e-01 nan 9.937050938606262207e-01 5.994944521272145721e+02
9.075994603335857391e-04 6.135372095741331577e-04 2.333025652639057309e-09 9.924803972244262695e-01 9.923576712608337402e-01 2.096978425979614258e-01 1.963925212621688843e-01 nan 9.924616813659667969e-01 6.580206886339670973e+02
1.002168864943087101e-03 6.774661596864461899e-04 2.324946049885245546e-09 9.910203814506530762e-01 9.908843636512756348e-01 1.572874635457992554e-01 1.447362005710601807e-01 nan 9.909996986389160156e-01 7.219396397327220711e+02
1.106592128053307533e-03 7.480562780983746052e-04 2.316894434325377400e-09 9.893122315406799316e-01 9.891638159751892090e-01 1.179467961192131042e-01 1.066836789250373840e-01 nan 9.892895817756652832e-01 7.916668618397477530e+02
1.221895916387438774e-03 8.260016329586505890e-04 2.308870708568745277e-09 9.873237609863281250e-01 9.871647357940673828e-01 9.229505062103271484e-02 8.271624892950057983e-02 nan 9.872995018959045410e-01 8.676307509411039973e+02
1.349214115180075169e-03 9.120687609538435936e-04 2.300874762407135126e-09 9.850209355354309082e-01 9.848536252975463867e-01 7.792661339044570923e-02 7.019388675689697266e-02 nan 9.849953651428222656e-01 9.502693197818756516e+02
1.489798538386821747e-03 1.007103826850652695e-03 2.292906509188567727e-09 9.823667407035827637e-01 9.821935892105102539e-01 6.964545696973800659e-02 6.366662681102752686e-02 nan 9.823402762413024902e-01 1.040023531938787983e+03
1.645031501539051533e-03 1.112041296437382698e-03 2.284965850418265676e-09 9.793207645416259766e-01 9.791437983512878418e-01 6.144608929753303528e-02 5.697527155280113220e-02 nan 9.792936444282531738e-01 1.137328133587386446e+03
1.816439209505915642e-03 1.227912958711385727e-03 2.277052691606405739e-09 9.758384227752685547e-01 9.756584167480468750e-01 4.988653957843780518e-02 4.669854044914245605e-02 nan 9.758110046386718750e-01 1.242601099134256401e+03
2.005707239732146263e-03 1.355858054012060165e-03 2.269166941709029953e-09 9.718707799911499023e-01 9.716866016387939453e-01 3.660341724753379822e-02 3.457707911729812622e-02 nan 9.718426465988159180e-01 1.356228745601183391e+03
2.214696491137146950e-03 1.497134799137711525e-03 2.261308494449764354e-09 9.673646092414855957e-01 9.671730399131774902e-01 2.667212486267089844e-02 2.563624083995819092e-02 nan 9.673353433609008789e-01 1.478551147438827456e+03
2.445461694151163101e-03 1.653132145293056965e-03 2.253477264686429142e-09 9.622634053230285645e-01 9.620599150657653809e-01 2.255261875689029694e-02 2.160252071917057037e-02 nan 9.622322916984558105e-01 1.609844344603960053e+03
2.700272016227245331e-03 1.825383864343166351e-03 2.245673160886940457e-09 9.565073847770690918e-01 9.562871456146240234e-01 2.036541700363159180e-02 1.761304773390293121e-02 nan 9.564737677574157715e-01 1.750300531624438008e+03
2.981632947921752930e-03 2.015583915635943413e-03 2.237896076485985185e-09 9.500342011451721191e-01 9.497929215431213379e-01 1.587655581533908844e-02 1.434887945652008057e-02 nan 9.499973654747009277e-01 1.900003924164385580e+03
3.292310982942581177e-03 2.225602278485894203e-03 2.230145925871712440e-09 9.427784085273742676e-01 9.425130486488342285e-01 1.188536826521158218e-02 1.167930196970701218e-02 nan 9.427378177642822266e-01 2.058900371106653438e+03
3.635360859334468842e-03 2.457503927871584892e-03 2.222422616889744185e-09 9.346721768379211426e-01 9.343801140785217285e-01 1.087682973593473434e-02 9.497048333287239075e-03 nan 9.346275329589843750e-01 2.226766713617558253e+03
4.014155361801385880e-03 2.713568974286317825e-03 2.214726058195065524e-09 9.256460666656494141e-01 9.253222942352294922e-01 8.640193380415439606e-03 7.714255712926387787e-03 nan 9.255965948104858398e-01 2.403178529601967512e+03
4.432419314980506897e-03 2.996315481141209602e-03 2.207056148657132701e-09 9.156290292739868164e-01 9.152655005455017090e-01 6.592486053705215454e-03 6.258718203753232956e-03 nan 9.155734777450561523e-01 2.587469521708050706e+03
4.894265439361333847e-03 3.308523446321487427e-03 2.199412800139309644e-09 9.045490026473999023e-01 9.041363000869750977e-01 5.959654692560434341e-03 5.071193911135196686e-03 nan 9.044859409332275391e-01 2.778691713281000830e+03
5.404234398156404495e-03 3.653262509033083916e-03 2.191795924301313793e-09 8.923338651657104492e-01 8.918627500534057617e-01 4.239837639033794403e-03 4.103142302483320236e-03 nan 8.922618627548217773e-01 2.975575581908895856e+03
5.967340432107448578e-03 4.033922217786312103e-03 2.184205430909534259e-09 8.789111375808715820e-01 8.783708810806274414e-01 3.658899338915944099e-03 3.314681118354201317e-03 nan 8.788286447525024414e-01 3.176480450334603120e+03
6.589121185243129730e-03 4.454245790839195251e-03 2.176641221197925960e-09 8.642084002494812012e-01 8.635844588279724121e-01 2.868605311959981918e-03 2.673133043572306633e-03 nan 8.641130924224853516e-01 3.379350384904072598e+03
7.275689393281936646e-03 4.918366204947233200e-03 2.169103203027300791e-09 8.481536507606506348e-01 8.474293351173400879e-01 2.132736146450042725e-03 2.151687163859605789e-03 nan 8.480430841445922852e-01 3.581668301132730903e+03
8.033796213567256927e-03 5.430846009403467178e-03 2.161591299930936394e-09 8.306755423545837402e-01 8.298324942588806152e-01 1.927393837831914425e-03 1.728363684378564358e-03 nan 8.305467367172241211e-01 3.780412175628319346e+03
8.870895951986312866e-03 5.996725521981716156e-03 2.154105401952956366e-09 8.117023706436157227e-01 8.107178807258605957e-01 1.498042489401996136e-03 1.385149778798222542e-03 nan 8.115519881248474121e-01 3.972006813560940827e+03
9.795218706130981445e-03 6.621567998081445694e-03 2.146645430474833453e-09 7.911649942398071289e-01 7.900139093399047852e-01 1.181585364975035191e-03 1.107285148464143276e-03 nan 7.909891009330749512e-01 4.152316906955937156e+03
1.081585418432950974e-02 7.311517372727394104e-03 2.139211293795359687e-09 7.689944505691528320e-01 7.676476836204528809e-01 9.548226371407508850e-04 8.826809353195130825e-04 nan 7.687887549400329590e-01 4.316610356216293440e+03
1.194283645600080490e-02 8.073357865214347839e-03 2.131802900090153706e-09 7.451252341270446777e-01 7.435506582260131836e-01 7.585586281493306160e-04 7.014438742771744728e-04 nan 7.448846697807312012e-01 4.459590505694664898e+03
1.318724639713764191e-02 8.914578706026077271e-03 2.124420174276236449e-09 7.194983363151550293e-01 7.176606059074401855e-01 6.078840233385562897e-04 5.554829258471727371e-04 nan 7.192175388336181641e-01 4.575473155557561768e+03
1.456132158637046814e-02 9.843453764915466309e-03 2.117063005254935590e-09 6.920653581619262695e-01 6.899274587631225586e-01 4.338119761087000370e-04 4.381860198918730021e-04 nan 6.917387247085571289e-01 4.658120957720501792e+03
1.607857085764408112e-02 1.086911372840404510e-02 2.109731324472420402e-09 6.627978682518005371e-01 6.603217720985412598e-01 3.601215430535376072e-04 3.441555891185998917e-04 nan 6.624195575714111328e-01 4.701307969059152128e+03
1.775391399860382080e-02 1.200164575129747391e-02 2.102425026951150955e-09 6.316988468170166016e-01 6.288489699363708496e-01 2.734817680902779102e-04 2.689905231818556786e-04 nan 6.312634348869323730e-01 4.699122251683535069e+03
1.960382424294948578e-02 1.325218472629785538e-02 2.095144031049849183e-09 5.988208055496215820e-01 5.955674052238464355e-01 2.248640084872022271e-04 2.091060014208778739e-04 nan 5.983237028121948242e-01 4.646547360938680868e+03
2.164648845791816711e-02 1.463302597403526306e-02 2.087888252770266929e-09 5.642893910408020020e-01 5.606138110160827637e-01 1.767014182405546308e-04 1.615857618162408471e-04 nan 5.637278556823730469e-01 4.540256400318708074e+03
2.390199340879917145e-02 1.615774817764759064e-02 2.080657597354892904e-09 5.283327102661132812e-01 5.242345333099365234e-01 1.145491332863457501e-04 1.240591809619218111e-04 nan 5.277065634727478027e-01 4.379571437124868680e+03
2.639251388609409332e-02 1.784133911132812500e-02 2.073451995948668221e-09 4.913133978843688965e-01 4.868190288543701172e-01 9.867975313682109118e-05 9.459972352487966418e-05 nan 4.906267821788787842e-01 4.167483761057899756e+03
2.914254181087017059e-02 1.970035769045352936e-02 2.066271340052806293e-09 4.537592530250549316e-01 4.489308595657348633e-01 7.302137964870780706e-05 7.164064300013706088e-05 nan 4.530215859413146973e-01 3.911539501311254298e+03
3.217911347746849060e-02 2.175308018922805786e-02 2.059115554147728899e-09 4.163794815540313721e-01 4.113237261772155762e-01 5.723898721043951809e-05 5.390458318288438022e-05 nan 4.156070351600646973e-01 3.624227060115897075e+03
3.553209081292152405e-02 2.401969395577907562e-02 2.051984539888671147e-09 3.800507783889770508e-01 3.749234080314636230e-01 4.076323602930642664e-05 4.034515222883783281e-05 nan 3.792674243450164795e-01 3.322462174006471287e+03
3.923443704843521118e-02 2.652247995138168335e-02 2.044878229365854235e-09 3.457510173320770264e-01 3.407532870769500732e-01 3.071641185670159757e-05 3.009913598361890763e-05 nan 3.449874520301818848e-01 3.025824454780983160e+03
4.332255572080612183e-02 2.928604744374752045e-02 2.037796533657790378e-09 3.144176006317138672e-01 3.097795546054840088e-01 2.506906457711011171e-05 2.244840106868650764e-05 nan 3.137089908123016357e-01 2.753407664784900135e+03
4.765481501817703247e-02 3.221465647220611572e-02 2.031010053452367756e-09 2.876387536525726318e-01 2.835577130317687988e-01 1.758432699716649950e-05 1.697393054200801998e-05 nan 2.870152294635772705e-01 2.526362226228211057e+03
5.198707059025764465e-02 3.514325991272926331e-02 2.024834231214258902e-09 2.664439380168914795e-01 2.630092799663543701e-01 1.368990706396289170e-05 1.321468607784481719e-05 nan 2.659192085266113281e-01 2.357645080526770471e+03
5.631932616233825684e-02 3.807186335325241089e-02 2.019169610001785353e-09 2.491191923618316650e-01 2.463264167308807373e-01 1.090931255021132529e-05 1.053060623235069215e-05 nan 2.486925125122070312e-01 2.226519644213246920e+03
6.065158173441886902e-02 4.100047051906585693e-02 2.013939112582009273e-09 2.344572246074676514e-01 2.322233319282531738e-01 8.855308806232642382e-06 8.547897778043989092e-06 nan 2.341159433126449585e-01 2.118349431318935331e+03
6.498383730649948120e-02 4.392907395958900452e-02 2.009081821590703985e-09 2.213284969329833984e-01 2.195171564817428589e-01 7.283593276952160522e-06 7.030740107438759878e-06 nan 2.210517674684524536e-01 2.017713817608647105e+03
6.931609660387039185e-02 4.685768112540245056e-02 2.004548729015451583e-09 2.089057415723800659e-01 2.073570787906646729e-01 6.043033408786868677e-06 5.833246177644468844e-06 nan 2.086691558361053467e-01 1.913081243806821249e+03
7.364834845066070557e-02 4.978628456592559814e-02 2.000299865353250301e-09 1.967043131589889526e-01 1.952637135982513428e-01 5.040411451773252338e-06 4.865431037615053356e-06 nan 1.964842230081558228e-01 1.798323476242822835e+03
7.798060774803161621e-02 5.271489173173904419e-02 1.996302173696350216e-09 1.845949292182922363e-01 1.831369847059249878e-01 4.218743470119079575e-06 4.072288902534637600e-06 nan 1.843721866607666016e-01 1.673533167692586630e+03
8.231285959482192993e-02 5.564349144697189331e-02 1.992528044667567094e-09 1.727130413055419922e-01 1.711567342281341553e-01 3.541985506672062911e-06 3.419026825213222764e-06 nan 1.724752634763717651e-01 1.543491703389329587e+03
8.664511889219284058e-02 5.857209861278533936e-02 1.988954134422163219e-09 1.613260507583618164e-01 1.596404612064361572e-01 2.985184437420684844e-06 2.881557520595379174e-06 nan 1.610685288906097412e-01 1.415010901753422104e+03
9.097737073898315430e-02 6.150070205330848694e-02 1.985560585482697045e-09 1.507144719362258911e-01 1.489146947860717773e-01 2.528932782297488302e-06 2.441145397824584506e-06 nan 1.504395008087158203e-01 1.294518872931873602e+03
9.636187553405761719e-02 6.514062732458114624e-02 1.981568674123380254e-09 1.389854252338409424e-01 1.371160745620727539e-01 2.078267925753607415e-06 2.006125896514276974e-06 nan 1.386998146772384644e-01 1.163683375990814056e+03
1.017463728785514832e-01 6.878054887056350708e-02 1.977801256732118934e-09 1.291984617710113525e-01 1.273695677518844604e-01 1.732659484332543798e-06 1.672514713391137775e-06 nan 1.289190351963043213e-01 1.059737140906030845e+03
1.071308776736259460e-01 7.242047041654586792e-02 1.974234781265857972e-09 1.214032173156738281e-01 1.197206005454063416e-01 1.468644768465310335e-06 1.417664179825806059e-06 nan 1.211461424827575684e-01 9.834579319885500581e+02
1.125153750181198120e-01 7.606039196252822876e-02 1.970849203820953451e-09 1.152643114328384399e-01 1.137996315956115723e-01 1.264356342289829627e-06 1.220466515405860264e-06 nan 1.150405257940292358e-01 9.294732682804772139e+02
1.178998723626136780e-01 7.970031350851058960e-02 1.967627323526894450e-09 1.102182418107986450e-01 1.089936345815658569e-01 1.101384214052814059e-06 1.063150762092845980e-06 nan 1.100311502814292908e-01 8.890886603427953787e+02
1.232843771576881409e-01 8.334024250507354736e-02 1.964554264128985100e-09 1.057058796286582947e-01 1.046945229172706604e-01 9.662832098911167122e-07 9.327389989266521297e-07 nan 1.055513694882392883e-01 8.537924662474698607e+02
1.286688745021820068e-01 8.698015660047531128e-02 1.961617102724775952e-09 1.012930572032928467e-01 1.004328504204750061e-01 8.502170203428249806e-07 8.207015866901201662e-07 nan 1.011616289615631104e-01 8.170131083420927780e+02
1.340533792972564697e-01 9.062008559703826904e-02 1.958804483640675406e-09 9.671249240636825562e-02 9.592685848474502563e-02 7.479105761376558803e-07 7.219466056085366290e-07 nan 9.659246355295181274e-02 7.748469937675904475e+02
1.394378840923309326e-01 9.426000714302062988e-02 1.956106446915437174e-09 9.189513325691223145e-02 9.111430495977401733e-02 6.567899504261731636e-07 6.339894298434955999e-07 nan 9.177584201097488403e-02 7.266750115410670787e+02
1.448223739862442017e-01 9.789992123842239380e-02 1.953514161287429418e-09 8.695286512374877930e-02 8.612988144159317017e-02 5.760218186878773849e-07 5.560254976444412023e-07 nan 8.682713657617568970e-02 6.748417730271910386e+02
1.502068787813186646e-01 1.015398502349853516e-01 1.951019758654691563e-09 8.209881931543350220e-02 8.121710270643234253e-02 5.054672556070727296e-07 4.879205448560242075e-07 nan 8.196411281824111938e-02 6.231710440617222275e+02
1.555913835763931274e-01 1.051797717809677124e-01 1.948616241255242070e-09 7.756816595792770386e-02 7.663999497890472412e-02 4.450014330359408632e-07 4.295539781651314115e-07 nan 7.742635905742645264e-02 5.755205152337969139e+02
1.609758734703063965e-01 1.088196933269500732e-01 1.946297314463125787e-09 7.356128841638565063e-02 7.261920720338821411e-02 3.942007822388404747e-07 3.805168944381875917e-07 nan 7.341735810041427612e-02 5.348728957041466856e+02
1.663603782653808594e-01 1.124596148729324341e-01 1.944057316713681798e-09 7.018389552831649780e-02 6.926825642585754395e-02 3.521364533298765309e-07 3.399127592729200842e-07 nan 7.004401087760925293e-02 5.025923333811697944e+02
1.717448830604553223e-01 1.160995438694953918e-01 1.941891129256332855e-09 6.740773469209671021e-02 6.655438244342803955e-02 3.173536242684349418e-07 3.063372844280820573e-07 nan 6.727736443281173706e-02 4.780905032689191785e+02
1.771293878555297852e-01 1.197394654154777527e-01 1.939794125595426991e-09 6.509727984666824341e-02 6.432846188545227051e-02 2.881665182030701544e-07 2.781632417736545904e-07 nan 6.497982144355773926e-02 4.593607162982099226e+02
1.825138777494430542e-01 1.233793795108795166e-01 1.937762091126241291e-09 6.307562440633773804e-02 6.239595264196395874e-02 2.630299320571793942e-07 2.538990884204395115e-07 nan 6.297178566455841064e-02 4.439165732035301062e+02
1.878983825445175171e-01 1.270193010568618774e-01 1.935791175107242678e-09 6.117104738950729370e-02 6.056871637701988220e-02 2.407138310900336364e-07 2.323575500895458390e-07 nan 6.107902526855468750e-02 4.293933504815292963e+02
1.932828873395919800e-01 1.306592375040054321e-01 1.933877861004656685e-09 5.924256518483161926e-02 5.869454517960548401e-02 2.203383928645052947e-07 2.126893861031931010e-07 nan 5.915883928537368774e-02 4.138777761458002260e+02
1.986673772335052490e-01 1.342991441488265991e-01 1.932018951816384183e-09 5.720932781696319580e-02 5.668861046433448792e-02 2.014034663488928345e-07 1.944117968832870247e-07 nan 5.712977051734924316e-02 3.963269181941050761e+02
2.040518820285797119e-01 1.379390656948089600e-01 1.930211465507478933e-09 5.506929010152816772e-02 5.455205589532852173e-02 1.837640581925370498e-07 1.773847486674640095e-07 nan 5.499026551842689514e-02 3.768307758494436257e+02
2.094363868236541748e-01 1.415790021419525146e-01 1.928452677645768952e-09 5.288239568471908569e-02 5.235319957137107849e-02 1.674925016459383187e-07 1.616781020175039885e-07 nan 5.280154570937156677e-02 3.563405796960265093e+02
2.148208767175674438e-01 1.452189087867736816e-01 1.926740094380007882e-09 5.073498561978340149e-02 5.018898099660873413e-02 1.527177175830729539e-07 1.474162871772932704e-07 nan 5.065156146883964539e-02 3.361217444047800313e+02
2.202053815126419067e-01 1.488588303327560425e-01 1.925071368159055733e-09 4.871334880590438843e-02 4.815550521016120911e-02 1.395333981690782821e-07 1.346896993936752551e-07 nan 4.862812161445617676e-02 3.173603335261219627e+02
2.255898863077163696e-01 1.524987667798995972e-01 1.923444343781293656e-09 4.688528925180435181e-02 4.632729291915893555e-02 1.279533989873016253e-07 1.235116826592275174e-07 nan 4.680003970861434937e-02 3.009223151729420351e+02
2.309743911027908325e-01 1.561386883258819580e-01 1.921857033120720865e-09 4.528221487998962402e-02 4.473821446299552917e-02 1.178818180846974428e-07 1.137897314151814498e-07 nan 4.519910737872123718e-02 2.871588370281076550e+02
2.363588809967041016e-01 1.597786098718643188e-01 1.920307567935778733e-09 4.389267414808273315e-02 4.337511584162712097e-02 1.091216859094856773e-07 1.053336760037382192e-07 nan 4.381360486149787903e-02 2.758727221899467281e+02
2.417433857917785645e-01 1.634185314178466797e-01 1.918794213956308179e-09 4.267398640513420105e-02 4.219054430723190308e-02 1.014261243881264818e-07 9.790524302388803335e-08 nan 4.260012879967689514e-02 2.664964046054658979e+02
2.471278905868530273e-01 1.670584529638290405e-01 1.917315352832477265e-09 4.156797379255294800e-02 4.112024977803230286e-02 9.454765859118197113e-08 9.126551958615891635e-08 nan 4.149956628680229187e-02 2.582943652005573654e+02
2.525123953819274902e-01 1.706983745098114014e-01 1.915869472055197894e-09 4.051177948713302612e-02 4.009569063782691956e-02 8.826464181765913963e-08 8.520059679995029001e-08 nan 4.044821113348007202e-02 2.504915936215828935e+02
2.578969001770019531e-01 1.743383109569549561e-01 1.914455150219987163e-09 3.945132717490196228e-02 3.905888646841049194e-02 8.240678539550572168e-08 7.954608349791669752e-08 nan 3.939136862754821777e-02 2.424356330851214523e+02
2.632813751697540283e-01 1.779782027006149292e-01 1.913071083197014340e-09 3.835821896791458130e-02 3.797998279333114624e-02 7.688075953637962812e-08 7.421188286116375821e-08 nan 3.830043226480484009e-02 2.338029781004325685e+02
2.686658799648284912e-01 1.816181391477584839e-01 1.911715991580206360e-09 3.723526000976562500e-02 3.686278313398361206e-02 7.166689641735501937e-08 6.917902339864667738e-08 nan 3.717835620045661926e-02 2.246604390909639619e+02
2.740503847599029541e-01 1.852580606937408447e-01 1.910388727493893778e-09 3.610480949282646179e-02 3.573242947459220886e-02 6.678383357439088286e-08 6.446548184158018557e-08 nan 3.604791685938835144e-02 2.153100171280672157e+02
2.794348895549774170e-01 1.888979822397232056e-01 1.909088184011114833e-09 3.499455749988555908e-02 3.462021052837371826e-02 6.225570814422098920e-08 6.009455688626985648e-08 nan 3.493736311793327332e-02 2.061054908958276144e+02
2.848193943500518799e-01 1.925379037857055664e-01 1.907813323590368924e-09 3.393229097127914429e-02 3.355730697512626648e-02 5.810171188613821869e-08 5.608477948726431350e-08 nan 3.387499973177909851e-02 1.973848113844898080e+02
2.902038991451263428e-01 1.961778402328491211e-01 1.906563162582237113e-09 3.294327855110168457e-02 3.257140144705772400e-02 5.433235017449078441e-08 5.244627487854813808e-08 nan 3.288646787405014038e-02 1.894392820943814399e+02
2.955884039402008057e-01 1.998177617788314819e-01 1.905336787226579552e-09 3.204255923628807068e-02 3.167851269245147705e-02 5.093842858627795067e-08 4.917017193406536535e-08 nan 3.198694065213203430e-02 1.824296709267240431e+02
3.009728789329528809e-01 2.034576684236526489e-01 1.904133323856378078e-09 3.122796118259429932e-02 3.087603859603404999e-02 4.788379825981792237e-08 4.622157234734913800e-08 nan 3.117419406771659851e-02 1.763168809888305475e+02
3.063573837280273438e-01 2.070975899696350098e-01 1.902951936232507350e-09 3.048298135399818420e-02 3.014596551656723022e-02 4.511445794719293190e-08 4.354835425601777388e-08 nan 3.043149411678314209e-02 1.709042870489285804e+02
3.117418885231018066e-01 2.107375115156173706e-01 1.901791846628511990e-09 2.978615090250968933e-02 2.946478873491287231e-02 4.257532992824053508e-08 4.109736551072273869e-08 nan 2.973705343902111053e-02 1.659467864171701024e+02
3.171263933181762695e-01 2.143774479627609253e-01 1.900652308391623192e-09 2.911735326051712036e-02 2.881043031811714172e-02 4.021968180722979014e-08 3.882349020045694488e-08 nan 2.907046116888523102e-02 1.612206917870850589e+02
3.225108981132507324e-01 2.180173695087432861e-01 1.899532626729035332e-09 2.845946140587329865e-02 2.816434204578399658e-02 3.801032022465733462e-08 3.669081749535507697e-08 nan 2.841437421739101410e-02 1.565404084615531417e+02
3.278954029083251953e-01 2.216572910547256470e-01 1.898432128189829179e-09 2.780045568943023682e-02 2.751388214528560638e-02 3.592106168071040884e-08 3.467408760116086341e-08 nan 2.775667235255241394e-02 1.517805572276910766e+02
3.332799077033996582e-01 2.252972126007080078e-01 1.897350177081271127e-09 2.713704295456409454e-02 2.685596607625484467e-02 3.393974878918015747e-08 3.276155169373851095e-08 nan 2.709409967064857483e-02 1.469141473581050548e+02
3.386643826961517334e-01 2.289371192455291748e-01 1.896286172945125672e-09 2.647528424859046936e-02 2.619749493896961212e-02 3.206684340284482460e-08 3.095366807315258484e-08 nan 2.643284201622009277e-02 1.420157760152853541e+02
3.440488874912261963e-01 2.325770407915115356e-01 1.895239531240720810e-09 2.582616172730922699e-02 2.555064484477043152e-02 3.030831052797111624e-08 2.925618503013538430e-08 nan 2.578406967222690582e-02 1.372100571094425163e+02
3.494333922863006592e-01 2.362169772386550903e-01 1.894209703480833635e-09 2.520013600587844849e-02 2.492704242467880249e-02 2.866845427718089923e-08 2.767325746333426650e-08 nan 2.515841275453567505e-02 1.326111860023292479e+02
3.548178970813751221e-01 2.398568987846374512e-01 1.893196174858241155e-09 2.460469491779804230e-02 2.433506585657596588e-02 2.714742386444868316e-08 2.620503103401006229e-08 nan 2.456350438296794891e-02 1.282977499713867360e+02
3.602024018764495850e-01 2.434968203306198120e-01 1.892198441798694543e-09 2.404426038265228271e-02 2.377957105636596680e-02 2.574165414159779175e-08 2.484805783353749575e-08 nan 2.400382235646247864e-02 1.243134309494736698e+02
3.655869066715240479e-01 2.471367418766021729e-01 1.891216027459402332e-09 2.351960539817810059e-02 2.326128818094730377e-02 2.444380875488150195e-08 2.359526440898207511e-08 nan 2.348013967275619507e-02 1.206629034434698013e+02
3.709714114665985107e-01 2.507766783237457275e-01 1.890248472221847833e-09 2.302698791027069092e-02 2.277604117989540100e-02 2.324247816432034597e-08 2.243563912429635820e-08 nan 2.298865094780921936e-02 1.173047345268005870e+02
3.763558864593505859e-01 2.544165849685668945e-01 1.889295352117686434e-09 2.255915105342864990e-02 2.231593057513237000e-02 2.212379790478280484e-08 2.135579180162494595e-08 nan 2.252199314534664154e-02 1.141631679533207233e+02
3.817403912544250488e-01 2.580564916133880615e-01 1.888356242191734645e-09 2.210823632776737213e-02 2.187242917716503143e-02 2.107465313372358651e-08 2.034306767484395095e-08 nan 2.207220904529094696e-02 1.111583559419664056e+02
3.871248960494995117e-01 2.616964280605316162e-01 1.887430735669950155e-09 2.166806533932685852e-02 2.143883518874645233e-02 2.008476052139940293e-08 1.938753513286428642e-08 nan 2.163304574787616730e-02 1.082291756621658863e+02
3.925094008445739746e-01 2.653363645076751709e-01 1.886518457772270655e-09 2.123450860381126404e-02 2.101073972880840302e-02 1.914668956715104287e-08 1.848203012855265115e-08 nan 2.120032347738742828e-02 1.053361654507245788e+02
3.978939056396484375e-01 2.689762711524963379e-01 1.885619049100158659e-09 2.080544270575046539e-02 2.058602496981620789e-02 1.825548601175341901e-08 1.762176182751318265e-08 nan 2.077192068099975586e-02 1.024606520563838927e+02
4.032784104347229004e-01 2.726162075996398926e-01 1.884732143174389957e-09 2.038138173520565033e-02 2.016543038189411163e-02 1.740889210566365364e-08 1.680455774533129443e-08 nan 2.034838870167732239e-02 9.961019677425890961e+01
4.086629152297973633e-01 2.762561440467834473e-01 1.883857409814700777e-09 1.996541209518909454e-02 1.975241675972938538e-02 1.660695936323008937e-08 1.603046584364165028e-08 nan 1.993287168443202972e-02 9.681702426909113512e+01
4.140473902225494385e-01 2.798960208892822266e-01 1.882994538868699288e-09 1.956136338412761688e-02 1.935120299458503723e-02 1.585024378414345847e-08 1.530001902949607029e-08 nan 1.952925510704517365e-02 9.411942977224701679e+01
4.194318950176239014e-01 2.835359573364257812e-01 1.882143190604211824e-09 1.917184516787528992e-02 1.896473020315170288e-02 1.513818403964251047e-08 1.461267640223695707e-08 nan 1.914020255208015442e-02 9.154274008949353458e+01
4.248163998126983643e-01 2.871758937835693359e-01 1.881303079826970542e-09 1.879807189106941223e-02 1.859439909458160400e-02 1.446909170255139543e-08 1.396681170717783971e-08 nan 1.876695454120635986e-02 8.909812606199389506e+01
4.302009046077728271e-01 2.908158004283905029e-01 1.880473925305205483e-09 1.844052784144878387e-02 1.824073679745197296e-02 1.384080405841814354e-08 1.336033417231874409e-08 nan 1.841000467538833618e-02 8.678951051344542122e+01
4.355854094028472900e-01 2.944557368755340576e-01 1.879655436356054805e-09 1.809874363243579865e-02 1.790316775441169739e-02 1.325056420142800562e-08 1.279058459147108806e-08 nan 1.806886307895183563e-02 8.461168455664873989e+01
4.409699141979217529e-01 2.980956733226776123e-01 1.878847353036435648e-09 1.777064800262451172e-02 1.757943257689476013e-02 1.269466398667873364e-08 1.225398182924664070e-08 nan 1.774143427610397339e-02 8.254464288717930742e+01
4.463544189929962158e-01 3.017355799674987793e-01 1.878049424887222573e-09 1.745318435132503510e-02 1.726625673472881317e-02 1.216898759537343722e-08 1.174655217539566365e-08 nan 1.742462627589702606e-02 8.055976424135434399e+01
4.517388939857482910e-01 3.053754866123199463e-01 1.877261397654174740e-09 1.714381575584411621e-02 1.696090959012508392e-02 1.167010843516891327e-08 1.126499071801845275e-08 nan 1.711587235331535339e-02 7.863377274149715390e+01
4.571233987808227539e-01 3.090154230594635010e-01 1.876483026309890802e-09 1.684113591909408569e-02 1.666187681257724762e-02 1.119563108886723057e-08 1.080698464051010887e-08 nan 1.681374944746494293e-02 7.675431120767260040e+01
4.625079035758972168e-01 3.126553297042846680e-01 1.875714093387305177e-09 1.654434390366077423e-02 1.636832021176815033e-02 1.074374367249220086e-08 1.037078423138382277e-08 nan 1.651745103299617767e-02 7.491466017943393751e+01
4.678924083709716797e-01 3.162952661514282227e-01 1.874954364165268396e-09 1.625292561948299408e-02 1.607977598905563354e-02 1.031295049358504912e-08 9.954946200707581738e-09 nan 1.622647233307361603e-02 7.311082441489277528e+01
4.732769131660461426e-01 3.199352025985717773e-01 1.874203630559428286e-09 1.596711203455924988e-02 1.579658500850200653e-02 9.902326070232447819e-09 9.558577040991167451e-09 nan 1.594105921685695648e-02 7.134552487096766527e+01
4.786614179611206055e-01 3.235751092433929443e-01 1.873461691551420399e-09 1.568803377449512482e-02 1.552000176161527634e-02 9.511543552775947319e-09 9.181360560717166663e-09 nan 1.566236093640327454e-02 6.962932815593148916e+01
4.840458929538726807e-01 3.272150158882141113e-01 1.872728340933758753e-09 1.541695464402437210e-02 1.525140833109617233e-02 9.140350698544352781e-09 8.823052510820161842e-09 nan 1.539166271686553955e-02 6.797363152820501853e+01
4.894303977489471436e-01 3.308549523353576660e-01 1.872003379495005729e-09 1.515442412346601486e-02 1.499143149703741074e-02 8.788073380117111810e-09 8.483004521053771896e-09 nan 1.512952335178852081e-02 6.638322740629513419e+01
4.948149025440216064e-01 3.344948589801788330e-01 1.871286632213937058e-09 1.490028295665979385e-02 1.473994925618171692e-02 8.453660882423719158e-09 8.160199627127440181e-09 nan 1.487578731030225754e-02 6.485658166447990425e+01
5.001994371414184570e-01 3.381348252296447754e-01 1.870577900826693527e-09 1.465420611202716827e-02 1.449661888182163239e-02 8.136025186900042172e-09 7.853589778505920549e-09 nan 1.463012956082820892e-02 6.339069404334487245e+01
5.055838823318481445e-01 3.417747020721435547e-01 1.869877039368293133e-09 1.441584620624780655e-02 1.426104642450809479e-02 7.834136006579228706e-09 7.562181991715988261e-09 nan 1.439219713211059570e-02 6.198241631618696346e+01
5.109683871269226074e-01 3.454146385192871094e-01 1.869183849789121820e-09 1.418453734368085861e-02 1.403250079602003098e-02 7.546853808548803499e-09 7.284871816892746210e-09 nan 1.416130922734737396e-02 6.062592265806157599e+01
5.163528919219970703e-01 3.490545451641082764e-01 1.868498185335105332e-09 1.395919732749462128e-02 1.380983367562294006e-02 7.272895619081509722e-09 7.020423797854391523e-09 nan 1.393637806177139282e-02 5.931194158141730099e+01
5.217373967170715332e-01 3.526944816112518311e-01 1.867819876059786520e-09 1.373883523046970367e-02 1.359200756996870041e-02 7.011113467569884961e-09 6.767729487933138444e-09 nan 1.371640246361494064e-02 5.803215620862557955e+01
5.271219015121459961e-01 3.563344180583953857e-01 1.867148773833358248e-09 1.352302636951208115e-02 1.337857916951179504e-02 6.760723980647753706e-09 6.526032159115402465e-09 nan 1.350095961242914200e-02 5.678317842458870501e+01
5.325064063072204590e-01 3.599743247032165527e-01 1.866484735032350672e-09 1.331176888197660446e-02 1.316955033689737320e-02 6.521197803976974683e-09 6.294820664720646164e-09 nan 1.329004112631082535e-02 5.556518581234331577e+01
5.378909111022949219e-01 3.636142611503601074e-01 1.865827604301946768e-09 1.310503389686346054e-02 1.296492200344800949e-02 6.292026011323059720e-09 6.073604286171985223e-09 nan 1.308362837880849838e-02 5.437809071118353188e+01
5.432754158973693848e-01 3.672541677951812744e-01 1.865177252290424566e-09 1.290274690836668015e-02 1.276465319097042084e-02 6.072702340986779745e-09 5.861894081249374722e-09 nan 1.288164872676134109e-02 5.322141562415851013e+01
5.486599206924438477e-01 3.708941042423248291e-01 1.864533532427482462e-09 1.270507369190454483e-02 1.256895251572132111e-02 5.862864860262106959e-09 5.659340551744662662e-09 nan 1.268427819013595581e-02 5.209664489841512136e+01
5.540444254875183105e-01 3.745340406894683838e-01 1.863896318172137942e-09 1.251240074634552002e-02 1.237823627889156342e-02 5.662262214656266224e-09 5.465702113127690609e-09 nan 1.249190326780080795e-02 5.100697778728174114e+01
5.594289302825927734e-01 3.781739473342895508e-01 1.863265486641235488e-09 1.232488267123699188e-02 1.219267956912517548e-02 5.470552899566882843e-09 5.280647918937120266e-09 nan 1.230468507856130600e-02 4.995364776667959461e+01
5.648134350776672363e-01 3.818138837814331055e-01 1.862640903204479876e-09 1.214226614683866501e-02 1.201202813535928726e-02 5.287227988759468644e-09 5.103686806506857465e-09 nan 1.212236937135457993e-02 4.893455003228041278e+01
5.701979398727416992e-01 3.854538202285766602e-01 1.862022452330667509e-09 1.196419261395931244e-02 1.183591783046722412e-02 5.111763901055610404e-09 4.934313402316092834e-09 nan 1.194459479302167892e-02 4.794676018812493368e+01
5.755824446678161621e-01 3.890937268733978271e-01 1.861410021730888845e-09 1.179048698395490646e-02 1.166415307670831680e-02 4.943741860330419513e-09 4.772124029273072665e-09 nan 1.177118532359600067e-02 4.698886896809150926e+01
5.809668898582458496e-01 3.927336037158966064e-01 1.860803497296447543e-09 1.162098813802003860e-02 1.149655692279338837e-02 4.782773732614487017e-09 4.616744320173893357e-09 nan 1.160197798162698746e-02 4.605958005620177431e+01
5.863513946533203125e-01 3.963735401630401611e-01 1.860202753428811389e-09 1.145532913506031036e-02 1.133274193853139877e-02 4.628408323270605251e-09 4.467737291236062447e-09 nan 1.143660023808479309e-02 4.515598464764249087e+01
5.917358994483947754e-01 4.000134766101837158e-01 1.859607692406273365e-09 1.129307970404624939e-02 1.117227133363485336e-02 4.480193993572356703e-09 4.324668623212346574e-09 nan 1.127462275326251984e-02 4.427473430871539506e+01
5.971204042434692383e-01 4.036533832550048828e-01 1.859018214291441706e-09 1.113406941294670105e-02 1.101497188210487366e-02 4.337809222931809927e-09 4.187226565477430995e-09 nan 1.111587416380643845e-02 4.341455002691965603e+01
6.025049090385437012e-01 4.072933197021484375e-01 1.858434207544148841e-09 1.097836717963218689e-02 1.086091622710227966e-02 4.201039960349817193e-09 4.055204616548735430e-09 nan 1.096042338758707047e-02 4.257603583333346364e+01
6.078894138336181641e-01 4.109332561492919922e-01 1.857855577876460681e-09 1.082598324865102768e-02 1.071012672036886215e-02 4.069661052596984518e-09 3.928386504981062899e-09 nan 1.080828346312046051e-02 4.175929927431496225e+01
6.132739186286926270e-01 4.145731627941131592e-01 1.857282233477322155e-09 1.067678723484277725e-02 1.056248415261507034e-02 3.943404713879772316e-09 3.806513326765070815e-09 nan 1.065932400524616241e-02 4.096335413066201170e+01
6.186584234237670898e-01 4.182130992412567139e-01 1.856714071034082293e-09 1.053071487694978714e-02 1.041793636977672577e-02 3.822041794165897954e-09 3.689363481385043997e-09 nan 1.051348354667425156e-02 4.018773871174197154e+01
6.240429282188415527e-01 4.218530058860778809e-01 1.856151008397507339e-09 1.038786675781011581e-02 1.027659326791763306e-02 3.705413975652049885e-09 3.576783758063584173e-09 nan 1.037086639553308487e-02 3.943323524009808523e+01
6.294274330139160156e-01 4.254929423332214355e-01 1.855592947277603754e-09 1.024829782545566559e-02 1.013851445168256760e-02 3.593351394215460459e-09 3.468611620149886221e-09 nan 1.023152470588684082e-02 3.870025010812463506e+01
6.556535363197326660e-01 4.432217776775360107e-01 1.852943630635520644e-09 9.610150009393692017e-03 9.507298469543457031e-03 3.105427026639517862e-09 2.997624592993020087e-09 nan 9.594436734914779663e-03 3.539801348341715226e+01
8.039034605026245117e-01 5.434387326240539551e-01 1.839770603253567837e-09 6.945947650820016861e-03 6.871627178043127060e-03 1.493014267772707626e-09 1.441185615291828981e-09 nan 6.934593897312879562e-03 2.251192053336930599e+01
9.932619333267211914e-01 6.714450716972351074e-01 1.826201010048688587e-09 4.933026153594255447e-03 4.880259279161691666e-03 6.945864439167337423e-10 6.704745092456221300e-10 nan 4.924965091049671173e-03 1.392583257570820621e+01
1.227223634719848633e+00 8.296031951904296875e-01 1.812731498599941669e-09 3.486281493678689003e-03 3.448999486863613129e-03 3.215553379121161015e-10 3.103928225556273901e-10 nan 3.480585524812340736e-03 8.530294130064984159e+00
1.516294717788696289e+00 1.025015234947204590e+00 1.799361337301671755e-09 2.452919492498040199e-03 2.426694147288799286e-03 1.482029915456095637e-10 1.430582596828600117e-10 nan 2.448912709951400757e-03 5.179055323253008325e+00
1.873456120491027832e+00 1.266456365585327148e+00 1.786089789356977996e-09 1.718894345685839653e-03 1.700520282611250877e-03 6.803043545167142270e-11 6.566881760594611706e-11 nan 1.716086990199983120e-03 3.119084087937200156e+00
2.314746379852294922e+00 1.564768552780151367e+00 1.772916133006574509e-09 1.200109603814780712e-03 1.187283312901854515e-03 3.111397250954439642e-11 3.003387469280305311e-11 nan 1.198150101117789745e-03 1.864727637968108365e+00
2.859982252120971680e+00 1.933347940444946289e+00 1.759839636962373426e-09 8.351022843271493912e-04 8.261785260401666164e-04 1.418256137530882199e-11 1.369022516878315443e-11 nan 8.337389444932341576e-04 1.107382644805988470e+00
3.533647537231445312e+00 2.388745784759521484e+00 1.746859588797865175e-09 5.793354939669370651e-04 5.731458659283816814e-04 6.445040681701819096e-12 6.221305588749448390e-12 nan 5.783897941000759602e-04 6.536171605635296977e-01
4.365993976593017578e+00 2.951411962509155273e+00 1.733975279535418463e-09 4.007779643870890141e-04 3.964967909269034863e-04 2.920653519380977947e-12 2.819264786901864994e-12 nan 4.001238849014043808e-04 3.836327116085337940e-01
5.394398689270019531e+00 3.646613597869873047e+00 1.721185999058096773e-09 2.765423851087689400e-04 2.735889574978500605e-04 1.320136491442247539e-12 1.274308566653892250e-12 nan 2.760911593213677406e-04 2.240145405325504324e-01
6.665042877197265625e+00 4.505568981170654297e+00 1.708491050912268841e-09 1.903664669953286648e-04 1.883338991319760680e-04 5.952902558913064635e-13 5.746248203826465062e-13 nan 1.900559291243553162e-04 1.301902543725259875e-01
8.234986305236816406e+00 5.566850662231445312e+00 1.695889732548296616e-09 1.307591592194512486e-04 1.293634995818138123e-04 2.678503035688506451e-13 2.585518062668545891e-13 nan 1.305459154536947608e-04 7.533323701650641857e-02
1.017472743988037109e+01 6.878115653991699219e+00 1.683381361073609185e-09 8.963474829215556383e-05 8.867849828675389290e-05 1.202759951097337465e-13 1.161005021505304158e-13 nan 8.948865433922037482e-05 4.341501946950722390e-02
1.257137203216552734e+01 8.498247146606445312e+00 1.670965250288532184e-09 6.132911221357062459e-05 6.067528738640248775e-05 5.390796519572603474e-14 5.203644928689944715e-14 nan 6.122922059148550034e-05 2.492673171008367300e-02
1.553254413604736328e+01 1.050000000000000000e+01 1.658640709094829109e-09 4.188896855339407921e-05 4.144285776419565082e-05 2.411967652514446225e-14 2.328227942469812684e-14 nan 4.182081102044321597e-05 1.426185892182426154e-02
