# k/h [h/Mpc]            k [1/Mpc]              Primoridal             T_cdm(k)                 T_bar(k)                 T_phot(k)                T_massless neutrions(k)  T_massive neutrinos(k)   T_total(k)               Linear Pk [(Mpc/h)^3]  
1.049045658874092624e-05 7.091548468451946974e-06 2.727206404909961128e-09 1.000000000000000000e+00 1.000000000000000000e+00 1.000000000000000000e+00 1.000000000000000000e+00 nan 1.000000000000000000e+00 6.580714096059646856e+00
1.158353370556142181e-05 7.830468348402064294e-06 2.717761705682844603e-09 1.219251275062561035e+00 1.219251275062561035e+00 1.219203352928161621e+00 1.219201922416687012e+00 nan 1.219251275062561035e+00 7.241238246532430090e+00
1.279050593439023942e-05 8.646382411825470626e-06 2.708349706436794825e-09 1.486573815345764160e+00 1.486573815345764160e+00 1.486443877220153809e+00 1.486440420150756836e+00 nan 1.486573815345764160e+00 7.968060664782051106e+00
1.412324218108551577e-05 9.547311492497101426e-06 2.698970312856197758e-09 1.812506914138793945e+00 1.812506675720214844e+00 1.812242269515991211e+00 1.812235236167907715e+00 nan 1.812506914138793945e+00 8.767835377567630317e+00
1.559484553581569344e-05 1.054211588780162856e-05 2.689623392481895528e-09 2.209901094436645508e+00 2.209900856018066406e+00 2.209421157836914062e+00 2.209408044815063477e+00 nan 2.209901094436645508e+00 9.647883107764799959e+00
1.721978514979127795e-05 1.164057448477251455e-05 2.680308856040028027e-09 2.694423437118530273e+00 2.694423437118530273e+00 2.693604230880737305e+00 2.693581581115722656e+00 nan 2.694423437118530273e+00 1.061626037512927212e+01
1.901403993542771786e-05 1.285349117097212002e-05 2.671026563908324178e-09 3.285178422927856445e+00 3.285178184509277344e+00 3.283830881118774414e+00 3.283794641494750977e+00 nan 3.285178422927856445e+00 1.168183442166523101e+01
2.099525045196060091e-05 1.419278942194068804e-05 2.661776424936157355e-09 4.005455970764160156e+00 4.005455493927001953e+00 4.003294944763183594e+00 4.003237247467041016e+00 nan 4.005455970764160156e+00 1.285435880698464572e+01
2.318289807590190321e-05 1.567163963045459241e-05 2.652558315858844083e-09 4.883654117584228516e+00 4.883654117584228516e+00 4.880249500274658203e+00 4.880157947540283203e+00 nan 4.883654117584228516e+00 1.414456627908936426e+01
2.559849235694855452e-05 1.730458097881637514e-05 2.643372135990062650e-09 5.954395294189453125e+00 5.954395294189453125e+00 5.949100971221923828e+00 5.948959350585937500e+00 nan 5.954395294189453125e+00 1.556426510049980294e+01
2.826578383974265307e-05 1.910767059598583728e-05 2.634217767634683471e-09 7.259896278381347656e+00 7.259894847869873047e+00 7.251740455627441406e+00 7.251522064208984375e+00 nan 7.259896278381347656e+00 1.712645289502261292e+01
3.121100235148333013e-05 2.109863817167934030e-05 2.625095097817206075e-09 8.851624488830566406e+00 8.851623535156250000e+00 8.839154243469238281e+00 8.838819503784179688e+00 nan 8.851624488830566406e+00 1.884542796979604162e+01
3.446310074650682509e-05 2.329705603187903762e-05 2.616004033478672110e-09 1.079233360290527344e+01 1.079233169555664062e+01 1.077337455749511719e+01 1.077286624908447266e+01 nan 1.079233360290527344e+01 2.073691798922579821e+01
3.805406231549568474e-05 2.572454650362487882e-05 2.606944439452153756e-09 1.315853881835937500e+01 1.315853404998779297e+01 1.312983989715576172e+01 1.312907218933105469e+01 nan 1.315853786468505859e+01 2.281823756505366774e+01
4.201919000479392707e-05 2.840497290890198201e-05 2.597916226597658093e-09 1.604351615905761719e+01 1.604351043701171875e+01 1.600023460388183594e+01 1.599907779693603516e+01 nan 1.604351425170898438e+01 2.510841936585402578e+01
4.639747567125596106e-05 3.136469240416772664e-05 2.588919279439887767e-09 1.956101036071777344e+01 1.956099891662597656e+01 1.949592018127441406e+01 1.949417686462402344e+01 nan 1.956100654602050781e+01 2.762842444382398810e+01
5.123196388012729585e-05 3.463280881987884641e-05 2.579953483847589841e-09 2.384967994689941406e+01 2.384966850280761719e+01 2.375202369689941406e+01 2.374940872192382812e+01 nan 2.384967994689941406e+01 3.040129314977562913e+01
5.657019573845900595e-05 3.824145096587017179e-05 2.571018745591721348e-09 2.907859611511230469e+01 2.907857322692871094e+01 2.893233871459960938e+01 2.892842483520507812e+01 nan 2.907859420776367188e+01 3.345239908900918380e+01
6.246465636650100350e-05 4.222610732540488243e-05 2.562114941593048984e-09 3.545388412475585938e+01 3.545385360717773438e+01 3.523519515991210938e+01 3.522934722900390625e+01 nan 3.545388412475585938e+01 3.680962009699327808e+01
6.897329876665025949e-05 4.662595165427774191e-05 2.553241977543412439e-09 4.322684478759765625e+01 4.322680282592773438e+01 4.290026855468750000e+01 4.289153289794921875e+01 nan 4.322684097290039062e+01 4.050364706398706716e+01
7.616012590005993843e-05 5.148424679646268487e-05 2.544399743325443185e-09 5.270385742187500000e+01 5.270379257202148438e+01 5.221670913696289062e+01 5.220368957519531250e+01 nan 5.270384597778320312e+01 4.456821834064205490e+01
8.409580186707898974e-05 5.684876305167563260e-05 2.535588130685252624e-09 6.425846862792968750e+01 6.425836181640625000e+01 6.353247833251953125e+01 6.351309204101562500e+01 nan 6.425844573974609375e+01 4.904045927491573309e+01
9.285835403716191649e-05 6.277224747464060783e-05 2.526807033334104165e-09 7.834604644775390625e+01 7.834589385986328125e+01 7.726505279541015625e+01 7.723622131347656250e+01 nan 7.834601593017578125e+01 5.396117163469579481e+01
1.025339443003758788e-04 6.931294774403795600e-05 2.518056339675267213e-09 9.552177429199218750e+01 9.552155303955078125e+01 9.391348266601562500e+01 9.387059020996093750e+01 nan 9.552175140380859375e+01 5.937523699029262758e+01
1.132176985265687108e-04 7.653516513528302312e-05 2.509335958204897443e-09 1.164624633789062500e+02 1.164621353149414062e+02 1.140713882446289062e+02 1.140076980590820312e+02 nan 1.164624176025390625e+02 6.533199514089538695e+01
1.250146742677316070e-04 8.450992027064785361e-05 2.500645773867358897e-09 1.419931488037109375e+02 1.419926605224609375e+02 1.384409484863281250e+02 1.383464202880859375e+02 nan 1.419930877685546875e+02 7.188563648069522571e+01
1.380408502882346511e-04 9.331561159342527390e-05 2.491985695624705562e-09 1.731195526123046875e+02 1.731188507080078125e+02 1.678463745117187500e+02 1.677063140869140625e+02 nan 1.731194610595703125e+02 7.909573976673190998e+01
1.524243270978331566e-04 1.030388448270969093e-04 2.483355596498544299e-09 2.110677185058593750e+02 2.110666503906250000e+02 2.032461853027343750e+02 2.030388183593750000e+02 nan 2.110675659179687500e+02 8.702776241436023952e+01
1.683065347606316209e-04 1.137752187787555158e-04 2.474755379885282393e-09 2.573319702148437500e+02 2.573303833007812500e+02 2.457410736083984375e+02 2.454344329833984375e+02 nan 2.573317260742187500e+02 9.575355229826757864e+01
1.858436153270304203e-04 1.256302784895524383e-04 2.466184957973141175e-09 3.137334289550781250e+02 3.137310485839843750e+02 2.965742187500000000e+02 2.961215515136718750e+02 nan 3.137330627441406250e+02 1.053519395935277032e+02
2.052080089924857020e-04 1.387206139042973518e-04 2.457644209414643305e-09 3.824919738769531250e+02 3.824884643554687500e+02 3.571195068359375000e+02 3.564524230957031250e+02 nan 3.824914550781250000e+02 1.159094455369319263e+02
2.265901130158454180e-04 1.531749148853123188e-04 2.449133045395065615e-09 4.663122558593750000e+02 4.663070678710937500e+02 4.288475952148437500e+02 4.278666992187500000e+02 nan 4.663114624023437500e+02 1.275208829296586259e+02
2.502001880202442408e-04 1.691353245405480266e-04 2.440651351248999153e-09 5.684902343750000000e+02 5.684824829101562500e+02 5.132617797851562500e+02 5.118230895996093750e+02 nan 5.684890136718750000e+02 1.402900940506488610e+02
2.762703516054898500e-04 1.867587561719119549e-04 2.432199034655000626e-09 6.930410766601562500e+02 6.930297241210937500e+02 6.117870483398437500e+02 6.096834106445312500e+02 nan 6.930393676757812500e+02 1.543307099002620077e+02
3.050569503102451563e-04 2.062184939859434962e-04 2.423775992290330563e-09 8.448557128906250000e+02 8.448391723632812500e+02 7.255955810546875000e+02 7.225310668945312500e+02 nan 8.448532104492187500e+02 1.697668965121047790e+02
3.368430479895323515e-04 2.277058956678956747e-04 2.415382114947829304e-09 1.029891235351562500e+03 1.029866821289062500e+03 8.553470458984375000e+02 8.509034423828125000e+02 nan 1.029887451171875000e+03 1.867342442136273348e+02
3.719411906786262989e-04 2.514322404749691486e-04 2.407017301830847028e-09 1.255400390625000000e+03 1.255364501953125000e+03 1.000823974609375000e+03 9.944160766601562500e+02 nan 1.255394897460937500e+03 2.053804394259120727e+02
4.106964333914220333e-04 2.776307810563594103e-04 2.398681465071051552e-09 1.530211303710937500e+03 1.530158691406250000e+03 1.160446533203125000e+03 1.151267822265625000e+03 nan 1.530203125000000000e+03 2.258659511782174434e+02
4.534898616839200258e-04 3.065591445192694664e-04 2.390374494355455649e-09 1.865067504882812500e+03 1.864990966796875000e+03 1.330677246093750000e+03 1.317637329101562500e+03 nan 1.865055541992187500e+03 2.483650230566209416e+02
5.007422878406941891e-04 3.385017917025834322e-04 2.382096284987275655e-09 2.273037597656250000e+03 2.272926757812500000e+03 1.505365722656250000e+03 1.487024169921875000e+03 nan 2.273020751953125000e+03 2.730661356310137080e+02
5.529182380996644497e-04 3.737727238330990076e-04 2.373846756225058361e-09 2.770009765625000000e+03 2.769849365234375000e+03 1.675157470703125000e+03 1.649670043945312500e+03 nan 2.769985351562500000e+03 3.001723943546212467e+02
6.105307838879525661e-04 4.127188003621995449e-04 2.365625794166928840e-09 3.375295166015625000e+03 3.375065673828125000e+03 1.827228271484375000e+03 1.792330200195312500e+03 nan 3.375260253906250000e+03 3.299021131761875267e+02
6.741464603692293167e-04 4.557229985948652029e-04 2.357433293568910220e-09 4.112349609375000000e+03 4.112022460937500000e+03 1.945751098632812500e+03 1.898815063476562500e+03 nan 4.112299316406250000e+03 3.624890007662651215e+02
7.443906506523489952e-04 5.032080807723104954e-04 2.349269171114912410e-09 5.009639648437500000e+03 5.009178222656250000e+03 2.013678344726562500e+03 1.951902709960937500e+03 nan 5.009569335937500000e+03 3.981816594894854120e+02
8.219541050493717194e-04 5.556409596465528011e-04 2.341133324843220307e-09 6.101701171875000000e+03 6.101057128906250000e+03 2.016478881835937500e+03 1.937256103515625000e+03 nan 6.101603515625000000e+03 4.372436763134100488e+02
9.075994603335857391e-04 6.135372095741331577e-04 2.333025652639057309e-09 7.430391601562500000e+03 7.429503906250000000e+03 1.948142456054687500e+03 1.849633300781250000e+03 nan 7.430256835937500000e+03 4.799526885807717917e+02
1.002168864943087101e-03 6.774661596864461899e-04 2.324946049885245546e-09 9.046405273437500000e+03 9.045197265625000000e+03 1.818758300781250000e+03 1.700601806640625000e+03 nan 9.046220703125000000e+03 5.265994413923482398e+02
1.106592128053307533e-03 7.480562780983746052e-04 2.316894434325377400e-09 1.101108007812500000e+04 1.100946386718750000e+04 1.660857910156250000e+03 1.524790283203125000e+03 nan 1.101083398437500000e+04 5.774859665366033141e+02
1.221895916387438774e-03 8.260016329586505890e-04 2.308870708568745277e-09 1.339856445312500000e+04 1.339644042968750000e+04 1.528755371093750000e+03 1.378725830078125000e+03 nan 1.339824023437500000e+04 6.329241435995554639e+02
1.349214115180075169e-03 9.120687609538435936e-04 2.300874762407135126e-09 1.629840429687500000e+04 1.629565917968750000e+04 1.483146362304687500e+03 1.324491455078125000e+03 nan 1.629798437500000000e+04 6.932320373954157731e+02
1.489798538386821747e-03 1.007103826850652695e-03 2.292906509188567727e-09 1.981859375000000000e+04 1.981510546875000000e+04 1.556852661132812500e+03 1.394565551757812500e+03 nan 1.981806054687500000e+04 7.587304518173542647e+02
1.645031501539051533e-03 1.112041296437382698e-03 2.284965850418265676e-09 2.408920507812500000e+04 2.408482421875000000e+04 1.713085571289062500e+03 1.550387207031250000e+03 nan 2.408853515625000000e+04 8.297363955905947250e+02
1.816439209505915642e-03 1.227912958711385727e-03 2.277052691606405739e-09 2.926663867187500000e+04 2.926116796875000000e+04 1.834299682617187500e+03 1.673876831054687500e+03 nan 2.926580078125000000e+04 9.065550887378674361e+02
2.005707239732146263e-03 1.355858054012060165e-03 2.269166941709029953e-09 3.553858984375000000e+04 3.553172265625000000e+04 1.792475219726562500e+03 1.641381347656250000e+03 nan 3.553754296875000000e+04 9.894695235635717836e+02
2.214696491137146950e-03 1.497134799137711525e-03 2.261308494449764354e-09 4.312989453125000000e+04 4.312112500000000000e+04 1.594029663085937500e+03 1.466924682617187500e+03 nan 4.312855078125000000e+04 1.078728378344753764e+03
2.445461694151163101e-03 1.653132145293056965e-03 2.253477264686429142e-09 5.230921484375000000e+04 5.229776953125000000e+04 1.444146240234375000e+03 1.353881347656250000e+03 nan 5.230746875000000000e+04 1.174532758199652790e+03
2.700272016227245331e-03 1.825383864343166351e-03 2.245673160886940457e-09 6.339693359375000000e+04 6.338167187500000000e+04 1.519824340820312500e+03 1.426022949218750000e+03 nan 6.339459765625000000e+04 1.277022872720645864e+03
2.981632947921752930e-03 2.015583915635943413e-03 2.237896076485985185e-09 7.677405468750000000e+04 7.675348437500000000e+04 1.632531127929687500e+03 1.416481323242187500e+03 nan 7.677091406250000000e+04 1.386259164473159444e+03
3.292310982942581177e-03 2.225602278485894203e-03 2.230145925871712440e-09 9.289235156250000000e+04 9.286451562500000000e+04 1.491287963867187500e+03 1.405761474609375000e+03 nan 9.288809375000000000e+04 1.502203368626493557e+03
3.635360859334468842e-03 2.457503927871584892e-03 2.222422616889744185e-09 1.122857187500000000e+05 1.122479843750000000e+05 1.391936889648437500e+03 1.393753906250000000e+03 nan 1.122799531250000000e+05 1.624692898117246841e+03
4.014155361801385880e-03 2.713568974286317825e-03 2.214726058195065524e-09 1.355828906250000000e+05 1.355314062500000000e+05 1.582337768554687500e+03 1.380348754882812500e+03 nan 1.355750312500000000e+05 1.753418068191455859e+03
4.432419314980506897e-03 2.996315481141209602e-03 2.207056148657132701e-09 1.635212500000000000e+05 1.634501562500000000e+05 1.489823730468750000e+03 1.365457519531250000e+03 nan 1.635103906250000000e+05 1.887893000560020710e+03
4.894265439361333847e-03 3.308523446321487427e-03 2.199412800139309644e-09 1.969615468750000000e+05 1.968623125000000000e+05 1.478650146484375000e+03 1.348966674804687500e+03 nan 1.969463906250000000e+05 2.027427211427902648e+03
5.404234398156404495e-03 3.653262509033083916e-03 2.191795924301313793e-09 2.369034843750000000e+05 2.367643437500000000e+05 1.554068359375000000e+03 1.330769775390625000e+03 nan 2.368822187500000000e+05 2.171093521283857626e+03
5.967340432107448578e-03 4.033922217786312103e-03 2.184205430909534259e-09 2.845009375000000000e+05 2.843050937500000000e+05 1.352224609375000000e+03 1.310765991210937500e+03 nan 2.844710312500000000e+05 2.317696609621210882e+03
6.589121185243129730e-03 4.454245790839195251e-03 2.176641221197925960e-09 3.410767500000000000e+05 3.407993125000000000e+05 1.375164794921875000e+03 1.288840332031250000e+03 nan 3.410343437500000000e+05 2.465737650659893006e+03
7.275689393281936646e-03 4.918366204947233200e-03 2.169103203027300791e-09 4.081345000000000000e+05 4.077397500000000000e+05 1.419948852539062500e+03 1.264889404296875000e+03 nan 4.080741875000000000e+05 2.613379619746403023e+03
8.033796213567256927e-03 5.430846009403467178e-03 2.161591299930936394e-09 4.873663437500000000e+05 4.868035312500000000e+05 1.218645874023437500e+03 1.238807861328125000e+03 nan 4.872803437500000000e+05 2.758419892534465362e+03
8.870895951986312866e-03 5.996725521981716156e-03 2.154105401952956366e-09 5.806530000000000000e+05 5.798485625000000000e+05 1.328770263671875000e+03 1.210485839843750000e+03 nan 5.805301250000000000e+05 2.898251193517606225e+03
9.795218706130981445e-03 6.621567998081445694e-03 2.146645430474833453e-09 6.900540625000000000e+05 6.889033125000000000e+05 1.305454467773437500e+03 1.179822387695312500e+03 nan 6.898781875000000000e+05 3.029857485151852870e+03
1.081585418432950974e-02 7.311517372727394104e-03 2.139211293795359687e-09 8.177791250000000000e+05 8.161328125000000000e+05 1.252787841796875000e+03 1.146713500976562500e+03 nan 8.175276250000000000e+05 3.149788420767424213e+03
1.194283645600080490e-02 8.073357865214347839e-03 2.131802900090153706e-09 9.661386875000000000e+05 9.637863750000000000e+05 1.267371582031250000e+03 1.111060913085937500e+03 nan 9.657793750000000000e+05 3.254180619594342716e+03
1.318724639713764191e-02 8.914578706026077271e-03 2.124420174276236449e-09 1.137465500000000000e+06 1.134111250000000000e+06 1.210119750976562500e+03 1.072776245117187500e+03 nan 1.136953125000000000e+06 3.338817382698924121e+03
1.456132158637046814e-02 9.843453764915466309e-03 2.117063005254935590e-09 1.333997375000000000e+06 1.329231500000000000e+06 1.068039062500000000e+03 1.031787963867187500e+03 nan 1.333269250000000000e+06 3.399220859333674980e+03
1.607857085764408112e-02 1.086911372840404510e-02 2.109731324472420402e-09 1.557719875000000000e+06 1.550980750000000000e+06 9.693379516601562500e+02 9.880526123046875000e+02 nan 1.556690250000000000e+06 3.430849706972570857e+03
1.775391399860382080e-02 1.200164575129747391e-02 2.102425026951150955e-09 1.810173750000000000e+06 1.800705625000000000e+06 1.029961669921875000e+03 9.415755615234375000e+02 nan 1.808727250000000000e+06 3.429390176304365013e+03
1.960382424294948578e-02 1.325218472629785538e-02 2.095144031049849183e-09 2.092235750000000000e+06 2.079044500000000000e+06 9.473353881835937500e+02 8.924372558593750000e+02 nan 2.090220500000000000e+06 3.391180586679281532e+03
2.164648845791816711e-02 1.463302597403526306e-02 2.087888252770266929e-09 2.403925250000000000e+06 2.385740250000000000e+06 8.372392578125000000e+02 8.408279418945312500e+02 nan 2.401147000000000000e+06 3.313789490314420618e+03
2.390199340879917145e-02 1.615774817764759064e-02 2.080657597354892904e-09 2.744313000000000000e+06 2.719576250000000000e+06 8.747871093750000000e+02 7.870919799804687500e+02 nan 2.740534000000000000e+06 3.196712991005138974e+03
2.639251388609409332e-02 1.784133911132812500e-02 2.073451995948668221e-09 3.111669000000000000e+06 3.078575000000000000e+06 7.212789916992187500e+02 7.317772216796875000e+02 nan 3.106613000000000000e+06 3.042122455924744372e+03
2.914254181087017059e-02 1.970035769045352936e-02 2.066271340052806293e-09 3.504048500000000000e+06 3.460681500000000000e+06 7.142252197265625000e+02 6.756798095703125000e+02 nan 3.497423000000000000e+06 2.855508451118636458e+03
3.217911347746849060e-02 2.175308018922805786e-02 2.059115554147728899e-09 3.920521750000000000e+06 3.865136750000000000e+06 6.589122924804687500e+02 6.198685913085937500e+02 nan 3.912060250000000000e+06 2.645966860059530063e+03
3.553209081292152405e-02 2.401969395577907562e-02 2.051984539888671147e-09 4.363194000000000000e+06 4.294690500000000000e+06 6.328378906250000000e+02 5.656633300781250000e+02 nan 4.352728000000000000e+06 2.425822124544556118e+03
3.923443704843521118e-02 2.652247995138168335e-02 2.044878229365854235e-09 4.839834000000000000e+06 4.758404000000000000e+06 5.647257690429687500e+02 5.145335083007812500e+02 nan 4.827393500000000000e+06 2.209348035569645617e+03
4.332255572080612183e-02 2.928604744374752045e-02 2.037796533657790378e-09 5.366246000000000000e+06 5.274091500000000000e+06 5.120122070312500000e+02 4.678843994140625000e+02 nan 5.352166500000000000e+06 2.010471345896237608e+03
4.765481501817703247e-02 3.221465647220611572e-02 2.031010053452367756e-09 5.940056000000000000e+06 5.841929000000000000e+06 4.471052856445312500e+02 4.280770263671875000e+02 nan 5.925064000000000000e+06 1.844636756010787167e+03
5.198707059025764465e-02 3.514325991272926331e-02 2.024834231214258902e-09 6.548050000000000000e+06 6.449762000000000000e+06 4.142507934570312500e+02 3.966202697753906250e+02 nan 6.533034000000000000e+06 1.721335382069106345e+03
5.631932616233825684e-02 3.807186335325241089e-02 2.019169610001785353e-09 7.184873500000000000e+06 7.091081500000000000e+06 3.874237365722656250e+02 3.709344482421875000e+02 nan 7.170544000000000000e+06 1.625462091374094143e+03
6.065158173441886902e-02 4.100047051906585693e-02 2.013939112582009273e-09 7.841994000000000000e+06 7.754992500000000000e+06 3.647233886718750000e+02 3.491997985839843750e+02 nan 7.828702500000000000e+06 1.546361424471828741e+03
6.498383730649948120e-02 4.392907395958900452e-02 2.009081821590703985e-09 8.497905000000000000e+06 8.416937000000000000e+06 3.443762817382812500e+02 3.297184143066406250e+02 nan 8.485534000000000000e+06 1.472798610340450523e+03
6.931609660387039185e-02 4.685768112540245056e-02 2.004548729015451583e-09 9.125861000000000000e+06 9.047114000000000000e+06 3.250877685546875000e+02 3.112507629394531250e+02 nan 9.113831000000000000e+06 1.396368998887830003e+03
7.364834845066070557e-02 4.978628456592559814e-02 2.000299865353250301e-09 9.700500000000000000e+06 9.617819000000000000e+06 3.061042175292968750e+02 2.930752563476562500e+02 nan 9.687868000000000000e+06 1.312600091521738250e+03
7.798060774803161621e-02 5.271489173173904419e-02 1.996302173696350216e-09 1.020595000000000000e+07 1.011214300000000000e+07 2.872320556640625000e+02 2.750065307617187500e+02 nan 1.019161800000000000e+07 1.221550464330738350e+03
8.231285959482192993e-02 5.564349144697189331e-02 1.992528044667567094e-09 1.063979000000000000e+07 1.052821300000000000e+07 2.686936340332031250e+02 2.572574768066406250e+02 nan 1.062274400000000000e+07 1.126693157899353992e+03
8.664511889219284058e-02 5.857209861278533936e-02 1.988954134422163219e-09 1.101237700000000000e+07 1.087845500000000000e+07 2.509187927246093750e+02 2.402394104003906250e+02 nan 1.099191600000000000e+07 1.032982015054991052e+03
9.097737073898315430e-02 6.150070205330848694e-02 1.985560585482697045e-09 1.134296000000000000e+07 1.118529000000000000e+07 2.343561706542968750e+02 2.243819580078125000e+02 nan 1.131887300000000000e+07 9.450917827190295384e+02
9.636187553405761719e-02 6.514062732458114624e-02 1.981568674123380254e-09 1.173548500000000000e+07 1.155173500000000000e+07 2.160643005371093750e+02 2.068688201904296875e+02 nan 1.170741200000000000e+07 8.496373898838476180e+02
1.017463728785514832e-01 6.878054887056350708e-02 1.977801256732118934e-09 1.216254200000000000e+07 1.196209400000000000e+07 2.008267669677734375e+02 1.922798614501953125e+02 nan 1.213191800000000000e+07 7.737713487958155838e+02
1.071308776736259460e-01 7.242047041654586792e-02 1.974234781265857972e-09 1.267026000000000000e+07 1.246579300000000000e+07 1.887196350097656250e+02 1.806878967285156250e+02 nan 1.263902100000000000e+07 7.180655031455931976e+02
1.125153750181198120e-01 7.606039196252822876e-02 1.970849203820953451e-09 1.326880900000000000e+07 1.307248200000000000e+07 1.792114105224609375e+02 1.715841674804687500e+02 nan 1.323881500000000000e+07 6.786093998196155326e+02
1.178998723626136780e-01 7.970031350851058960e-02 1.967627323526894450e-09 1.393080200000000000e+07 1.375057200000000000e+07 1.714113616943359375e+02 1.641158752441406250e+02 nan 1.390326500000000000e+07 6.490724782313975538e+02
1.232843771576881409e-01 8.334024250507354736e-02 1.964554264128985100e-09 1.460811800000000000e+07 1.444538400000000000e+07 1.644357299804687500e+02 1.574369354248046875e+02 nan 1.458325600000000000e+07 6.232560159035263041e+02
1.286688745021820068e-01 8.698015660047531128e-02 1.961617102724775952e-09 1.524733200000000000e+07 1.509658500000000000e+07 1.575989685058593750e+02 1.508910522460937500e+02 nan 1.522430000000000000e+07 5.963752193130221713e+02
1.340533792972564697e-01 9.062008559703826904e-02 1.958804483640675406e-09 1.580160400000000000e+07 1.565218100000000000e+07 1.504811096191406250e+02 1.440761260986328125e+02 nan 1.577877700000000000e+07 5.655853965846264373e+02
1.394378840923309326e-01 9.426000714302062988e-02 1.956106446915437174e-09 1.624505500000000000e+07 1.608438100000000000e+07 1.429763793945312500e+02 1.368908691406250000e+02 nan 1.622050700000000000e+07 5.304331720123193463e+02
1.448223739862442017e-01 9.789992123842239380e-02 1.953514161287429418e-09 1.658184700000000000e+07 1.639916000000000000e+07 1.352649688720703125e+02 1.295078277587890625e+02 nan 1.655393500000000000e+07 4.926217867378852020e+02
1.502068787813186646e-01 1.015398502349853516e-01 1.951019758654691563e-09 1.684256400000000000e+07 1.663199800000000000e+07 1.276869659423828125e+02 1.222524719238281250e+02 nan 1.681039600000000000e+07 4.549322719306390468e+02
1.555913835763931274e-01 1.051797717809677124e-01 1.948616241255242070e-09 1.707496000000000000e+07 1.683710200000000000e+07 1.206160736083984375e+02 1.154826202392578125e+02 nan 1.703861800000000000e+07 4.201722163726412305e+02
1.609758734703063965e-01 1.088196933269500732e-01 1.946297314463125787e-09 1.733346400000000000e+07 1.707501800000000000e+07 1.143697204589843750e+02 1.095021667480468750e+02 nan 1.729397800000000000e+07 3.905130894659211549e+02
1.663603782653808594e-01 1.124596148729324341e-01 1.944057316713681798e-09 1.766258600000000000e+07 1.739429600000000000e+07 1.091145324707031250e+02 1.044706726074218750e+02 nan 1.762159800000000000e+07 3.669493794958567605e+02
1.717448830604553223e-01 1.160995438694953918e-01 1.941891129256332855e-09 1.807965800000000000e+07 1.781316400000000000e+07 1.048053512573242188e+02 1.003448410034179688e+02 nan 1.803894600000000000e+07 3.490535001870526344e+02
1.771293878555297852e-01 1.197394654154777527e-01 1.939794125595426991e-09 1.857152800000000000e+07 1.831614400000000000e+07 1.012273941040039062e+02 9.691909027099609375e+01 nan 1.853251200000000000e+07 3.353646320950011273e+02
1.825138777494430542e-01 1.233793795108795166e-01 1.937762091126241291e-09 1.910493400000000000e+07 1.886523800000000000e+07 9.810050964355468750e+01 9.392520904541015625e+01 nan 1.906831400000000000e+07 3.240723815961879382e+02
1.878983825445175171e-01 1.270193010568618774e-01 1.935791175107242678e-09 1.963694800000000000e+07 1.941182200000000000e+07 9.515294647216796875e+01 9.110303497314453125e+01 nan 1.960255400000000000e+07 3.134552833278886510e+02
1.932828873395919800e-01 1.306592375040054321e-01 1.933877861004656685e-09 2.012315800000000000e+07 1.990644000000000000e+07 9.216219329833984375e+01 8.823952484130859375e+01 nan 2.009004800000000000e+07 3.021198229437410419e+02
1.986673772335052490e-01 1.342991441488265991e-01 1.932018951816384183e-09 2.053022400000000000e+07 2.031268600000000000e+07 8.900119781494140625e+01 8.521308135986328125e+01 nan 2.049699000000000000e+07 2.893059434039474809e+02
2.040518820285797119e-01 1.379390656948089600e-01 1.930211465507478933e-09 2.084815400000000000e+07 2.062020200000000000e+07 8.566771697998046875e+01 8.202149963378906250e+01 nan 2.081332800000000000e+07 2.750783852840925761e+02
2.094363868236541748e-01 1.415790021419525146e-01 1.928452677645768952e-09 2.109109200000000000e+07 2.084539200000000000e+07 8.225730133056640625e+01 7.875627899169921875e+01 nan 2.105355600000000000e+07 2.601290364255856389e+02
2.148208767175674438e-01 1.452189087867736816e-01 1.926740094380007882e-09 2.128886200000000000e+07 2.102214000000000000e+07 7.890716552734375000e+01 7.554877471923828125e+01 nan 2.124811200000000000e+07 2.453786403659277653e+02
2.202053815126419067e-01 1.488588303327560425e-01 1.925071368159055733e-09 2.147847000000000000e+07 2.119211400000000000e+07 7.575431823730468750e+01 7.253015136718750000e+01 nan 2.143472000000000000e+07 2.316903476153757424e+02
2.255898863077163696e-01 1.524987667798995972e-01 1.923444343781293656e-09 2.169603600000000000e+07 2.139541200000000000e+07 7.290612792968750000e+01 6.980321502685546875e+01 nan 2.165010800000000000e+07 2.196947269731081462e+02
2.309743911027908325e-01 1.561386883258819580e-01 1.921857033120720865e-09 2.196651200000000000e+07 2.165926000000000000e+07 7.041212463378906250e+01 6.741534423828125000e+01 nan 2.191957200000000000e+07 2.096475723957107675e+02
2.363588809967041016e-01 1.597786098718643188e-01 1.920307567935778733e-09 2.229663200000000000e+07 2.199052000000000000e+07 6.825400543212890625e+01 6.534906768798828125e+01 nan 2.224986600000000000e+07 2.014056368198172038e+02
2.417433857917785645e-01 1.634185314178466797e-01 1.918794213956308179e-09 2.267622400000000000e+07 2.237711800000000000e+07 6.636403656005859375e+01 6.353952026367187500e+01 nan 2.263052600000000000e+07 1.945557823984900949e+02
2.471278905868530273e-01 1.670584529638290405e-01 1.917315352832477265e-09 2.308311800000000000e+07 2.279364400000000000e+07 6.465000152587890625e+01 6.189840698242187500e+01 nan 2.303889200000000000e+07 1.885625405480901691e+02
2.525123953819274902e-01 1.706983745098114014e-01 1.915869472055197894e-09 2.348731600000000000e+07 2.320645400000000000e+07 6.301252365112304688e+01 6.033060836791992188e+01 nan 2.344440400000000000e+07 1.828616767903258449e+02
2.578969001770019531e-01 1.743383109569549561e-01 1.914455150219987163e-09 2.385816000000000000e+07 2.358185200000000000e+07 6.136635208129882812e+01 5.875447463989257812e+01 nan 2.381594800000000000e+07 1.769778069150522413e+02
2.632813751697540283e-01 1.779782027006149292e-01 1.913071083197014340e-09 2.417579800000000000e+07 2.389826200000000000e+07 5.966683197021484375e+01 5.712728881835937500e+01 nan 2.413339600000000000e+07 1.706752321005907049e+02
2.686658799648284912e-01 1.816181391477584839e-01 1.911715991580206360e-09 2.443785600000000000e+07 2.415326000000000000e+07 5.791866302490234375e+01 5.545353698730468750e+01 nan 2.439438000000000000e+07 1.640024115640947571e+02
2.740503847599029541e-01 1.852580606937408447e-01 1.910388727493893778e-09 2.465545400000000000e+07 2.435940800000000000e+07 5.615736389160156250e+01 5.376721572875976562e+01 nan 2.461022200000000000e+07 1.571790239375607428e+02
2.794348895549774170e-01 1.888979822397232056e-01 1.909088184011114833e-09 2.484580200000000000e+07 2.453637600000000000e+07 5.442701721191406250e+01 5.211053848266601562e+01 nan 2.479853000000000000e+07 1.504625176127370310e+02
2.848193943500518799e-01 1.925379037857055664e-01 1.907813323590368924e-09 2.502922400000000000e+07 2.470720400000000000e+07 5.277179718017578125e+01 5.052576828002929688e+01 nan 2.498002800000000000e+07 1.440987524624306957e+02
2.902038991451263428e-01 1.961778402328491211e-01 1.906563162582237113e-09 2.522732000000000000e+07 2.489576800000000000e+07 5.123168945312500000e+01 4.905122375488281250e+01 nan 2.517666600000000000e+07 1.382998736857300628e+02
2.955884039402008057e-01 1.998177617788314819e-01 1.905336787226579552e-09 2.545661200000000000e+07 2.511987600000000000e+07 4.983034515380859375e+01 4.770952224731445312e+01 nan 2.540516400000000000e+07 1.331830430841781663e+02
3.009728789329528809e-01 2.034576684236526489e-01 1.904133323856378078e-09 2.572148200000000000e+07 2.538399200000000000e+07 4.856429290771484375e+01 4.649735260009765625e+01 nan 2.566991600000000000e+07 1.287197723087284089e+02
3.063573837280273438e-01 2.070975899696350098e-01 1.902951936232507350e-09 2.601413800000000000e+07 2.567927800000000000e+07 4.740742111206054688e+01 4.538970565795898438e+01 nan 2.596297600000000000e+07 1.247669896076257885e+02
3.117418885231018066e-01 2.107375115156173706e-01 1.901791846628511990e-09 2.632067400000000000e+07 2.599005000000000000e+07 4.632575988769531250e+01 4.435407257080078125e+01 nan 2.627016200000000000e+07 1.211461751067554928e+02
3.171263933181762695e-01 2.143774479627609253e-01 1.900652308391623192e-09 2.662602400000000000e+07 2.629926000000000000e+07 4.528745269775390625e+01 4.335994720458984375e+01 nan 2.657610000000000000e+07 1.176945085359103444e+02
3.225108981132507324e-01 2.180173695087432861e-01 1.899532626729035332e-09 2.691554800000000000e+07 2.659059400000000000e+07 4.426545333862304688e+01 4.238144302368164062e+01 nan 2.686590400000000000e+07 1.142768053986085874e+02
3.278954029083251953e-01 2.216572910547256470e-01 1.898432128189829179e-09 2.717750800000000000e+07 2.685134400000000000e+07 4.324087142944335938e+01 4.140046691894531250e+01 nan 2.712767400000000000e+07 1.108017062667075976e+02
3.332799077033996582e-01 2.252972126007080078e-01 1.897350177081271127e-09 2.740743600000000000e+07 2.707693400000000000e+07 4.220864486694335938e+01 4.041217803955078125e+01 nan 2.735694400000000000e+07 1.072494459162314655e+02
3.386643826961517334e-01 2.289371192455291748e-01 1.896286172945125672e-09 2.761014600000000000e+07 2.727287400000000000e+07 4.117842102050781250e+01 3.942580413818359375e+01 nan 2.755862000000000000e+07 1.036742514236771626e+02
3.440488874912261963e-01 2.325770407915115356e-01 1.895239531240720810e-09 2.779656600000000000e+07 2.745132400000000000e+07 4.016763305664062500e+01 3.845804595947265625e+01 nan 2.774382000000000000e+07 1.001668674265823853e+02
3.494333922863006592e-01 2.362169772386550903e-01 1.894209703480833635e-09 2.797850800000000000e+07 2.762550400000000000e+07 3.919288253784179688e+01 3.752478408813476562e+01 nan 2.792457600000000000e+07 9.681042098439748145e+01
3.548178970813751221e-01 2.398568987846374512e-01 1.893196174858241155e-09 2.816587200000000000e+07 2.780652200000000000e+07 3.826604843139648438e+01 3.663740158081054688e+01 nan 2.811097200000000000e+07 9.366203944039429530e+01
3.602024018764495850e-01 2.434968203306198120e-01 1.892198441798694543e-09 2.836608200000000000e+07 2.800252200000000000e+07 3.739413833618164062e+01 3.580260086059570312e+01 nan 2.831053800000000000e+07 9.075358605596355233e+01
3.655869066715240479e-01 2.471367418766021729e-01 1.891216027459402332e-09 2.858286600000000000e+07 2.821736600000000000e+07 3.657834625244140625e+01 3.502152633666992188e+01 nan 2.852702200000000000e+07 8.808843956742845194e+01
3.709714114665985107e-01 2.507766783237457275e-01 1.890248472221847833e-09 2.881453200000000000e+07 2.844892800000000000e+07 3.581272506713867188e+01 3.428849029541015625e+01 nan 2.875867600000000000e+07 8.563648035491483768e+01
3.763558864593505859e-01 2.544165849685668945e-01 1.889295352117686434e-09 2.905443400000000000e+07 2.868972800000000000e+07 3.508579635620117188e+01 3.359249877929687500e+01 nan 2.899871600000000000e+07 8.334252584868428926e+01
3.817403912544250488e-01 2.580564916133880615e-01 1.888356242191734645e-09 2.929417400000000000e+07 2.893039600000000000e+07 3.438515472412109375e+01 3.292166900634765625e+01 nan 2.923860000000000000e+07 8.114846989602861527e+01
3.871248960494995117e-01 2.616964280605316162e-01 1.887430735669950155e-09 2.952652800000000000e+07 2.916285200000000000e+07 3.370103836059570312e+01 3.226667022705078125e+01 nan 2.947096600000000000e+07 7.900974755950713302e+01
3.925094008445739746e-01 2.653363645076751709e-01 1.886518457772270655e-09 2.974623600000000000e+07 2.938128000000000000e+07 3.302693939208984375e+01 3.162126159667968750e+01 nan 2.969047800000000000e+07 7.689762317599989672e+01
3.978939056396484375e-01 2.689762711524963379e-01 1.885619049100158659e-09 2.995030200000000000e+07 2.958256000000000000e+07 3.235953903198242188e+01 3.098227119445800781e+01 nan 2.989411800000000000e+07 7.479847131330109278e+01
4.032784104347229004e-01 2.726162075996398926e-01 1.884732143174389957e-09 3.013934000000000000e+07 2.976754800000000000e+07 3.169972038269042969e+01 3.035053634643554688e+01 nan 3.008253800000000000e+07 7.271774134497626108e+01
4.086629152297973633e-01 2.762561440467834473e-01 1.883857409814700777e-09 3.031794800000000000e+07 2.994138200000000000e+07 3.105238342285156250e+01 2.973074913024902344e+01 nan 3.026042000000000000e+07 7.067893523681401291e+01
4.140473902225494385e-01 2.798960208892822266e-01 1.882994538868699288e-09 3.049235800000000000e+07 3.011094800000000000e+07 3.042357063293457031e+01 2.912870597839355469e+01 nan 3.043408600000000000e+07 6.870987707774342823e+01
4.194318950176239014e-01 2.835359573364257812e-01 1.882143190604211824e-09 3.066756400000000000e+07 3.028183800000000000e+07 2.981747055053710938e+01 2.854839897155761719e+01 nan 3.060863600000000000e+07 6.682901877035808980e+01
4.248163998126983643e-01 2.871758937835693359e-01 1.881303079826970542e-09 3.084669800000000000e+07 3.045758400000000000e+07 2.923600006103515625e+01 2.799168014526367188e+01 nan 3.078725200000000000e+07 6.504448010887404052e+01
4.302009046077728271e-01 2.908158004283905029e-01 1.880473925305205483e-09 3.103193000000000000e+07 3.064049200000000000e+07 2.867992782592773438e+01 2.745927238464355469e+01 nan 3.097212600000000000e+07 6.335912143747615488e+01
4.355854094028472900e-01 2.944557368755340576e-01 1.879655436356054805e-09 3.122393200000000000e+07 3.083110400000000000e+07 2.814849853515625000e+01 2.695045852661132812e+01 nan 3.116391400000000000e+07 6.176914367230677527e+01
4.409699141979217529e-01 2.980956733226776123e-01 1.878847353036435648e-09 3.142050600000000000e+07 3.102688400000000000e+07 2.763843154907226562e+01 2.646210289001464844e+01 nan 3.136037400000000000e+07 6.025998717830103146e+01
4.463544189929962158e-01 3.017355799674987793e-01 1.878049424887222573e-09 3.161737400000000000e+07 3.122311600000000000e+07 2.714490699768066406e+01 2.598958206176757812e+01 nan 3.155714000000000000e+07 5.881082869203289221e+01
4.517388939857482910e-01 3.053754866123199463e-01 1.877261397654174740e-09 3.181071800000000000e+07 3.141558400000000000e+07 2.666392707824707031e+01 2.552907180786132812e+01 nan 3.175034600000000000e+07 5.740469358702553393e+01
4.571233987808227539e-01 3.090154230594635010e-01 1.876483026309890802e-09 3.199845800000000000e+07 3.160191600000000000e+07 2.619327545166015625e+01 2.507845306396484375e+01 nan 3.193787600000000000e+07 5.603256797193885319e+01
4.625079035758972168e-01 3.126553297042846680e-01 1.875714093387305177e-09 3.217944400000000000e+07 3.178083000000000000e+07 2.573168563842773438e+01 2.463650894165039062e+01 nan 3.211854400000000000e+07 5.468955952165691770e+01
4.678924083709716797e-01 3.162952661514282227e-01 1.874954364165268396e-09 3.235298600000000000e+07 3.195170200000000000e+07 2.527838134765625000e+01 2.420249557495117188e+01 nan 3.229167600000000000e+07 5.337275132099321695e+01
4.732769131660461426e-01 3.199352025985717773e-01 1.874203630559428286e-09 3.251982200000000000e+07 3.211546600000000000e+07 2.483374404907226562e+01 2.377678680419921875e+01 nan 3.245804400000000000e+07 5.208410925434529304e+01
4.786614179611206055e-01 3.235751092433929443e-01 1.873461691551420399e-09 3.268261600000000000e+07 3.227505800000000000e+07 2.439956283569335938e+01 2.336108398437500000e+01 nan 3.262034800000000000e+07 5.083132025100025686e+01
4.840458929538726807e-01 3.272150158882141113e-01 1.872728340933758753e-09 3.284455600000000000e+07 3.243394000000000000e+07 2.397784614562988281e+01 2.295731735229492188e+01 nan 3.278182400000000000e+07 4.962267533300577327e+01
4.894303977489471436e-01 3.308549523353576660e-01 1.872003379495005729e-09 3.300755000000000000e+07 3.259422400000000000e+07 2.356946945190429688e+01 2.256632041931152344e+01 nan 3.294440200000000000e+07 4.846167962901544968e+01
4.948149025440216064e-01 3.344948589801788330e-01 1.871286632213937058e-09 3.317203000000000000e+07 3.275645000000000000e+07 2.317418861389160156e+01 2.218786239624023438e+01 nan 3.310853800000000000e+07 4.734720058236511164e+01
5.001994371414184570e-01 3.381348252296447754e-01 1.870577900826693527e-09 3.333808400000000000e+07 3.292068400000000000e+07 2.279149627685546875e+01 2.182145881652832031e+01 nan 3.327431200000000000e+07 4.627704148230483838e+01
5.055838823318481445e-01 3.417747020721435547e-01 1.869877039368293133e-09 3.350567600000000000e+07 3.308678600000000000e+07 2.242083549499511719e+01 2.146657371520996094e+01 nan 3.344167800000000000e+07 4.524892126864144615e+01
5.109683871269226074e-01 3.454146385192871094e-01 1.869183849789121820e-09 3.367401200000000000e+07 3.325378600000000000e+07 2.206115531921386719e+01 2.112220382690429688e+01 nan 3.360980800000000000e+07 4.425860357140125245e+01
5.163528919219970703e-01 3.490545451641082764e-01 1.868498185335105332e-09 3.384114400000000000e+07 3.341955800000000000e+07 2.171074867248535156e+01 2.078671073913574219e+01 nan 3.377673200000000000e+07 4.329932014863364742e+01
5.217373967170715332e-01 3.526944816112518311e-01 1.867819876059786520e-09 3.400518000000000000e+07 3.358206400000000000e+07 2.136806869506835938e+01 2.045861244201660156e+01 nan 3.394054000000000000e+07 4.236501401584369830e+01
5.271219015121459961e-01 3.563344180583953857e-01 1.867148773833358248e-09 3.416545200000000000e+07 3.374056800000000000e+07 2.103243827819824219e+01 2.013726997375488281e+01 nan 3.410054000000000000e+07 4.145321665848080528e+01
5.325064063072204590e-01 3.599743247032165527e-01 1.866484735032350672e-09 3.432231600000000000e+07 3.389539600000000000e+07 2.070385932922363281e+01 1.982267379760742188e+01 nan 3.425709200000000000e+07 4.056404930850384005e+01
5.378909111022949219e-01 3.636142611503601074e-01 1.865827604301946768e-09 3.447608000000000000e+07 3.404692800000000000e+07 2.038230133056640625e+01 1.951480102539062500e+01 nan 3.441051600000000000e+07 3.969745552708236858e+01
5.432754158973693848e-01 3.672541677951812744e-01 1.865177252290424566e-09 3.462690000000000000e+07 3.419542800000000000e+07 2.006764221191406250e+01 1.921353530883789062e+01 nan 3.456098000000000000e+07 3.885307130508326168e+01
5.486599206924438477e-01 3.708941042423248291e-01 1.864533532427482462e-09 3.477564800000000000e+07 3.434186400000000000e+07 1.976016807556152344e+01 1.891914749145507812e+01 nan 3.470937600000000000e+07 3.803198800304829064e+01
5.540444254875183105e-01 3.745340406894683838e-01 1.863896318172137942e-09 3.492379600000000000e+07 3.448781600000000000e+07 1.946047401428222656e+01 1.863221168518066406e+01 nan 3.485718800000000000e+07 3.723650639268164042e+01
5.594289302825927734e-01 3.781739473342895508e-01 1.863265486641235488e-09 3.507230000000000000e+07 3.463430000000000000e+07 1.916881942749023438e+01 1.835296440124511719e+01 nan 3.500538400000000000e+07 3.646755620862896308e+01
5.648134350776672363e-01 3.818138837814331055e-01 1.862640903204479876e-09 3.522098000000000000e+07 3.478114800000000000e+07 1.888479804992675781e+01 1.808103561401367188e+01 nan 3.515378000000000000e+07 3.572358730274498839e+01
5.701979398727416992e-01 3.854538202285766602e-01 1.862022452330667509e-09 3.536929200000000000e+07 3.492778400000000000e+07 1.860785484313964844e+01 1.781587791442871094e+01 nan 3.530183600000000000e+07 3.500247088367363091e+01
5.755824446678161621e-01 3.890937268733978271e-01 1.861410021730888845e-09 3.551716400000000000e+07 3.507409200000000000e+07 1.833771133422851562e+01 1.755723381042480469e+01 nan 3.544947200000000000e+07 3.430316050866664312e+01
5.809668898582458496e-01 3.927336037158966064e-01 1.860803497296447543e-09 3.566458800000000000e+07 3.521998000000000000e+07 1.807410621643066406e+01 1.730484962463378906e+01 nan 3.559666400000000000e+07 3.362474630996731406e+01
5.863513946533203125e-01 3.963735401630401611e-01 1.860202753428811389e-09 3.581086800000000000e+07 3.536469600000000000e+07 1.781647872924804688e+01 1.705818367004394531e+01 nan 3.574270400000000000e+07 3.296508797636762012e+01
5.917358994483947754e-01 4.000134766101837158e-01 1.859607692406273365e-09 3.595502400000000000e+07 3.550721200000000000e+07 1.756414413452148438e+01 1.681658935546875000e+01 nan 3.588660800000000000e+07 3.232174613249743800e+01
5.971204042434692383e-01 4.036533832550048828e-01 1.859018214291441706e-09 3.609682800000000000e+07 3.564728400000000000e+07 1.731683540344238281e+01 1.657980537414550781e+01 nan 3.602814400000000000e+07 3.169379000604150320e+01
6.025049090385437012e-01 4.072933197021484375e-01 1.858434207544148841e-09 3.623683600000000000e+07 3.578548000000000000e+07 1.707466888427734375e+01 1.634794807434082031e+01 nan 3.616788000000000000e+07 3.108165451531668921e+01
6.078894138336181641e-01 4.109332561492919922e-01 1.857855577876460681e-09 3.637541200000000000e+07 3.592218800000000000e+07 1.683765983581542969e+01 1.612102127075195312e+01 nan 3.630617200000000000e+07 3.048541669656146524e+01
6.132739186286926270e-01 4.145731627941131592e-01 1.857282233477322155e-09 3.651244800000000000e+07 3.605734800000000000e+07 1.660559844970703125e+01 1.589884281158447266e+01 nan 3.644292000000000000e+07 2.990436277749420313e+01
6.186584234237670898e-01 4.182130992412567139e-01 1.856714071034082293e-09 3.664807600000000000e+07 3.619112400000000000e+07 1.637840270996093750e+01 1.568131637573242188e+01 nan 3.657826000000000000e+07 2.933814614845826085e+01
6.240429282188415527e-01 4.218530058860778809e-01 1.856151008397507339e-09 3.678296800000000000e+07 3.632423200000000000e+07 1.615622711181640625e+01 1.546859359741210938e+01 nan 3.671288000000000000e+07 2.878734528586706887e+01
6.294274330139160156e-01 4.254929423332214355e-01 1.855592947277603754e-09 3.691769200000000000e+07 3.645725200000000000e+07 1.593915367126464844e+01 1.526076316833496094e+01 nan 3.684735200000000000e+07 2.825224427405136041e+01
6.556535363197326660e-01 4.432217776775360107e-01 1.852943630635520644e-09 3.756387200000000000e+07 3.709580800000000000e+07 1.494666671752929688e+01 1.431051635742187500e+01 nan 3.749236000000000000e+07 2.584150961060116458e+01
8.039034605026245117e-01 5.434387326240539551e-01 1.839770603253567837e-09 4.081602400000000000e+07 4.030755200000000000e+07 1.080303955078125000e+01 1.034324836730957031e+01 nan 4.073834000000000000e+07 1.643431041913810020e+01
9.932619333267211914e-01 6.714450716972351074e-01 1.826201010048688587e-09 4.425194400000000000e+07 4.370083600000000000e+07 7.672345638275146484e+00 7.345800399780273438e+00 nan 4.416774400000000000e+07 1.016623169377949409e+01
1.227223634719848633e+00 8.296031951904296875e-01 1.812731498599941669e-09 4.774206000000000000e+07 4.714764000000000000e+07 5.422224044799804688e+00 5.191445827484130859e+00 nan 4.765124800000000000e+07 6.227342626225899735e+00
1.516294717788696289e+00 1.025015234947204590e+00 1.799361337301671755e-09 5.127926800000000000e+07 5.064094000000000000e+07 3.815034866333007812e+00 3.652661323547363281e+00 nan 5.118174400000000000e+07 3.780848972010784070e+00
1.873456120491027832e+00 1.266456365585327148e+00 1.786089789356977996e-09 5.485642800000000000e+07 5.417369200000000000e+07 2.673404216766357422e+00 2.559619903564453125e+00 nan 5.475211600000000000e+07 2.277014721279852605e+00
2.314746379852294922e+00 1.564768552780151367e+00 1.772916133006574509e-09 5.846810400000000000e+07 5.774053600000000000e+07 1.866536855697631836e+00 1.787093997001647949e+00 nan 5.835694800000000000e+07 1.361300773269285003e+00
2.859982252120971680e+00 1.933347940444946289e+00 1.759839636962373426e-09 6.210943200000000000e+07 6.133665600000000000e+07 1.298839926719665527e+00 1.243559122085571289e+00 nan 6.199136400000000000e+07 8.084187473055951534e-01
3.533647537231445312e+00 2.388745784759521484e+00 1.746859588797865175e-09 6.577605600000000000e+07 6.495776000000000000e+07 9.010448455810546875e-01 8.626947999000549316e-01 nan 6.565104000000000000e+07 4.771578438730445515e-01
4.365993976593017578e+00 2.951411962509155273e+00 1.733975279535418463e-09 6.946424800000000000e+07 6.860015200000000000e+07 6.233336329460144043e-01 5.968033075332641602e-01 nan 6.933223200000000000e+07 2.800620558552117112e-01
5.394398689270019531e+00 3.646613597869873047e+00 1.721185999058096773e-09 7.317101600000000000e+07 7.226091200000000000e+07 4.301096796989440918e-01 4.118032455444335938e-01 nan 7.303197600000000000e+07 1.635366053906255057e-01
6.665042877197265625e+00 4.505568981170654297e+00 1.708491050912268841e-09 7.689313600000000000e+07 7.593684000000000000e+07 2.960798442363739014e-01 2.834778726100921631e-01 nan 7.674704000000000000e+07 9.504235341472332121e-02
8.234986305236816406e+00 5.566850662231445312e+00 1.695889732548296616e-09 8.062860000000000000e+07 7.962594400000000000e+07 2.033724188804626465e-01 1.947162002325057983e-01 nan 8.047541600000000000e+07 5.499527824270889625e-02
1.017472743988037109e+01 6.878115653991699219e+00 1.683381361073609185e-09 8.437491200000000000e+07 8.332578400000000000e+07 1.394115090370178223e-01 1.334775388240814209e-01 nan 8.421463200000000000e+07 3.169414327922380481e-02
1.257137203216552734e+01 8.498247146606445312e+00 1.670965250288532184e-09 8.812995200000000000e+07 8.703425600000000000e+07 9.538767486810684204e-02 9.132739901542663574e-02 nan 8.796255200000000000e+07 1.819720018292906791e-02
1.553254413604736328e+01 1.050000000000000000e+01 1.658640709094829109e-09 9.189176800000000000e+07 9.074947200000000000e+07 6.515240669250488281e-02 6.237898394465446472e-02 nan 9.171724800000000000e+07 1.041156109176621068e-02
