# k/h [h/Mpc]            k [1/Mpc]              Primoridal             T_cdm(k)                 T_bar(k)                 T_phot(k)                T_massless neutrions(k)  T_massive neutrinos(k)   T_total(k)               Linear Pk [(Mpc)^-3]   
1.049045658874092624e-05 7.091548468451946974e-06 2.727206404909961128e-09 1.000000000000000000e+00 1.000000000000000000e+00 1.000000000000000000e+00 1.000000000000000000e+00 nan 1.000000000000000000e+00 8.374436186182485642e+00
1.158353370556142181e-05 7.830468348402064294e-06 2.717761705682844603e-09 9.999997615814208984e-01 9.999997615814208984e-01 9.999752640724182129e-01 9.999747872352600098e-01 nan 9.999997615814208984e-01 9.215001539222217986e+00
1.279050593439023942e-05 8.646382411825470626e-06 2.708349706436794825e-09 9.999995827674865723e-01 9.999995827674865723e-01 9.999451637268066406e-01 9.999440312385559082e-01 nan 9.999995827674865723e-01 1.013993730709495544e+01
1.412324218108551577e-05 9.547311492497101426e-06 2.698970312856197758e-09 9.999992251396179199e-01 9.999992251396179199e-01 9.999083280563354492e-01 9.999065399169921875e-01 nan 9.999992251396179199e-01 1.115770893755886028e+01
1.559484553581569344e-05 1.054211588780162856e-05 2.689623392481895528e-09 9.999989271163940430e-01 9.999988079071044922e-01 9.998634457588195801e-01 9.998608231544494629e-01 nan 9.999988079071044922e-01 1.227763426425630122e+01
1.721978514979127795e-05 1.164057448477251455e-05 2.680308856040028027e-09 9.999985098838806152e-01 9.999983906745910645e-01 9.998087882995605469e-01 9.998050928115844727e-01 nan 9.999985098838806152e-01 1.350997238222836039e+01
1.901403993542771786e-05 1.285349117097212002e-05 2.671026563908324178e-09 9.999978542327880859e-01 9.999978542327880859e-01 9.997421503067016602e-01 9.997370839118957520e-01 nan 9.999978542327880859e-01 1.486599285136519732e+01
2.099525045196060091e-05 1.419278942194068804e-05 2.661776424936157355e-09 9.999971985816955566e-01 9.999971389770507812e-01 9.996609091758728027e-01 9.996542334556579590e-01 nan 9.999971985816955566e-01 1.635812056679220206e+01
2.318289807590190321e-05 1.567163963045459241e-05 2.652558315858844083e-09 9.999963641166687012e-01 9.999962449073791504e-01 9.995618462562561035e-01 9.995533227920532227e-01 nan 9.999963641166687012e-01 1.800000767534353585e+01
2.559849235694855452e-05 1.730458097881637514e-05 2.643372135990062650e-09 9.999952912330627441e-01 9.999951720237731934e-01 9.994411468505859375e-01 9.994301199913024902e-01 nan 9.999952912330627441e-01 1.980668550499871117e+01
2.826578383974265307e-05 1.910767059598583728e-05 2.634217767634683471e-09 9.999940395355224609e-01 9.999940395355224609e-01 9.992939233779907227e-01 9.992800354957580566e-01 nan 9.999940395355224609e-01 2.179469007504215838e+01
3.121100235148333013e-05 2.109863817167934030e-05 2.625095097817206075e-09 9.999926090240478516e-01 9.999925494194030762e-01 9.991144537925720215e-01 9.990969896316528320e-01 nan 9.999926090240478516e-01 2.398222883625255264e+01
3.446310074650682509e-05 2.329705603187903762e-05 2.616004033478672110e-09 9.999908208847045898e-01 9.999905824661254883e-01 9.988957047462463379e-01 9.988740086555480957e-01 nan 9.999907016754150391e-01 2.638930076643250189e+01
3.805406231549568474e-05 2.572454650362487882e-05 2.606944439452153756e-09 9.999884963035583496e-01 9.999882578849792480e-01 9.986290335655212402e-01 9.986020326614379883e-01 nan 9.999884963035583496e-01 2.903795134756138552e+01
4.201919000479392707e-05 2.840497290890198201e-05 2.597916226597658093e-09 9.999858140945434570e-01 9.999855756759643555e-01 9.983039498329162598e-01 9.982706308364868164e-01 nan 9.999856948852539062e-01 3.195240730505515003e+01
4.639747567125596106e-05 3.136469240416772664e-05 2.588919279439887767e-09 9.999824762344360352e-01 9.999821782112121582e-01 9.979078173637390137e-01 9.978666305541992188e-01 nan 9.999823570251464844e-01 3.515934047328995149e+01
5.123196388012729585e-05 3.463280881987884641e-05 2.579953483847589841e-09 9.999784231185913086e-01 9.999780058860778809e-01 9.974249601364135742e-01 9.973743557929992676e-01 nan 9.999783039093017578e-01 3.868808284558841848e+01
5.657019573845900595e-05 3.824145096587017179e-05 2.571018745591721348e-09 9.999734163284301758e-01 9.999729990959167480e-01 9.968364834785461426e-01 9.967743158340454102e-01 nan 9.999732971191406250e-01 4.257090601467757551e+01
6.246465636650100350e-05 4.222610732540488243e-05 2.562114941593048984e-09 9.999673366546630859e-01 9.999668002128601074e-01 9.961194992065429688e-01 9.960433244705200195e-01 nan 9.999672174453735352e-01 4.684331914953423848e+01
6.897329876665025949e-05 4.662595165427774191e-05 2.553241977543412439e-09 9.999600648880004883e-01 9.999593496322631836e-01 9.952460527420043945e-01 9.951527118682861328e-01 nan 9.999599456787109375e-01 5.154438454816747139e+01
7.616012590005993843e-05 5.148424679646268487e-05 2.544399743325443185e-09 9.999510049819946289e-01 9.999502301216125488e-01 9.941819906234741211e-01 9.940677881240844727e-01 nan 9.999508857727050781e-01 5.671703688958294975e+01
8.409580186707898974e-05 5.684876305167563260e-05 2.535588130685252624e-09 9.999400973320007324e-01 9.999390244483947754e-01 9.928860664367675781e-01 9.927464723587036133e-01 nan 9.999399185180664062e-01 6.240853258896598277e+01
9.285835403716191649e-05 6.277224747464060783e-05 2.526807033334104165e-09 9.999267458915710449e-01 9.999256134033203125e-01 9.913082122802734375e-01 9.911377429962158203e-01 nan 9.999265670776367188e-01 6.867084916541492134e+01
1.025339443003758788e-04 6.931294774403795600e-05 2.518056339675267213e-09 9.999104142189025879e-01 9.999090433120727539e-01 9.893875122070312500e-01 9.891796112060546875e-01 nan 9.999102354049682617e-01 7.556110606753917125e+01
1.132176985265687108e-04 7.653516513528302312e-05 2.509335958204897443e-09 9.998905658721923828e-01 9.998888969421386719e-01 9.870505928993225098e-01 9.867970347404479980e-01 nan 9.998903870582580566e-01 8.314211273752582088e+01
1.250146742677316070e-04 8.450992027064785361e-05 2.500645773867358897e-09 9.998665452003479004e-01 9.998643398284912109e-01 9.842083454132080078e-01 9.838994741439819336e-01 nan 9.998661279678344727e-01 9.148292432649374462e+01
1.380408502882346511e-04 9.331561159342527390e-05 2.491985695624705562e-09 9.998371005058288574e-01 9.998344182968139648e-01 9.807533025741577148e-01 9.803774356842041016e-01 nan 9.998366832733154297e-01 1.006594273492100484e+02
1.524243270978331566e-04 1.030388448270969093e-04 2.483355596498544299e-09 9.998010993003845215e-01 9.997979402542114258e-01 9.765563011169433594e-01 9.760991334915161133e-01 nan 9.998006820678710938e-01 1.107549764999691888e+02
1.683065347606316209e-04 1.137752187787555158e-04 2.474755379885282393e-09 9.997574687004089355e-01 9.997535943984985352e-01 9.714621305465698242e-01 9.709066152572631836e-01 nan 9.997569322586059570e-01 1.218611462290496519e+02
1.858436153270304203e-04 1.256302784895524383e-04 2.466184957973141175e-09 9.997043013572692871e-01 9.996994733810424805e-01 9.652848839759826660e-01 9.646108746528625488e-01 nan 9.997035264968872070e-01 1.340784350204319537e+02
2.052080089924857020e-04 1.387206139042973518e-04 2.457644209414643305e-09 9.996395111083984375e-01 9.996336102485656738e-01 9.578036665916442871e-01 9.569868445396423340e-01 nan 9.996385574340820312e-01 1.475171309343365351e+02
2.265901130158454180e-04 1.531749148853123188e-04 2.449133045395065615e-09 9.995604753494262695e-01 9.995535612106323242e-01 9.487564563751220703e-01 9.477679729461669922e-01 nan 9.995594024658203125e-01 1.622982160426247447e+02
2.502001880202442408e-04 1.691353245405480266e-04 2.440651351248999153e-09 9.994643926620483398e-01 9.994559884071350098e-01 9.378350377082824707e-01 9.366411566734313965e-01 nan 9.994632601737976074e-01 1.785542581634481394e+02
2.762703516054898500e-04 1.867587561719119549e-04 2.432199034655000626e-09 9.993476271629333496e-01 9.993373751640319824e-01 9.246804714202880859e-01 9.232416152954101562e-01 nan 9.993461370468139648e-01 1.964302757690065846e+02
3.050569503102451563e-04 2.062184939859434962e-04 2.423775992290330563e-09 9.992055296897888184e-01 9.991930127143859863e-01 9.088787436485290527e-01 9.071491956710815430e-01 nan 9.992036223411560059e-01 2.160849762990380043e+02
3.368430479895323515e-04 2.277058956678956747e-04 2.415382114947829304e-09 9.990327954292297363e-01 9.990176558494567871e-01 8.899595141410827637e-01 8.878872394561767578e-01 nan 9.990304708480834961e-01 2.376917349557666626e+02
3.719411906786262989e-04 2.514322404749691486e-04 2.407017301830847028e-09 9.988230466842651367e-01 9.988047480583190918e-01 8.673995733261108398e-01 8.649263978004455566e-01 nan 9.988202452659606934e-01 2.614395872573728639e+02
4.106964333914220333e-04 2.776307810563594103e-04 2.398681465071051552e-09 9.985685348510742188e-01 9.985464215278625488e-01 8.406310081481933594e-01 8.376935720443725586e-01 nan 9.985651373863220215e-01 2.875341632931104527e+02
4.534898616839200258e-04 3.065591445192694664e-04 2.390374494355455649e-09 9.982597827911376953e-01 9.982334375381469727e-01 8.090619444847106934e-01 8.055933117866516113e-01 nan 9.982558488845825195e-01 3.161989351640806376e+02
5.007422878406941891e-04 3.385017917025834322e-04 2.382096284987275655e-09 9.978860616683959961e-01 9.978544712066650391e-01 7.721097469329833984e-01 7.680426239967346191e-01 nan 9.978812336921691895e-01 3.476758118023823272e+02
5.529182380996644497e-04 3.737727238330990076e-04 2.373846756225058361e-09 9.974341392517089844e-01 9.973964691162109375e-01 7.292540669441223145e-01 7.245261669158935547e-01 nan 9.974284172058105469e-01 3.822259824769865304e+02
6.105307838879525661e-04 4.127188003621995449e-04 2.365625794166928840e-09 9.968886375427246094e-01 9.968439340591430664e-01 6.801166534423828125e-01 6.746779680252075195e-01 nan 9.968817830085754395e-01 4.201304106900180386e+02
6.741464603692293167e-04 4.557229985948652029e-04 2.357433293568910220e-09 9.962315559387207031e-01 9.961787462234497070e-01 6.245691776275634766e-01 6.183919310569763184e-01 nan 9.962234497070312500e-01 4.616899041971473707e+02
7.443906506523489952e-04 5.032080807723104954e-04 2.349269171114912410e-09 9.954417943954467773e-01 9.953798651695251465e-01 5.628733634948730469e-01 5.559650063514709473e-01 nan 9.954323768615722656e-01 5.072247269629983180e+02
8.219541050493717194e-04 5.556409596465528011e-04 2.341133324843220307e-09 9.944955110549926758e-01 9.944234490394592285e-01 4.958448410034179688e-01 4.882620871067047119e-01 nan 9.944845438003540039e-01 5.570740767508864337e+02
9.075994603335857391e-04 6.135372095741331577e-04 2.333025652639057309e-09 9.933654069900512695e-01 9.932822585105895996e-01 4.250208139419555664e-01 4.168824851512908936e-01 nan 9.933527112007141113e-01 6.115949250471146570e+02
1.002168864943087101e-03 6.774661596864461899e-04 2.324946049885245546e-09 9.920207262039184570e-01 9.919259548187255859e-01 3.527857959270477295e-01 3.442806005477905273e-01 nan 9.920063018798828125e-01 6.711596153526476201e+02
1.106592128053307533e-03 7.480562780983746052e-04 2.316894434325377400e-09 9.904280900955200195e-01 9.903210997581481934e-01 2.823840975761413574e-01 2.737658619880676270e-01 nan 9.904116988182067871e-01 7.361537420874125246e+02
1.221895916387438774e-03 8.260016329586505890e-04 2.308870708568745277e-09 9.885505437850952148e-01 9.884316325187683105e-01 2.177152931690216064e-01 2.092774957418441772e-01 nan 9.885324239730834961e-01 8.069726998670176954e+02
1.349214115180075169e-03 9.120687609538435936e-04 2.300874762407135126e-09 9.863495230674743652e-01 9.862188100814819336e-01 1.628052145242691040e-01 1.548293083906173706e-01 nan 9.863295555114746094e-01 8.840179824983931667e+02
1.489798538386821747e-03 1.007103826850652695e-03 2.292906509188567727e-09 9.837837815284729004e-01 9.836418628692626953e-01 1.208973899483680725e-01 1.135785281658172607e-01 nan 9.837619662284851074e-01 9.676920060241204737e+02
1.645031501539051533e-03 1.112041296437382698e-03 2.284965850418265676e-09 9.808106422424316406e-01 9.806581139564514160e-01 9.327683597803115845e-02 8.664877712726593018e-02 nan 9.807872772216796875e-01 1.058392490290255182e+03
1.816439209505915642e-03 1.227912958711385727e-03 2.277052691606405739e-09 9.773857593536376953e-01 9.772222042083740234e-01 7.823392748832702637e-02 7.214061915874481201e-02 nan 9.773607850074768066e-01 1.156503468405956710e+03
2.005707239732146263e-03 1.355858054012060165e-03 2.269166941709029953e-09 9.734627008438110352e-01 9.732864499092102051e-01 7.091682404279708862e-02 6.508780270814895630e-02 nan 9.734358191490173340e-01 1.262384967276945872e+03
2.214696491137146950e-03 1.497134799137711525e-03 2.261308494449764354e-09 9.689916372299194336e-01 9.687990546226501465e-01 6.487707793712615967e-02 5.912501364946365356e-02 nan 9.689622521400451660e-01 1.376356565043400451e+03
2.445461694151163101e-03 1.653132145293056965e-03 2.253477264686429142e-09 9.639189839363098145e-01 9.637040495872497559e-01 5.535639822483062744e-02 4.979613050818443298e-02 nan 9.638860821723937988e-01 1.498679053251310052e+03
2.700272016227245331e-03 1.825383864343166351e-03 2.245673160886940457e-09 9.581857919692993164e-01 9.579413533210754395e-01 4.254351556301116943e-02 3.759615495800971985e-02 nan 9.581484794616699219e-01 1.629531880967957250e+03
2.981632947921752930e-03 2.015583915635943413e-03 2.237896076485985185e-09 9.517297148704528809e-01 9.514479041099548340e-01 3.134393319487571716e-02 2.735731750726699829e-02 nan 9.516867995262145996e-01 1.768990031535789285e+03
3.292310982942581177e-03 2.225602278485894203e-03 2.230145925871712440e-09 9.444853663444519043e-01 9.441592097282409668e-01 2.587006427347660065e-02 2.266282960772514343e-02 nan 9.444354772567749023e-01 1.916999219037222701e+03
3.635360859334468842e-03 2.457503927871584892e-03 2.222422616889744185e-09 9.363853335380554199e-01 9.360082745552062988e-01 2.368821389973163605e-02 1.945620216429233551e-02 nan 9.363276958465576172e-01 2.073352333901500515e+03
4.014155361801385880e-03 2.713568974286317825e-03 2.214726058195065524e-09 9.273613691329956055e-01 9.269239306449890137e-01 1.924006268382072449e-02 1.580528728663921356e-02 nan 9.272945523262023926e-01 2.237653228459729689e+03
4.432419314980506897e-03 2.996315481141209602e-03 2.207056148657132701e-09 9.173430800437927246e-01 9.168311357498168945e-01 1.363914553076028824e-02 1.282419450581073761e-02 nan 9.172648787498474121e-01 2.409277988766978524e+03
4.894265439361333847e-03 3.308523446321487427e-03 2.199412800139309644e-09 9.062586426734924316e-01 9.056557416915893555e-01 1.161573827266693115e-02 1.039159391075372696e-02 nan 9.061665534973144531e-01 2.587339869747916509e+03
5.404234398156404495e-03 3.653262509033083916e-03 2.191795924301313793e-09 8.940364122390747070e-01 8.933246731758117676e-01 9.887239895761013031e-03 8.408316411077976227e-03 nan 8.939276337623596191e-01 2.770653121645451392e+03
5.967340432107448578e-03 4.033922217786312103e-03 2.184205430909534259e-09 8.806042671203613281e-01 8.797631263732910156e-01 7.037383038550615311e-03 6.792896427214145660e-03 nan 8.804756999015808105e-01 2.957687291912910496e+03
6.589121185243129730e-03 4.454245790839195251e-03 2.176641221197925960e-09 8.658900856971740723e-01 8.648934364318847656e-01 6.693045143038034439e-03 5.478309933096170425e-03 nan 8.657377958297729492e-01 3.146518570511744201e+03
7.275689393281936646e-03 4.918366204947233200e-03 2.169103203027300791e-09 8.498225212097167969e-01 8.486399054527282715e-01 4.809649661183357239e-03 4.409794230014085770e-03 nan 8.496419191360473633e-01 3.334796839815750445e+03
8.033796213567256927e-03 5.430846009403467178e-03 2.161591299930936394e-09 8.323304057121276855e-01 8.309271931648254395e-01 3.997982945293188095e-03 3.542291931807994843e-03 nan 8.321161270141601562e-01 3.519698023045373702e+03
8.870895951986312866e-03 5.996725521981716156e-03 2.154105401952956366e-09 8.133426904678344727e-01 8.116772770881652832e-01 3.200736595317721367e-03 2.838925924152135849e-03 nan 8.130882382392883301e-01 3.697881046540113402e+03
9.795218706130981445e-03 6.621567998081445694e-03 2.146645430474833453e-09 7.927903532981872559e-01 7.908161878585815430e-01 2.588176866993308067e-03 2.269461052492260933e-03 nan 7.924887537956237793e-01 3.865483542959973420e+03
1.081585418432950974e-02 7.311517372727394104e-03 2.139211293795359687e-09 7.706050276756286621e-01 7.682686448097229004e-01 2.065908163785934448e-03 1.809138222597539425e-03 nan 7.702481150627136230e-01 4.018083681065498695e+03
1.194283645600080490e-02 8.073357865214347839e-03 2.131802900090153706e-09 7.467215061187744141e-01 7.439635396003723145e-01 1.434110570698976517e-03 1.437688246369361877e-03 nan 7.463001012802124023e-01 4.150732316897033343e+03
1.318724639713764191e-02 8.914578706026077271e-03 2.124420174276236449e-09 7.210811376571655273e-01 7.178364396095275879e-01 1.221274025738239288e-03 1.138529274612665176e-03 nan 7.205854654312133789e-01 4.258029578420466351e+03
1.456132158637046814e-02 9.843453764915466309e-03 2.117063005254935590e-09 6.936358213424682617e-01 6.898358464241027832e-01 8.968962356448173523e-04 8.981171413324773312e-04 nan 6.930553317070007324e-01 4.334245901648364452e+03
1.607857085764408112e-02 1.086911372840404510e-02 2.109731324472420402e-09 6.643571257591247559e-01 6.599320769309997559e-01 6.771889748051762581e-04 7.053897134028375149e-04 nan 6.636810302734375000e-01 4.373574975352090405e+03
1.775391399860382080e-02 1.200164575129747391e-02 2.102425026951150955e-09 6.332477927207946777e-01 6.281317472457885742e-01 5.962876603007316589e-04 5.513275391422212124e-04 nan 6.324661970138549805e-01 4.370513080454145893e+03
1.960382424294948578e-02 1.325218472629785538e-02 2.095144031049849183e-09 6.003597974777221680e-01 5.944975018501281738e-01 5.141107249073684216e-04 4.285847535356879234e-04 nan 5.994641780853271484e-01 4.320403553808454490e+03
2.164648845791816711e-02 1.463302597403526306e-02 2.087888252770266929e-09 5.658177137374877930e-01 5.591744780540466309e-01 3.705230774357914925e-04 3.311845066491514444e-04 nan 5.648027062416076660e-01 4.220184351083373258e+03
2.390199340879917145e-02 1.615774817764759064e-02 2.080657597354892904e-09 5.298475027084350586e-01 5.224220156669616699e-01 2.905942674260586500e-04 2.542678557801991701e-04 nan 5.287131071090698242e-01 4.069284416300420162e+03
2.639251388609409332e-02 1.784133911132812500e-02 2.073451995948668221e-09 4.928094446659088135e-01 4.846491217613220215e-01 1.969955046661198139e-04 1.938864297699183226e-04 nan 4.915626943111419678e-01 3.870577576539180882e+03
2.914254181087017059e-02 1.970035769045352936e-02 2.066271340052806293e-09 4.552276432514190674e-01 4.464459419250488281e-01 1.580730749992653728e-04 1.468289119657129049e-04 nan 4.538859724998474121e-01 3.631210883301766899e+03
3.217911347746849060e-02 2.175308018922805786e-02 2.059115554147728899e-09 4.178070127964019775e-01 4.085989296436309814e-01 1.300093863392248750e-04 1.104771363316103816e-04 nan 4.164002239704132080e-01 3.362945957968700895e+03
3.553209081292152405e-02 2.401969395577907562e-02 2.051984539888671147e-09 3.814196884632110596e-01 3.720703721046447754e-01 9.812931239139288664e-05 8.268636156572028995e-05 nan 3.799913227558135986e-01 3.081664614396816887e+03
3.923443704843521118e-02 2.652247995138168335e-02 2.044878229365854235e-09 3.470395803451538086e-01 3.379180431365966797e-01 6.197654874995350838e-05 6.168713298393413424e-05 nan 3.456460237503051758e-01 2.805699610717071664e+03
4.332255572080612183e-02 2.928604744374752045e-02 2.037796533657790378e-09 3.156021833419799805e-01 3.071305453777313232e-01 4.817101216758601367e-05 4.600738611770793796e-05 nan 3.143078982830047607e-01 2.552869870736602024e+03
4.765481501817703247e-02 3.221465647220611572e-02 2.031010053452367756e-09 2.887026965618133545e-01 2.812442183494567871e-01 3.760339677683077753e-05 3.478807047940790653e-05 nan 2.875632047653198242e-01 2.342764686914091726e+03
5.198707059025764465e-02 3.514325991272926331e-02 2.024834231214258902e-09 2.673862576484680176e-01 2.611068189144134521e-01 2.927603600255679339e-05 2.708404826989863068e-05 nan 2.664269208908081055e-01 2.187178298253320918e+03
5.631932616233825684e-02 3.807186335325241089e-02 2.019169610001785353e-09 2.499475032091140747e-01 2.448410540819168091e-01 2.333033626200631261e-05 2.158341158065013587e-05 nan 2.491673380136489868e-01 2.066596321954000359e+03
6.065158173441886902e-02 4.100047051906585693e-02 2.013939112582009273e-09 2.351868599653244019e-01 2.311030179262161255e-01 1.893817534437403083e-05 1.752004209265578538e-05 nan 2.345629334449768066e-01 1.967208643449601141e+03
6.498383730649948120e-02 4.392907395958900452e-02 2.009081821590703985e-09 2.219794690608978271e-01 2.186697721481323242e-01 1.557714858790859580e-05 1.441064796381397173e-05 nan 2.214738279581069946e-01 1.874523735463693583e+03
6.931609660387039185e-02 4.685768112540245056e-02 2.004548729015451583e-09 2.094995975494384766e-01 2.066718935966491699e-01 1.292412162001710385e-05 1.195627555716782808e-05 nan 2.090675681829452515e-01 1.777735855994244503e+03
7.364834845066070557e-02 4.978628456592559814e-02 2.000299865353250301e-09 1.972609907388687134e-01 1.946323961019515991e-01 1.077981232810998335e-05 9.972550287784542888e-06 nan 1.968593895435333252e-01 1.671142913741779466e+03
7.798060774803161621e-02 5.271489173173904419e-02 1.996302173696350216e-09 1.851305365562438965e-01 1.824711859226226807e-01 9.022427548188716173e-06 8.346789400093257427e-06 nan 1.847242414951324463e-01 1.554904972328665508e+03
8.231285959482192993e-02 5.564349144697189331e-02 1.992528044667567094e-09 1.732383221387863159e-01 1.703994721174240112e-01 7.574937626486644149e-06 7.007718522800132632e-06 nan 1.728046089410781860e-01 1.433593227906939319e+03
8.664511889219284058e-02 5.857209861278533936e-02 1.988954134422163219e-09 1.618459969758987427e-01 1.587703824043273926e-01 6.384014341165311635e-06 5.905998477828688920e-06 nan 1.613761186599731445e-01 1.313682878558667880e+03
9.097737073898315430e-02 6.150070205330848694e-02 1.985560585482697045e-09 1.512286961078643799e-01 1.479434370994567871e-01 5.408171546150697395e-06 5.003245405532652512e-06 nan 1.507267802953720093e-01 1.201269718610880318e+03
9.636187553405761719e-02 6.514062732458114624e-02 1.981568674123380254e-09 1.394862532615661621e-01 1.360723376274108887e-01 4.444327259989222512e-06 4.111583166377386078e-06 nan 1.389646977186203003e-01 1.079360392524401277e+03
1.017463728785514832e-01 6.878054887056350708e-02 1.977801256732118934e-09 1.296757459640502930e-01 1.263342350721359253e-01 3.705225708472426049e-06 3.427822321100393310e-06 nan 1.291652470827102661e-01 9.827342767131285655e+02
1.071308776736259460e-01 7.242047041654586792e-02 1.974234781265857972e-09 1.218473464250564575e-01 1.187720298767089844e-01 3.140665512546547689e-06 2.905525207097525708e-06 nan 1.213774979114532471e-01 9.120800787025372074e+02
1.125153750181198120e-01 7.606039196252822876e-02 1.970849203820953451e-09 1.156692877411842346e-01 1.129917576909065247e-01 2.703853397179045714e-06 2.501407379895681515e-06 nan 1.152602285146713257e-01 8.623179486569242727e+02
1.178998723626136780e-01 7.970031350851058960e-02 1.967627323526894450e-09 1.105832904577255249e-01 1.083445623517036438e-01 2.355392552999546751e-06 2.179026296289521270e-06 nan 1.102412715554237366e-01 8.252542188795064249e+02
1.232843771576881409e-01 8.334024250507354736e-02 1.964554264128985100e-09 1.060353443026542664e-01 1.041868105530738831e-01 2.066515662590973079e-06 1.911771505547221750e-06 nan 1.057529300451278687e-01 7.928665093034372831e+02
1.286688745021820068e-01 8.698015660047531128e-02 1.961617102724775952e-09 1.015949249267578125e-01 1.000232845544815063e-01 1.818320015445351601e-06 1.682156721471983474e-06 nan 1.013548150658607483e-01 7.589613733450263453e+02
1.340533792972564697e-01 9.062008559703826904e-02 1.958804483640675406e-09 9.699611365795135498e-02 9.556138515472412109e-02 1.599527081452833954e-06 1.479746856603014749e-06 nan 9.677691757678985596e-02 7.198725273273761331e+02
1.394378840923309326e-01 9.426000714302062988e-02 1.956106446915437174e-09 9.216889739036560059e-02 9.074335545301437378e-02 1.404640215696417727e-06 1.299455902881163638e-06 nan 9.195110201835632324e-02 6.750412377524230578e+02
1.448223739862442017e-01 9.789992123842239380e-02 1.953514161287429418e-09 8.722249418497085571e-02 8.572003245353698730e-02 1.231886130881321151e-06 1.139641881309216842e-06 nan 8.699294179677963257e-02 6.267054291136433903e+02
1.502068787813186646e-01 1.015398502349853516e-01 1.951019758654691563e-09 8.236660808324813843e-02 8.075664192438125610e-02 1.080976289813406765e-06 1.000036036202800460e-06 nan 8.212064206600189209e-02 5.784946557945424956e+02
1.555913835763931274e-01 1.051797717809677124e-01 1.948616241255242070e-09 7.783322036266326904e-02 7.613798975944519043e-02 9.516491559224959929e-07 8.803955893199599814e-07 nan 7.757422327995300293e-02 5.340598482488423997e+02
1.609758734703063965e-01 1.088196933269500732e-01 1.946297314463125787e-09 7.382051646709442139e-02 7.209938764572143555e-02 8.430010893789585680e-07 7.798840897521586157e-07 nan 7.355757057666778564e-02 4.962126973650628656e+02
1.663603782653808594e-01 1.124596148729324341e-01 1.944057316713681798e-09 7.043340057134628296e-02 6.876019388437271118e-02 7.530449579462583642e-07 6.966633350202755537e-07 nan 7.017777115106582642e-02 4.662311501491457761e+02
1.717448830604553223e-01 1.160995438694953918e-01 1.941891129256332855e-09 6.764412671327590942e-02 6.608449667692184448e-02 6.786668791392003186e-07 6.278531259340525139e-07 nan 6.740584969520568848e-02 4.435545191103793741e+02
1.771293878555297852e-01 1.197394654154777527e-01 1.939794125595426991e-09 6.531860679388046265e-02 6.391337513923645020e-02 6.162582621982437558e-07 5.701157306248205714e-07 nan 6.510391086339950562e-02 4.262884891764075519e+02
1.825138777494430542e-01 1.233793795108795166e-01 1.937762091126241291e-09 6.328182667493820190e-02 6.203960254788398743e-02 5.625112748930405360e-07 5.203914952289778739e-07 nan 6.309204548597335815e-02 4.120868586934166728e+02
1.878983825445175171e-01 1.270193010568618774e-01 1.935791175107242678e-09 6.136383116245269775e-02 6.026313081383705139e-02 5.147933279658900574e-07 4.762452761042368365e-07 nan 6.119566410779953003e-02 3.987182033281103486e+02
1.932828873395919800e-01 1.306592375040054321e-01 1.933877861004656685e-09 5.942478030920028687e-02 5.842355638742446899e-02 4.712219094926695107e-07 4.359358740657626186e-07 nan 5.927181243896484375e-02 3.843811120939415105e+02
1.986673772335052490e-01 1.342991441488265991e-01 1.932018951816384183e-09 5.738418549299240112e-02 5.643307045102119446e-02 4.307275958126410842e-07 3.984737588780262740e-07 nan 5.723887309432029724e-02 3.680978170080057339e+02
2.040518820285797119e-01 1.379390656948089600e-01 1.930211465507478933e-09 5.523960292339324951e-02 5.429496988654136658e-02 3.930012155706208432e-07 3.635728376139013562e-07 nan 5.509528145194053650e-02 3.499592284831179541e+02
2.094363868236541748e-01 1.415790021419525146e-01 1.928452677645768952e-09 5.305003747344017029e-02 5.208355933427810669e-02 3.581990313250571489e-07 3.313772936053283047e-07 nan 5.290238186717033386e-02 3.308680123791493202e+02
2.148208767175674438e-01 1.452189087867736816e-01 1.926740094380007882e-09 5.090066045522689819e-02 4.990338534116744995e-02 3.265979842126398580e-07 3.021432064542750595e-07 nan 5.074829980731010437e-02 3.120223953683462241e+02
2.202053815126419067e-01 1.488588303327560425e-01 1.925071368159055733e-09 4.887667670845985413e-02 4.785762727260589600e-02 2.983994420446833828e-07 2.760565962489636149e-07 nan 4.872098937630653381e-02 2.945439735355907374e+02
2.255898863077163696e-01 1.524987667798995972e-01 1.923444343781293656e-09 4.704517498612403870e-02 4.602568596601486206e-02 2.736333613029273693e-07 2.531452309995074756e-07 nan 4.688942059874534607e-02 2.792493440426176790e+02
2.309743911027908325e-01 1.561386883258819580e-01 1.921857033120720865e-09 4.543729498982429504e-02 4.444324225187301636e-02 2.520947361972503131e-07 2.332193105303304037e-07 nan 4.528542608022689819e-02 2.664679649949404165e+02
2.363588809967041016e-01 1.597786098718643188e-01 1.920307567935778733e-09 4.404178261756896973e-02 4.309595376253128052e-02 2.333618169814144494e-07 2.158888179337736801e-07 nan 4.389727860689163208e-02 2.560124430721232329e+02
2.417433857917785645e-01 1.634185314178466797e-01 1.918794213956308179e-09 4.281646013259887695e-02 4.193297773599624634e-02 2.169061446011255612e-07 2.006649992836173624e-07 nan 4.268148541450500488e-02 2.473461755202190773e+02
2.471278905868530273e-01 1.670584529638290405e-01 1.917315352832477265e-09 4.170382022857666016e-02 4.088564589619636536e-02 2.021978104949084809e-07 1.870576653573152726e-07 nan 4.157882183790206909e-02 2.397744122028965990e+02
2.525123953819274902e-01 1.706983745098114014e-01 1.915869472055197894e-09 4.064160957932472229e-02 3.988131880760192871e-02 1.887624279106603353e-07 1.746280418046808336e-07 nan 4.052545502781867981e-02 2.325667163122882357e+02
2.578969001770019531e-01 1.743383109569549561e-01 1.914455150219987163e-09 3.957613557577133179e-02 3.885913640260696411e-02 1.762355879009191995e-07 1.630390755735788844e-07 nan 3.946659713983535767e-02 2.251095029190354637e+02
2.632813751697540283e-01 1.779782027006149292e-01 1.913071083197014340e-09 3.847913816571235657e-02 3.778816759586334229e-02 1.644176990112100611e-07 1.521060823961306596e-07 nan 3.837357461452484131e-02 2.170995587131438072e+02
2.686658799648284912e-01 1.816181391477584839e-01 1.911715991580206360e-09 3.735330328345298767e-02 3.667289763689041138e-02 1.532668818526872201e-07 1.417903234823825187e-07 nan 3.724936023354530334e-02 2.086011370361487423e+02
2.740503847599029541e-01 1.852580606937408447e-01 1.910388727493893778e-09 3.622068464756011963e-02 3.554045408964157104e-02 1.428232536682116915e-07 1.321288323197222780e-07 nan 3.611676022410392761e-02 1.999000353342267431e+02
2.794348895549774170e-01 1.888979822397232056e-01 1.909088184011114833e-09 3.510856628417968750e-02 3.442470729351043701e-02 1.331386698666392476e-07 1.231695563319590292e-07 nan 3.500408679246902466e-02 1.913318504253421679e+02
2.848193943500518799e-01 1.925379037857055664e-01 1.907813323590368924e-09 3.404435515403747559e-02 3.335928916931152344e-02 1.242543987700628350e-07 1.149506374531483743e-07 nan 3.393969312310218811e-02 1.832164251046285131e+02
2.902038991451263428e-01 1.961778402328491211e-01 1.906563162582237113e-09 3.305307403206825256e-02 3.237362951040267944e-02 1.161930072157701943e-07 1.074929230071575148e-07 nan 3.294926881790161133e-02 1.758284696315843405e+02
2.955884039402008057e-01 1.998177617788314819e-01 1.905336787226579552e-09 3.214965388178825378e-02 3.148446977138519287e-02 1.089348415916902013e-07 1.007782302053783496e-07 nan 3.204803168773651123e-02 1.693187300741234935e+02
3.009728789329528809e-01 2.034576684236526489e-01 1.904133323856378078e-09 3.133197501301765442e-02 3.068891353905200958e-02 1.024025166884712235e-07 9.473498607803776395e-08 nan 3.123372979462146759e-02 1.636498463940430383e+02
3.063573837280273438e-01 2.070975899696350098e-01 1.902951936232507350e-09 3.058369457721710205e-02 2.996786311268806458e-02 9.648042720300509245e-08 8.925625394340386265e-08 nan 3.048961050808429718e-02 1.586364949789263221e+02
3.117418885231018066e-01 2.107375115156173706e-01 1.901791846628511990e-09 2.988355793058872223e-02 2.929634042084217072e-02 9.105070830628392287e-08 8.423303654581104638e-08 nan 2.979384362697601318e-02 1.540474062378031306e+02
3.171263933181762695e-01 2.143774479627609253e-01 1.900652308391623192e-09 2.921165712177753448e-02 2.865085192024707794e-02 8.601327294854854699e-08 7.957273595593505888e-08 nan 2.912597730755805969e-02 1.496715421692106247e+02
3.225108981132507324e-01 2.180173695087432861e-01 1.899532626729035332e-09 2.855101600289344788e-02 2.801180630922317505e-02 8.128854034339383361e-08 7.520175415720586898e-08 nan 2.846863865852355957e-02 1.453341744695077864e+02
3.278954029083251953e-01 2.216572910547256470e-01 1.898432128189829179e-09 2.788967266678810120e-02 2.736609987914562225e-02 7.682051972324188682e-08 7.106828547875920776e-08 nan 2.780968137085437775e-02 1.409177124364062479e+02
3.332799077033996582e-01 2.252972126007080078e-01 1.897350177081271127e-09 2.722429856657981873e-02 2.671078220009803772e-02 7.258322654024595977e-08 6.714828515441695345e-08 nan 2.714584395289421082e-02 1.363975256038391421e+02
3.386643826961517334e-01 2.289371192455291748e-01 1.896286172945125672e-09 2.656085789203643799e-02 2.605335973203182220e-02 6.857770529222761979e-08 6.344271241687238216e-08 nan 2.648332342505455017e-02 1.318443522225728657e+02
3.440488874912261963e-01 2.325770407915115356e-01 1.895239531240720810e-09 2.591021358966827393e-02 2.540685236454010010e-02 6.481675995928526390e-08 5.996341201353061479e-08 nan 2.583330869674682617e-02 1.273759776927677621e+02
3.494333922863006592e-01 2.362169772386550903e-01 1.894209703480833635e-09 2.528268657624721527e-02 2.478373982012271881e-02 6.130964180783848860e-08 5.671893177350284532e-08 nan 2.520645782351493835e-02 1.231003455895324095e+02
3.548178970813751221e-01 2.398568987846374512e-01 1.893196174858241155e-09 2.468567527830600739e-02 2.419304288923740387e-02 5.805671321468253154e-08 5.370959144102016580e-08 nan 2.461041137576103210e-02 1.190918617186626420e+02
3.602024018764495850e-01 2.434968203306198120e-01 1.892198441798694543e-09 2.412355132400989532e-02 2.363992668688297272e-02 5.505034295083532925e-08 5.092832822128912085e-08 nan 2.404966391623020172e-02 1.153916755405526544e+02
3.655869066715240479e-01 2.471367418766021729e-01 1.891216027459402332e-09 2.359709143638610840e-02 2.312509715557098389e-02 5.227483867997761990e-08 4.836064348978652561e-08 nan 2.352498099207878113e-02 1.120039913191423295e+02
3.709714114665985107e-01 2.507766783237457275e-01 1.890248472221847833e-09 2.310260571539402008e-02 2.264407463371753693e-02 4.970577549556765007e-08 4.598393488208785129e-08 nan 2.303255163133144379e-02 1.088896591209751676e+02
3.763558864593505859e-01 2.544165849685668945e-01 1.889295352117686434e-09 2.263289876282215118e-02 2.218848653137683868e-02 4.731347758024639916e-08 4.377075057959700644e-08 nan 2.256500348448753357e-02 1.059772308889641010e+02
3.817403912544250488e-01 2.580564916133880615e-01 1.888356242191734645e-09 2.218018844723701477e-02 2.174932695925235748e-02 4.506988204866502201e-08 4.169513090346299578e-08 nan 2.211436256766319275e-02 1.031915349062812339e+02
3.871248960494995117e-01 2.616964280605316162e-01 1.887430735669950155e-09 2.173834852874279022e-02 2.131951227784156799e-02 4.295296207601495553e-08 3.973671880430629244e-08 nan 2.167435921728610992e-02 1.004749495786969078e+02
3.925094008445739746e-01 2.653363645076751709e-01 1.886518457772270655e-09 2.130327187478542328e-02 2.089442498981952667e-02 4.094683703215196147e-08 3.788080960021034116e-08 nan 2.124080993235111237e-02 9.779044643575490170e+01
3.978939056396484375e-01 2.689762711524963379e-01 1.885619049100158659e-09 2.087283693253993988e-02 2.047194726765155792e-02 3.904091272488585673e-08 3.611759780142165255e-08 nan 2.081159129738807678e-02 9.512068916700212640e+01
4.032784104347229004e-01 2.726162075996398926e-01 1.884732143174389957e-09 2.044752798974514008e-02 2.005297690629959106e-02 3.723037522718186665e-08 3.444263185770068958e-08 nan 2.038724906742572784e-02 9.247302868963338085e+01
4.086629152297973633e-01 2.762561440467834473e-01 1.883857409814700777e-09 2.003039233386516571e-02 1.964123919606208801e-02 3.551533112045035523e-08 3.285601479774413747e-08 nan 1.997093856334686279e-02 8.987799615804745201e+01
4.140473902225494385e-01 2.798960208892822266e-01 1.882994538868699288e-09 1.962521485984325409e-02 1.924123801290988922e-02 3.389699543276947225e-08 3.135886572636081837e-08 nan 1.956655271351337433e-02 8.737172008628107278e+01
4.194318950176239014e-01 2.835359573364257812e-01 1.882143190604211824e-09 1.923456974327564240e-02 1.885615102946758270e-02 3.237417089962946193e-08 2.995006909145558893e-08 nan 1.917675510048866272e-02 8.497820599632794369e+01
4.248163998126983643e-01 2.871758937835693359e-01 1.881303079826970542e-09 1.885964721441268921e-02 1.848751679062843323e-02 3.094325506936002057e-08 2.862630310573877068e-08 nan 1.880279555916786194e-02 8.270810838719123126e+01
4.302009046077728271e-01 2.908158004283905029e-01 1.880473925305205483e-09 1.850093342363834381e-02 1.813588663935661316e-02 2.959961697968083172e-08 2.738326898565901502e-08 nan 1.844516396522521973e-02 8.056507403536454603e+01
4.355854094028472900e-01 2.944557368755340576e-01 1.879655436356054805e-09 1.815796457231044769e-02 1.780061982572078705e-02 2.833735912588508654e-08 2.621552219750356016e-08 nan 1.810337044298648834e-02 7.854410683482814193e+01
4.409699141979217529e-01 2.980956733226776123e-01 1.878847353036435648e-09 1.782869361340999603e-02 1.747931167483329773e-02 2.714854474561434472e-08 2.511572283481200429e-08 nan 1.777531392872333527e-02 7.662636705668262493e+01
4.463544189929962158e-01 3.017355799674987793e-01 1.878049424887222573e-09 1.751008257269859314e-02 1.716853491961956024e-02 2.602436133258834161e-08 2.407571209062098205e-08 nan 1.745790243148803711e-02 7.478493295896312532e+01
4.517388939857482910e-01 3.053754866123199463e-01 1.877261397654174740e-09 1.719961687922477722e-02 1.686542294919490814e-02 2.495747963848771178e-08 2.308871316358818149e-08 nan 1.714855805039405823e-02 7.299794474392481902e+01
4.571233987808227539e-01 3.090154230594635010e-01 1.876483026309890802e-09 1.689589768648147583e-02 1.656836830079555511e-02 2.394278020290130371e-08 2.214999206273660093e-08 nan 1.684585958719253540e-02 7.125372895269599383e+01
4.625079035758972168e-01 3.126553297042846680e-01 1.875714093387305177e-09 1.659813150763511658e-02 1.627651602029800415e-02 2.297638346249186725e-08 2.125595699453697307e-08 nan 1.654899679124355316e-02 6.954602069064097236e+01
4.678924083709716797e-01 3.162952661514282227e-01 1.874954364165268396e-09 1.630579307675361633e-02 1.598943397402763367e-02 2.205509197494848195e-08 2.040365032485169650e-08 nan 1.625746116042137146e-02 6.787116414003266129e+01
4.732769131660461426e-01 3.199352025985717773e-01 1.874203630559428286e-09 1.601910218596458435e-02 1.570753380656242371e-02 2.117692865510889533e-08 1.959124418249302835e-08 nan 1.597150228917598724e-02 6.623183489437332128e+01
4.786614179611206055e-01 3.235751092433929443e-01 1.873461691551420399e-09 1.573917828500270844e-02 1.543216593563556671e-02 2.034120072380574129e-08 1.881809374992826633e-08 nan 1.569227315485477448e-02 6.463803590267002619e+01
4.840458929538726807e-01 3.272150158882141113e-01 1.872728340933758753e-09 1.546726841479539871e-02 1.516479440033435822e-02 1.954736816855984216e-08 1.808370342359921779e-08 nan 1.542105711996555328e-02 6.310049423122983825e+01
4.894303977489471436e-01 3.308549523353576660e-01 1.872003379495005729e-09 1.520391274243593216e-02 1.490610651671886444e-02 1.879398858761760494e-08 1.738673738316265371e-08 nan 1.515841577202081680e-02 6.162378206932873326e+01
4.948149025440216064e-01 3.344948589801788330e-01 1.871286632213937058e-09 1.494895294308662415e-02 1.465599983930587769e-02 1.807881844229086710e-08 1.672511729111647583e-08 nan 1.490419637411832809e-02 6.020649979089905202e+01
5.001994371414184570e-01 3.381348252296447754e-01 1.870577900826693527e-09 1.470205932855606079e-02 1.441412605345249176e-02 1.739953248147685372e-08 1.609669197932817042e-08 nan 1.465807016938924789e-02 5.884583784455161748e+01
5.055838823318481445e-01 3.417747020721435547e-01 1.869877039368293133e-09 1.446289476007223129e-02 1.418005302548408508e-02 1.675392446998102969e-08 1.549942574285978480e-08 nan 1.441968232393264771e-02 5.753880133563038157e+01
5.109683871269226074e-01 3.454146385192871094e-01 1.869183849789121820e-09 1.423079613596200943e-02 1.395300030708312988e-02 1.613955191714921966e-08 1.493105727945476247e-08 nan 1.418835483491420746e-02 5.627989988497542839e+01
5.163528919219970703e-01 3.490545451641082764e-01 1.868498185335105332e-09 1.400468870997428894e-02 1.373177580535411835e-02 1.555367390437822905e-08 1.438904817518960044e-08 nan 1.396299339830875397e-02 5.506042170373147826e+01
5.217373967170715332e-01 3.526944816112518311e-01 1.867819876059786520e-09 1.378358434885740280e-02 1.351530849933624268e-02 1.499383728287284612e-08 1.387112824602354522e-08 nan 1.374259870499372482e-02 5.387258855392834533e+01
5.271219015121459961e-01 3.563344180583953857e-01 1.867148773833358248e-09 1.356706395745277405e-02 1.330314017832279205e-02 1.445835806634931942e-08 1.337574584425738067e-08 nan 1.352674234658479691e-02 5.271322605078977830e+01
5.325064063072204590e-01 3.599743247032165527e-01 1.866484735032350672e-09 1.335512101650238037e-02 1.309526991099119186e-02 1.394611182092830859e-08 1.290185469571270005e-08 nan 1.331542152911424637e-02 5.158248986958408011e+01
5.378909111022949219e-01 3.636142611503601074e-01 1.865827604301946768e-09 1.314772665500640869e-02 1.289172377437353134e-02 1.345600608715358248e-08 1.244844849423998312e-08 nan 1.310861576348543167e-02 5.048037022659637785e+01
5.432754158973693848e-01 3.672541677951812744e-01 1.865177252290424566e-09 1.294479798525571823e-02 1.269248314201831818e-02 1.298696350460204485e-08 1.201452715093864754e-08 nan 1.290624961256980896e-02 4.940642772582486231e+01
5.486599206924438477e-01 3.708941042423248291e-01 1.864533532427482462e-09 1.274649985134601593e-02 1.249778829514980316e-02 1.253820691715645808e-08 1.159937301764557560e-08 nan 1.270850189030170441e-02 4.836211774430071131e+01
5.540444254875183105e-01 3.745340406894683838e-01 1.863896318172137942e-09 1.255321037024259567e-02 1.230807602405548096e-02 1.210920252958658239e-08 1.120249049080257464e-08 nan 1.251575909554958344e-02 4.735042927656559897e+01
5.594289302825927734e-01 3.781739473342895508e-01 1.863265486641235488e-09 1.236508879810571671e-02 1.212353259325027466e-02 1.169921581833932578e-08 1.082320366663225286e-08 nan 1.232818420976400375e-02 4.637255693603121642e+01
5.648134350776672363e-01 3.818138837814331055e-01 1.862640903204479876e-09 1.218187529593706131e-02 1.194391213357448578e-02 1.130716054120739500e-08 1.046050357444983092e-08 nan 1.214551925659179688e-02 4.542652529806449735e+01
5.701979398727416992e-01 3.854538202285766602e-01 1.862022452330667509e-09 1.200321502983570099e-02 1.176883652806282043e-02 1.093191670520354819e-08 1.011335726275319757e-08 nan 1.196740567684173584e-02 4.450960832531306011e+01
5.755824446678161621e-01 3.890937268733978271e-01 1.861410021730888845e-09 1.182893104851245880e-02 1.159810181707143784e-02 1.057258813830230793e-08 9.780936061076772603e-09 nan 1.179366558790206909e-02 4.362047188594012681e+01
5.809668898582458496e-01 3.927336037158966064e-01 1.860803497296447543e-09 1.165886875241994858e-02 1.143151428550481796e-02 1.022834883457335309e-08 9.462470806909095700e-09 nan 1.162413507699966431e-02 4.275789917914194405e+01
5.863513946533203125e-01 3.963735401630401611e-01 1.860202753428811389e-09 1.149266120046377182e-02 1.126867625862360001e-02 9.898225350468692341e-09 9.157067104581528838e-09 nan 1.145844161510467529e-02 4.191915619988387220e+01
5.917358994483947754e-01 4.000134766101837158e-01 1.859607692406273365e-09 1.132987719029188156e-02 1.110914349555969238e-02 9.581258453295049549e-09 8.863833222960693092e-09 nan 1.129615399986505508e-02 4.110111665564657812e+01
5.971204042434692383e-01 4.036533832550048828e-01 1.859018214291441706e-09 1.117034908384084702e-02 1.095273811370134354e-02 9.276757140241898014e-09 8.582132338119663473e-09 nan 1.113710179924964905e-02 4.030260501196571710e+01
6.025049090385437012e-01 4.072933197021484375e-01 1.858434207544148841e-09 1.101414207369089127e-02 1.079954020678997040e-02 8.984263999423092173e-09 8.311539900773823319e-09 nan 1.098135486245155334e-02 3.952417383757670422e+01
6.078894138336181641e-01 4.109332561492919922e-01 1.857855577876460681e-09 1.086126640439033508e-02 1.064957678318023682e-02 8.703298526313574257e-09 8.051613598070161970e-09 nan 1.082892529666423798e-02 3.876594429037803025e+01
6.132739186286926270e-01 4.145731627941131592e-01 1.857282233477322155e-09 1.071158889681100845e-02 1.050273980945348740e-02 8.433288734011057386e-09 7.801821411135279050e-09 nan 1.067967992275953293e-02 3.802700098086883429e+01
6.186584234237670898e-01 4.182130992412567139e-01 1.856714071034082293e-09 1.056504435837268829e-02 1.035898178815841675e-02 8.173744348027867090e-09 7.561711257153547194e-09 nan 1.053356286138296127e-02 3.730694257279160553e+01
6.240429282188415527e-01 4.218530058860778809e-01 1.856151008397507339e-09 1.042173337191343307e-02 1.021842099726200104e-02 7.924326084207677923e-09 7.330969609142812260e-09 nan 1.039067190140485764e-02 3.660650370628030004e+01
6.294274330139160156e-01 4.254929423332214355e-01 1.855592947277603754e-09 1.028171088546514511e-02 1.008111890405416489e-02 7.684671565755252232e-09 7.109258959303588199e-09 nan 1.025106478482484818e-02 3.592605228174023324e+01
6.556535363197326660e-01 4.432217776775360107e-01 1.852943630635520644e-09 9.641470387578010559e-03 9.453544393181800842e-03 6.641205807511596504e-09 6.143926700730162338e-09 nan 9.612758643925189972e-03 3.286063049671282243e+01
8.039034605026245117e-01 5.434387326240539551e-01 1.839770603253567837e-09 6.968583445996046066e-03 6.832784973084926605e-03 3.192931696816003750e-09 2.953851607756519115e-09 nan 6.947836373001337051e-03 2.089824985455990003e+01
9.932619333267211914e-01 6.714450716972351074e-01 1.826201010048688587e-09 4.949100315570831299e-03 4.852683749049901962e-03 1.485429335090771019e-09 1.374203417725539111e-09 nan 4.934370052069425583e-03 1.292763051499282412e+01
1.227223634719848633e+00 8.296031951904296875e-01 1.812731498599941669e-09 3.497640369459986687e-03 3.429516218602657318e-03 6.876721969639731924e-10 6.361806637045219759e-10 nan 3.487232141196727753e-03 7.918849229274318446e+00
1.516294717788696289e+00 1.025015234947204590e+00 1.799361337301671755e-09 2.460910705849528313e-03 2.412988338619470596e-03 3.169441376016379763e-10 2.932119547160993989e-10 nan 2.453589346259832382e-03 4.807828276883674867e+00
1.873456120491027832e+00 1.266456365585327148e+00 1.786089789356977996e-09 1.724493806250393391e-03 1.690916833467781544e-03 1.454885933949157106e-10 1.345946826214472480e-10 nan 1.719363965094089508e-03 2.895513873522416404e+00
2.314746379852294922e+00 1.564768552780151367e+00 1.772916133006574509e-09 1.204019179567694664e-03 1.180578256025910378e-03 6.653974593540112892e-11 6.155735643442739047e-11 nan 1.200437895022332668e-03 1.731068030145388015e+00
2.859982252120971680e+00 1.933347940444946289e+00 1.759839636962373426e-09 8.378226775676012039e-04 8.215119596570730209e-04 3.033054710166460666e-11 2.805944192274534288e-11 nan 8.353307493962347507e-04 1.028008107346682243e+00
3.533647537231445312e+00 2.388745784759521484e+00 1.746859588797865175e-09 5.812226445414125919e-04 5.699073662981390953e-04 1.378323410267112692e-11 1.275116037063872554e-11 nan 5.794939352199435234e-04 6.067673288619684913e-01
4.365993976593017578e+00 2.951411962509155273e+00 1.733975279535418463e-09 4.020835331175476313e-04 3.942549519706517458e-04 6.246047949687305589e-12 5.778347418605722652e-12 nan 4.008875112049281597e-04 3.561346735044106371e-01
5.394398689270019531e+00 3.646613597869873047e+00 1.721185999058096773e-09 2.774433814920485020e-04 2.720404008869081736e-04 2.823213884894926196e-12 2.611811157973709108e-12 nan 2.766179386526346207e-04 2.079575270802347942e-01
6.665042877197265625e+00 4.505568981170654297e+00 1.708491050912268841e-09 1.909867714857682586e-04 1.872660650406032801e-04 1.273072793017693272e-12 1.177743341219950057e-12 nan 1.904183154692873359e-04 1.208582441431207688e-01
8.234986305236816406e+00 5.566850662231445312e+00 1.695889732548296616e-09 1.311853266088292003e-04 1.286280457861721516e-04 5.728168590499183033e-13 5.299225684998742913e-13 nan 1.307946367887780070e-04 6.993321989416360906e-02
1.017472743988037109e+01 6.878115653991699219e+00 1.683381361073609185e-09 8.992700895760208368e-05 8.817225170787423849e-05 2.572180478593172337e-13 2.379560849578854498e-13 nan 8.965893357526510954e-05 4.030283283397152749e-02
1.257137203216552734e+01 8.498247146606445312e+00 1.670965250288532184e-09 6.152921559987589717e-05 6.032669989508576691e-05 1.152852092218756286e-13 1.066515040344662157e-13 nan 6.134549767011776567e-05 2.313974954827524577e-02
1.553254413604736328e+01 1.050000000000000000e+01 1.658640709094829109e-09 4.202578566037118435e-05 4.120245284866541624e-05 5.158095562544755264e-14 4.771772644444720324e-14 nan 4.189999526715837419e-05 1.323933029979991460e-02
