# k/h [h/Mpc]            k [1/Mpc]              Primoridal             T_cdm(k)                 T_bar(k)                 T_phot(k)                T_massless neutrions(k)  T_massive neutrinos(k)   T_total(k)               Linear Pk [(Mpc/h)^3]  
1.049045658874092624e-05 7.091548468451946974e-06 2.727206404909961128e-09 1.000000000000000000e+00 1.000000000000000000e+00 1.000000000000000000e+00 1.000000000000000000e+00 nan 1.000000000000000000e+00 2.692610887237171724e+01
1.158353370556142181e-05 7.830468348402064294e-06 2.717761705682844603e-09 9.999998211860656738e-01 9.999997615814208984e-01 9.999165534973144531e-01 9.999144077301025391e-01 nan 9.999998211860656738e-01 2.962876026881357561e+01
1.279050593439023942e-05 8.646382411825470626e-06 2.708349706436794825e-09 9.999994635581970215e-01 9.999993443489074707e-01 9.998146891593933105e-01 9.998099207878112793e-01 nan 9.999993443489074707e-01 3.260267364422513481e+01
1.412324218108551577e-05 9.547311492497101426e-06 2.698970312856197758e-09 9.999989867210388184e-01 9.999989271163940430e-01 9.996905326843261719e-01 9.996827244758605957e-01 nan 9.999989867210388184e-01 3.587507772841301090e+01
1.559484553581569344e-05 1.054211588780162856e-05 2.689623392481895528e-09 9.999984502792358398e-01 9.999983906745910645e-01 9.995393157005310059e-01 9.995275139808654785e-01 nan 9.999984502792358398e-01 3.947593649158773843e+01
1.721978514979127795e-05 1.164057448477251455e-05 2.680308856040028027e-09 9.999979734420776367e-01 9.999977946281433105e-01 9.993547797203063965e-01 9.993383288383483887e-01 nan 9.999979734420776367e-01 4.343821605751540460e+01
1.901403993542771786e-05 1.285349117097212002e-05 2.671026563908324178e-09 9.999971389770507812e-01 9.999970793724060059e-01 9.991299510002136230e-01 9.991078376770019531e-01 nan 9.999971389770507812e-01 4.779817892587366401e+01
2.099525045196060091e-05 1.419278942194068804e-05 2.661776424936157355e-09 9.999962449073791504e-01 9.999960660934448242e-01 9.988559484481811523e-01 9.988267421722412109e-01 nan 9.999961853027343750e-01 5.259573709572339340e+01
2.318289807590190321e-05 1.567163963045459241e-05 2.652558315858844083e-09 9.999951124191284180e-01 9.999949932098388672e-01 9.985218048095703125e-01 9.984841346740722656e-01 nan 9.999951124191284180e-01 5.787481573419542968e+01
2.559849235694855452e-05 1.730458097881637514e-05 2.643372135990062650e-09 9.999937415122985840e-01 9.999935626983642578e-01 9.981146454811096191e-01 9.980665445327758789e-01 nan 9.999937415122985840e-01 6.368372195718617235e+01
2.826578383974265307e-05 1.910767059598583728e-05 2.634217767634683471e-09 9.999920725822448730e-01 9.999918341636657715e-01 9.976183772087097168e-01 9.975575804710388184e-01 nan 9.999920725822448730e-01 7.007563055681944775e+01
3.121100235148333013e-05 2.109863817167934030e-05 2.625095097817206075e-09 9.999899864196777344e-01 9.999898076057434082e-01 9.970136284828186035e-01 9.969373941421508789e-01 nan 9.999899864196777344e-01 7.710903645980185672e+01
3.446310074650682509e-05 2.329705603187903762e-05 2.616004033478672110e-09 9.999875426292419434e-01 9.999873042106628418e-01 9.962768554687500000e-01 9.961818456649780273e-01 nan 9.999875426292419434e-01 8.484830503446696071e+01
3.805406231549568474e-05 2.572454650362487882e-05 2.606944439452153756e-09 9.999845623970031738e-01 9.999842047691345215e-01 9.953790903091430664e-01 9.952611923217773438e-01 nan 9.999844431877136230e-01 9.336424637012167693e+01
4.201919000479392707e-05 2.840497290890198201e-05 2.597916226597658093e-09 9.999809265136718750e-01 9.999804496765136719e-01 9.942856431007385254e-01 9.941397905349731445e-01 nan 9.999808073043823242e-01 1.027347704904835126e+02
4.639747567125596106e-05 3.136469240416772664e-05 2.588919279439887767e-09 9.999764561653137207e-01 9.999758601188659668e-01 9.929537773132324219e-01 9.927741885185241699e-01 nan 9.999763369560241699e-01 1.130455846469695018e+02
5.123196388012729585e-05 3.463280881987884641e-05 2.579953483847589841e-09 9.999709725379943848e-01 9.999703764915466309e-01 9.913322925567626953e-01 9.911115765571594238e-01 nan 9.999708533287048340e-01 1.243909646258850898e+02
5.657019573845900595e-05 3.824145096587017179e-05 2.571018745591721348e-09 9.999642372131347656e-01 9.999635219573974609e-01 9.893587827682495117e-01 9.890878200531005859e-01 nan 9.999641776084899902e-01 1.368746655341278426e+02
6.246465636650100350e-05 4.222610732540488243e-05 2.562114941593048984e-09 9.999561905860900879e-01 9.999553561210632324e-01 9.869574904441833496e-01 9.866255521774291992e-01 nan 9.999560713768005371e-01 1.506108021966419699e+02
6.897329876665025949e-05 4.662595165427774191e-05 2.553241977543412439e-09 9.999462366104125977e-01 9.999451637268066406e-01 9.840371608734130859e-01 9.836313128471374512e-01 nan 9.999461770057678223e-01 1.657248040732544894e+02
7.616012590005993843e-05 5.148424679646268487e-05 2.544399743325443185e-09 9.999343752861022949e-01 9.999329447746276855e-01 9.804874658584594727e-01 9.799919724464416504e-01 nan 9.999340772628784180e-01 1.823547853154784093e+02
8.409580186707898974e-05 5.684876305167563260e-05 2.535588130685252624e-09 9.999196529388427734e-01 9.999178647994995117e-01 9.761759638786315918e-01 9.755716323852539062e-01 nan 9.999193549156188965e-01 2.006524316203152125e+02
9.285835403716191649e-05 6.277224747464060783e-05 2.526807033334104165e-09 9.999017715454101562e-01 9.998997449874877930e-01 9.709432125091552734e-01 9.702074527740478516e-01 nan 9.999014735221862793e-01 2.207846861279986683e+02
1.025339443003758788e-04 6.931294774403795600e-05 2.518056339675267213e-09 9.998799562454223633e-01 9.998775124549865723e-01 9.645990133285522461e-01 9.637042880058288574e-01 nan 9.998795986175537109e-01 2.429349704247320858e+02
1.132176985265687108e-04 7.653516513528302312e-05 2.509335958204897443e-09 9.998534917831420898e-01 9.998503923416137695e-01 9.569166898727416992e-01 9.558305740356445312e-01 nan 9.998530149459838867e-01 2.673049775846719172e+02
1.250146742677316070e-04 8.450992027064785361e-05 2.500645773867358897e-09 9.998211860656738281e-01 9.998174905776977539e-01 9.476282000541687012e-01 9.463117718696594238e-01 nan 9.998205900192260742e-01 2.941162740511803690e+02
1.380408502882346511e-04 9.331561159342527390e-05 2.491985695624705562e-09 9.997818470001220703e-01 9.997773766517639160e-01 9.364182949066162109e-01 9.348258972167968750e-01 nan 9.997811913490295410e-01 3.236122073072434091e+02
1.524243270978331566e-04 1.030388448270969093e-04 2.483355596498544299e-09 9.997339844703674316e-01 9.997284412384033203e-01 9.229201674461364746e-01 9.209983348846435547e-01 nan 9.997330904006958008e-01 3.560600834987667440e+02
1.683065347606316209e-04 1.137752187787555158e-04 2.474755379885282393e-09 9.996758103370666504e-01 9.996690154075622559e-01 9.067116379737854004e-01 9.043982625007629395e-01 nan 9.996747374534606934e-01 3.917534231058098726e+02
1.858436153270304203e-04 1.256302784895524383e-04 2.466184957973141175e-09 9.996050000190734863e-01 9.995968341827392578e-01 8.873140215873718262e-01 8.845380544662475586e-01 nan 9.996036887168884277e-01 4.310139178679863790e+02
2.052080089924857020e-04 1.387206139042973518e-04 2.457644209414643305e-09 9.995188713073730469e-01 9.995090365409851074e-01 8.641957640647888184e-01 8.608776330947875977e-01 nan 9.995174407958984375e-01 4.741945059449517998e+02
2.265901130158454180e-04 1.531749148853123188e-04 2.449133045395065615e-09 9.994143843650817871e-01 9.994024038314819336e-01 8.367829918861389160e-01 8.328348994255065918e-01 nan 9.994125366210937500e-01 5.216818300221387972e+02
2.502001880202442408e-04 1.691353245405480266e-04 2.440651351248999153e-09 9.992875456809997559e-01 9.992730617523193359e-01 8.044799566268920898e-01 7.998086810111999512e-01 nan 9.992853403091430664e-01 5.738991001900432138e+02
2.762703516054898500e-04 1.867587561719119549e-04 2.432199034655000626e-09 9.991338253021240234e-01 9.991163015365600586e-01 7.667050957679748535e-01 7.612158060073852539e-01 nan 9.991311430931091309e-01 6.313089163475344776e+02
3.050569503102451563e-04 2.062184939859434962e-04 2.423775992290330563e-09 9.989476203918457031e-01 9.989265799522399902e-01 7.229469418525695801e-01 7.165505290031433105e-01 nan 9.989443421363830566e-01 6.944164808433413327e+02
3.368430479895323515e-04 2.277058956678956747e-04 2.415382114947829304e-09 9.987223744392395020e-01 9.986971020698547363e-01 6.728462576866149902e-01 6.654689311981201172e-01 nan 9.987185597419738770e-01 7.637728684002770478e+02
3.719411906786262989e-04 2.514322404749691486e-04 2.407017301830847028e-09 9.984505772590637207e-01 9.984203577041625977e-01 6.163077950477600098e-01 6.079060435295104980e-01 nan 9.984459877014160156e-01 8.399778702731312023e+02
4.106964333914220333e-04 2.776307810563594103e-04 2.398681465071051552e-09 9.981230497360229492e-01 9.980869889259338379e-01 5.536419749259948730e-01 5.442218780517578125e-01 nan 9.981176257133483887e-01 9.236828960771238144e+02
4.534898616839200258e-04 3.065591445192694664e-04 2.390374494355455649e-09 9.977294206619262695e-01 9.976866245269775391e-01 4.857300519943237305e-01 4.753704071044921875e-01 nan 9.977228641510009766e-01 1.015594389537445068e+03
5.007422878406941891e-04 3.385017917025834322e-04 2.382096284987275655e-09 9.972575902938842773e-01 9.972069859504699707e-01 4.141860306262969971e-01 4.030636847019195557e-01 nan 9.972498416900634766e-01 1.116476172411198604e+03
5.529182380996644497e-04 3.737727238330990076e-04 2.373846756225058361e-09 9.966936111450195312e-01 9.966343641281127930e-01 3.414711952209472656e-01 3.298833072185516357e-01 nan 9.966845512390136719e-01 1.227151497313809159e+03
6.105307838879525661e-04 4.127188003621995449e-04 2.365625794166928840e-09 9.960219264030456543e-01 9.959530830383300781e-01 2.708830237388610840e-01 2.592580318450927734e-01 nan 9.960114359855651855e-01 1.348505101171350134e+03
6.741464603692293167e-04 4.557229985948652029e-04 2.357433293568910220e-09 9.952251911163330078e-01 9.951457381248474121e-01 2.063176035881042480e-01 1.952019035816192627e-01 nan 9.952129721641540527e-01 1.481486137494545346e+03
7.443906506523489952e-04 5.032080807723104954e-04 2.349269171114912410e-09 9.942840337753295898e-01 9.941935539245605469e-01 1.517034173011779785e-01 1.417106539011001587e-01 nan 9.942702054977416992e-01 1.627105900492866340e+03
8.219541050493717194e-04 5.556409596465528011e-04 2.341133324843220307e-09 9.931771755218505859e-01 9.930753111839294434e-01 1.100729703903198242e-01 1.017860621213912964e-01 nan 9.931616187095642090e-01 1.786439690039998595e+03
9.075994603335857391e-04 6.135372095741331577e-04 2.333025652639057309e-09 9.918815493583679199e-01 9.917685389518737793e-01 8.241914212703704834e-02 7.625212520360946655e-02 nan 9.918642640113830566e-01 1.960625173635842884e+03
1.002168864943087101e-03 6.774661596864461899e-04 2.324946049885245546e-09 9.903718233108520508e-01 9.902483820915222168e-01 6.678430736064910889e-02 6.284002959728240967e-02 nan 9.903529882431030273e-01 2.150857201044272642e+03
1.106592128053307533e-03 7.480562780983746052e-04 2.316894434325377400e-09 9.886202216148376465e-01 9.884875416755676270e-01 5.833276733756065369e-02 5.632583796977996826e-02 nan 9.886000156402587891e-01 2.358381078879356664e+03
1.221895916387438774e-03 8.260016329586505890e-04 2.308870708568745277e-09 9.865958690643310547e-01 9.864559769630432129e-01 5.110481753945350647e-02 5.042682215571403503e-02 nan 9.865745902061462402e-01 2.584482651967326092e+03
1.349214115180075169e-03 9.120687609538435936e-04 2.300874762407135126e-09 9.842645525932312012e-01 9.841192960739135742e-01 4.124373570084571838e-02 4.118832945823669434e-02 nan 9.842423796653747559e-01 2.830471306444775564e+03
1.489798538386821747e-03 1.007103826850652695e-03 2.292906509188567727e-09 9.815879464149475098e-01 9.814395904541015625e-01 2.966977283358573914e-02 2.970378659665584564e-02 nan 9.815652370452880859e-01 3.097658431886464314e+03
1.645031501539051533e-03 1.112041296437382698e-03 2.284965850418265676e-09 9.785239696502685547e-01 9.783741235733032227e-01 2.096015214920043945e-02 2.083511091768741608e-02 nan 9.785011410713195801e-01 3.387334351885129763e+03
1.816439209505915642e-03 1.227912958711385727e-03 2.277052691606405739e-09 9.750268459320068359e-01 9.748761653900146484e-01 1.772124879062175751e-02 1.736091636121273041e-02 nan 9.750038385391235352e-01 3.700737825202355907e+03
2.005707239732146263e-03 1.355858054012060165e-03 2.269166941709029953e-09 9.710474014282226562e-01 9.708952307701110840e-01 1.646230369806289673e-02 9.471856988966464996e-03 nan 9.710240960121154785e-01 4.039020258072038359e+03
2.214696491137146950e-03 1.497134799137711525e-03 2.261308494449764354e-09 9.665321111679077148e-01 9.663763642311096191e-01 1.267363503575325012e-02 7.733024191111326218e-03 nan 9.665082693099975586e-01 4.403194047748461344e+03
2.445461694151163101e-03 1.653132145293056965e-03 2.253477264686429142e-09 9.614243507385253906e-01 9.612618088722229004e-01 8.657486177980899811e-03 6.309316493570804596e-03 nan 9.613994956016540527e-01 4.794081981104764054e+03
2.700272016227245331e-03 1.825383864343166351e-03 2.245673160886940457e-09 9.556639194488525391e-01 9.554914832115173340e-01 7.664269767701625824e-03 5.143980029970407486e-03 nan 9.556375145912170410e-01 5.212255059446761152e+03
2.981632947921752930e-03 2.015583915635943413e-03 2.237896076485985185e-09 9.491881728172302246e-01 9.490031599998474121e-01 6.164661608636379242e-03 4.190536681562662125e-03 nan 9.491598606109619141e-01 5.657960535146776238e+03
3.292310982942581177e-03 2.225602278485894203e-03 2.230145925871712440e-09 9.419314265251159668e-01 9.417325854301452637e-01 4.591893870383501053e-03 3.410808509215712547e-03 nan 9.419010281562805176e-01 6.131036733763799930e+03
3.635360859334468842e-03 2.457503927871584892e-03 2.222422616889744185e-09 9.338259100914001465e-01 9.336118102073669434e-01 4.302754066884517670e-03 2.773453947156667709e-03 nan 9.337932467460632324e-01 6.630819428474462256e+03
4.014155361801385880e-03 2.713568974286317825e-03 2.214726058195065524e-09 9.248019456863403320e-01 9.245698451995849609e-01 2.797293942421674728e-03 2.252785256132483482e-03 nan 9.247664809226989746e-01 7.156042082653885700e+03
4.432419314980506897e-03 2.996315481141209602e-03 2.207056148657132701e-09 9.147881269454956055e-01 9.145331978797912598e-01 2.476695226505398750e-03 1.827697502449154854e-03 nan 9.147491455078125000e-01 7.704712596077674789e+03
4.894265439361333847e-03 3.308523446321487427e-03 2.199412800139309644e-09 9.037123918533325195e-01 9.034289121627807617e-01 1.834002439863979816e-03 1.480898004956543446e-03 nan 9.036690592765808105e-01 8.274008616401222753e+03
5.404234398156404495e-03 3.653262509033083916e-03 2.191795924301313793e-09 8.915023803710937500e-01 8.911851048469543457e-01 1.346336794085800648e-03 1.198192941956222057e-03 nan 8.914539217948913574e-01 8.860137950287597050e+03
5.967340432107448578e-03 4.033922217786312103e-03 2.184205430909534259e-09 8.780856132507324219e-01 8.777285814285278320e-01 1.319690258242189884e-03 9.679401991888880730e-04 nan 8.780310153961181641e-01 9.458215196135390215e+03
6.589121185243129730e-03 4.454245790839195251e-03 2.176641221197925960e-09 8.633894324302673340e-01 8.629838824272155762e-01 1.122971298173069954e-03 7.805922650732100010e-04 nan 8.633274435997009277e-01 1.006210932585045157e+04
7.275689393281936646e-03 4.918366204947233200e-03 2.169103203027300791e-09 8.473417758941650391e-01 8.468780517578125000e-01 7.887435494922101498e-04 6.283192778937518597e-04 nan 8.472709655761718750e-01 1.066431042820275979e+04
8.033796213567256927e-03 5.430846009403467178e-03 2.161591299930936394e-09 8.298709392547607422e-01 8.293385505676269531e-01 5.980721907690167427e-04 5.047018057666718960e-04 nan 8.297895789146423340e-01 1.125580789199981336e+04
8.870895951986312866e-03 5.996725521981716156e-03 2.154105401952956366e-09 8.109052777290344238e-01 8.102907538414001465e-01 5.535708041861653328e-04 4.044777597300708294e-04 nan 8.108114004135131836e-01 1.182594623575500918e+04
9.795218706130981445e-03 6.621567998081445694e-03 2.146645430474833453e-09 7.903753519058227539e-01 7.896642088890075684e-01 3.959854657296091318e-04 3.233375318814069033e-04 nan 7.902667522430419922e-01 1.236239025522813063e+04
1.081585418432950974e-02 7.311517372727394104e-03 2.139211293795359687e-09 7.682120800018310547e-01 7.673872113227844238e-01 2.919846156146377325e-04 2.577503910288214684e-04 nan 7.680860757827758789e-01 1.285103082918381187e+04
1.194283645600080490e-02 8.073357865214347839e-03 2.131802900090153706e-09 7.443497180938720703e-01 7.433925271034240723e-01 2.352778974454849958e-04 2.048272435786202550e-04 nan 7.442035079002380371e-01 1.327607780767668919e+04
1.318724639713764191e-02 8.914578706026077271e-03 2.124420174276236449e-09 7.187291979789733887e-01 7.176189422607421875e-01 1.631646446185186505e-04 1.622052222955971956e-04 nan 7.185595631599426270e-01 1.362028875056211655e+04
1.456132158637046814e-02 9.843453764915466309e-03 2.117063005254935590e-09 6.913019418716430664e-01 6.900170445442199707e-01 1.553631300339475274e-04 1.279534481000155210e-04 nan 6.911056637763977051e-01 1.386536684063469329e+04
1.607857085764408112e-02 1.086911372840404510e-02 2.109731324472420402e-09 6.620394587516784668e-01 6.605579257011413574e-01 1.160502069978974760e-04 1.004958176054060459e-04 nan 6.618131399154663086e-01 1.399276656540390832e+04
1.775391399860382080e-02 1.200164575129747391e-02 2.102425026951150955e-09 6.309449672698974609e-01 6.292458772659301758e-01 8.864028495736420155e-05 7.854704017518088222e-05 nan 6.306853890419006348e-01 1.398488012555630849e+04
1.960382424294948578e-02 1.325218472629785538e-02 2.095144031049849183e-09 5.980711579322814941e-01 5.961372852325439453e-01 6.175466842250898480e-05 6.106033833930268884e-05 nan 5.977756977081298828e-01 1.382679743271236839e+04
2.164648845791816711e-02 1.463302597403526306e-02 2.087888252770266929e-09 5.635444521903991699e-01 5.613650083541870117e-01 5.372651503421366215e-05 4.718410127679817379e-05 nan 5.632114410400390625e-01 1.350865998544141621e+04
2.390199340879917145e-02 1.615774817764759064e-02 2.080657597354892904e-09 5.275936126708984375e-01 5.251685380935668945e-01 4.333423203206621110e-05 3.622608710429631174e-05 nan 5.272230505943298340e-01 1.302851757039156291e+04
2.639251388609409332e-02 1.784133911132812500e-02 2.073451995948668221e-09 4.905828237533569336e-01 4.879277050495147705e-01 2.518984911148436368e-05 2.762373696896247566e-05 nan 4.901772141456604004e-01 1.239540226179318779e+04
2.914254181087017059e-02 1.970035769045352936e-02 2.066271340052806293e-09 4.530416131019592285e-01 4.501931071281433105e-01 2.402276004431769252e-05 2.091953865601681173e-05 nan 4.526064097881317139e-01 1.163194082952460121e+04
3.217911347746849060e-02 2.175308018922805786e-02 2.059115554147728899e-09 4.156813323497772217e-01 4.127019345760345459e-01 1.906346915347967297e-05 1.574049747432582080e-05 nan 4.152261614799499512e-01 1.077549116621321082e+04
3.553209081292152405e-02 2.401969395577907562e-02 2.051984539888671147e-09 3.793810307979583740e-01 3.763621151447296143e-01 1.334797434537904337e-05 1.178105503640836105e-05 nan 3.789198100566864014e-01 9.876596533259751595e+03
3.923443704843521118e-02 2.652247995138168335e-02 2.044878229365854235e-09 3.451204895973205566e-01 3.421799540519714355e-01 9.646306352806277573e-06 8.789149433141574264e-06 nan 3.446712195873260498e-01 8.993682132651001666e+03
4.332255572080612183e-02 2.928604744374752045e-02 2.037796533657790378e-09 3.138381242752075195e-01 3.111106157302856445e-01 7.476926384697435424e-06 6.555081654369132593e-06 nan 3.134214282035827637e-01 8.183657958508052616e+03
4.765481501817703247e-02 3.221465647220611572e-02 2.031010053452367756e-09 2.871186733245849609e-01 2.847194671630859375e-01 5.082078132545575500e-06 4.956496468366822228e-06 nan 2.867521047592163086e-01 7.509361211540663135e+03
5.198707059025764465e-02 3.514325991272926331e-02 2.024834231214258902e-09 2.659838795661926270e-01 2.639648318290710449e-01 3.956538876082049683e-06 3.858770014630863443e-06 nan 2.656754553318023682e-01 7.009010371345368185e+03
5.631932616233825684e-02 3.807186335325241089e-02 2.019169610001785353e-09 2.487153708934783936e-01 2.470733970403671265e-01 3.152909812342841178e-06 3.074999312957515940e-06 nan 2.484645247459411621e-01 6.620590777924934628e+03
6.065158173441886902e-02 4.100047051906585693e-02 2.013939112582009273e-09 2.341020554304122925e-01 2.327880710363388062e-01 2.559276481406413950e-06 2.496034539944957942e-06 nan 2.339013218879699707e-01 6.300284360987370746e+03
6.498383730649948120e-02 4.392907395958900452e-02 2.009081821590703985e-09 2.210119813680648804e-01 2.199458479881286621e-01 2.105031626342679374e-06 2.053014668490504846e-06 nan 2.208491116762161255e-01 6.001997135617902131e+03
6.931609660387039185e-02 4.685768112540245056e-02 2.004548729015451583e-09 2.086172103881835938e-01 2.077050209045410156e-01 1.746496650412154850e-06 1.703339307823625859e-06 nan 2.084778547286987305e-01 5.691309298770949681e+03
7.364834845066070557e-02 4.978628456592559814e-02 2.000299865353250301e-09 1.964337825775146484e-01 1.955848783254623413e-01 1.456729023630032316e-06 1.420732019141723868e-06 nan 1.963040828704833984e-01 5.349973750294846468e+03
7.798060774803161621e-02 5.271489173173904419e-02 1.996302173696350216e-09 1.843344122171401978e-01 1.834752559661865234e-01 1.219259615936607588e-06 1.189130671264138073e-06 nan 1.842031627893447876e-01 4.978367500336348712e+03
8.231285959482192993e-02 5.564349144697189331e-02 1.992528044667567094e-09 1.724572032690048218e-01 1.715404242277145386e-01 1.023670847644098103e-06 9.983751851905253716e-07 nan 1.723171323537826538e-01 4.590880413610457254e+03
8.664511889219284058e-02 5.857209861278533936e-02 1.988954134422163219e-09 1.610724925994873047e-01 1.600800156593322754e-01 8.627507668279577047e-07 8.414316425842116587e-07 nan 1.609208583831787109e-01 4.207971938449678419e+03
9.097737073898315430e-02 6.150070205330848694e-02 1.985560585482697045e-09 1.504634022712707520e-01 1.494042128324508667e-01 7.308900080715829972e-07 7.128292054403573275e-07 nan 1.503015607595443726e-01 3.848925365987554869e+03
9.636187553405761719e-02 6.514062732458114624e-02 1.981568674123380254e-09 1.387406438589096069e-01 1.376410871744155884e-01 6.006436024108552374e-07 5.858012741555285174e-07 nan 1.385726630687713623e-01 3.459258183682771687e+03
1.017463728785514832e-01 6.878054887056350708e-02 1.977801256732118934e-09 1.289651393890380859e-01 1.278897374868392944e-01 5.007589152228320017e-07 4.883847850578604266e-07 nan 1.288008391857147217e-01 3.149977646361118786e+03
1.071308776736259460e-01 7.242047041654586792e-02 1.974234781265857972e-09 1.211862042546272278e-01 1.201969906687736511e-01 4.244553508669923758e-07 4.139667453273432329e-07 nan 1.210350841283798218e-01 2.923351433826588618e+03
1.125153750181198120e-01 7.606039196252822876e-02 1.970849203820953451e-09 1.150666177272796631e-01 1.142055243253707886e-01 3.654132001429388765e-07 3.563835946351900930e-07 nan 1.149350628256797791e-01 2.763281827969603455e+03
1.178998723626136780e-01 7.970031350851058960e-02 1.967627323526894450e-09 1.100402772426605225e-01 1.093201786279678345e-01 3.183119190452998737e-07 3.104461825387261342e-07 nan 1.099302619695663452e-01 2.643752140566205526e+03
1.232843771576881409e-01 8.334024250507354736e-02 1.964554264128985100e-09 1.055454835295677185e-01 1.049505397677421570e-01 2.792658619910071138e-07 2.723649856761767296e-07 nan 1.054545864462852478e-01 2.539291601743239880e+03
1.286688745021820068e-01 8.698015660047531128e-02 1.961617102724775952e-09 1.011462286114692688e-01 1.006399467587471008e-01 2.457213099660293665e-07 2.396493528067367151e-07 nan 1.010688915848731995e-01 2.430235485978593715e+03
1.340533792972564697e-01 9.062008559703826904e-02 1.958804483640675406e-09 9.657457470893859863e-02 9.611199051141738892e-02 2.161536514222461847e-07 2.108123311472809291e-07 nan 9.650389850139617920e-02 2.304918940320620550e+03
1.394378840923309326e-01 9.426000714302062988e-02 1.956106446915437174e-09 9.176194667816162109e-02 9.130214899778366089e-02 1.898189623261714587e-07 1.851283997211794485e-07 nan 9.169170260429382324e-02 2.161522172190093443e+03
1.448223739862442017e-01 9.789992123842239380e-02 1.953514161287429418e-09 8.682154864072799683e-02 8.633704483509063721e-02 1.664763402686730842e-07 1.623625820457164082e-07 nan 8.674752712249755859e-02 2.007097518861528670e+03
1.502068787813186646e-01 1.015398502349853516e-01 1.951019758654691563e-09 8.196823298931121826e-02 8.144935220479965210e-02 1.460855116874881787e-07 1.424756419510231353e-07 nan 8.188895881175994873e-02 1.853121383863204073e+03
1.555913835763931274e-01 1.051797717809677124e-01 1.948616241255242070e-09 7.743879407644271851e-02 7.689276337623596191e-02 1.286103668007854139e-07 1.254323223065512138e-07 nan 7.735536992549896240e-02 1.711158361085507295e+03
1.609758734703063965e-01 1.088196933269500732e-01 1.946297314463125787e-09 7.343469560146331787e-02 7.288063317537307739e-02 1.139284862006206822e-07 1.111132448272655893e-07 nan 7.335004955530166626e-02 1.590134128392510320e+03
1.663603782653808594e-01 1.124596148729324341e-01 1.944057316713681798e-09 7.006204128265380859e-02 6.952362507581710815e-02 1.017714339468511753e-07 9.925659583132073749e-08 nan 6.997978687286376953e-02 1.494120806083968546e+03
1.717448830604553223e-01 1.160995438694953918e-01 1.941891129256332855e-09 6.729234009981155396e-02 6.679057329893112183e-02 9.171875348101821146e-08 8.945232821133686230e-08 nan 6.721568107604980469e-02 1.421350402966188767e+03
1.771293878555297852e-01 1.197394654154777527e-01 1.939794125595426991e-09 6.498931348323822021e-02 6.453721970319747925e-02 8.328328959805730847e-08 8.122530203991118469e-08 nan 6.492024660110473633e-02 1.365813354368044884e+03
1.825138777494430542e-01 1.233793795108795166e-01 1.937762091126241291e-09 6.297512352466583252e-02 6.257537752389907837e-02 7.601846618854324333e-08 7.413999014715955127e-08 nan 6.291405111551284790e-02 1.320065929462731219e+03
1.878983825445175171e-01 1.270193010568618774e-01 1.935791175107242678e-09 6.107715889811515808e-02 6.072280183434486389e-02 6.956880582720259554e-08 6.784970452144989395e-08 nan 6.102302297949790955e-02 1.277028049974499254e+03
1.932828873395919800e-01 1.306592375040054321e-01 1.933877861004656685e-09 5.915386974811553955e-02 5.883137136697769165e-02 6.368006921775304363e-08 6.210648706428401056e-08 nan 5.910459905862808228e-02 1.230977085814747852e+03
1.986673772335052490e-01 1.342991441488265991e-01 1.932018951816384183e-09 5.712421610951423645e-02 5.681773275136947632e-02 5.820768222974948003e-08 5.676932701703663042e-08 nan 5.707739293575286865e-02 1.178798739844628244e+03
2.040518820285797119e-01 1.379390656948089600e-01 1.930211465507478933e-09 5.498635768890380859e-02 5.468192696571350098e-02 5.310972284178205882e-08 5.179734330340579618e-08 nan 5.493984743952751160e-02 1.120770339528397926e+03
2.094363868236541748e-01 1.415790021419525146e-01 1.928452677645768952e-09 5.280071496963500977e-02 5.248927697539329529e-02 4.840710232656419976e-08 4.721092494719414390e-08 nan 5.275313556194305420e-02 1.059746256054393825e+03
2.148208767175674438e-01 1.452189087867736816e-01 1.926740094380007882e-09 5.065420642495155334e-02 5.033294484019279480e-02 4.413706733430444729e-08 4.304641265662212390e-08 nan 5.060512572526931763e-02 9.995208598574520238e+02
2.202053815126419067e-01 1.488588303327560425e-01 1.925071368159055733e-09 4.863366857171058655e-02 4.830551147460937500e-02 4.032668243780790363e-08 3.933018533075482992e-08 nan 4.858353361487388611e-02 9.436480015792740232e+02
2.255898863077163696e-01 1.524987667798995972e-01 1.923444343781293656e-09 4.680727049708366394e-02 4.647907987236976624e-02 3.697994799267689814e-08 3.606614740192526369e-08 nan 4.675713181495666504e-02 8.947199039097297373e+02
2.309743911027908325e-01 1.561386883258819580e-01 1.921857033120720865e-09 4.520654305815696716e-02 4.488660767674446106e-02 3.406914927950310812e-08 3.322728048260614742e-08 nan 4.515766352415084839e-02 8.537853536978599323e+02
2.363588809967041016e-01 1.597786098718643188e-01 1.920307567935778733e-09 4.381993785500526428e-02 4.351555928587913513e-02 3.153736471972479194e-08 3.075805210528415046e-08 nan 4.377343133091926575e-02 8.202522068505065818e+02
2.417433857917785645e-01 1.634185314178466797e-01 1.918794213956308179e-09 4.260450974106788635e-02 4.232018440961837769e-02 2.931325049360111734e-08 2.858890191248519841e-08 nan 4.256106913089752197e-02 7.924198583062151329e+02
2.471278905868530273e-01 1.670584529638290405e-01 1.917315352832477265e-09 4.150175303220748901e-02 4.123840108513832092e-02 2.732528336935047264e-08 2.665005638391448883e-08 nan 4.146151989698410034e-02 7.680852274621329343e+02
2.525123953819274902e-01 1.706983745098114014e-01 1.915869472055197894e-09 4.044852033257484436e-02 4.020374268293380737e-02 2.550941680112828180e-08 2.487905881309870892e-08 nan 4.041112586855888367e-02 7.449294253324734427e+02
2.578969001770019531e-01 1.743383109569549561e-01 1.914455150219987163e-09 3.939053043723106384e-02 3.915962576866149902e-02 2.381642616455792449e-08 2.322790493280990631e-08 nan 3.935525193810462952e-02 7.210014524342921050e+02
2.632813751697540283e-01 1.779782027006149292e-01 1.913071083197014340e-09 3.829931840300559998e-02 3.807675838470458984e-02 2.221934458646046551e-08 2.167029045097024209e-08 nan 3.826531767845153809e-02 6.953356892298485263e+02
2.686658799648284912e-01 1.816181391477584839e-01 1.911715991580206360e-09 3.717774897813796997e-02 3.695857897400856018e-02 2.071248950130666344e-08 2.020066602881342988e-08 nan 3.714426606893539429e-02 6.681336031794070323e+02
2.740503847599029541e-01 1.852580606937408447e-01 1.910388727493893778e-09 3.604834154248237610e-02 3.582923859357833862e-02 1.930123616489254346e-08 1.882428968258409441e-08 nan 3.601486608386039734e-02 6.403006743968753653e+02
2.794348895549774170e-01 1.888979822397232056e-01 1.909088184011114833e-09 3.493897989392280579e-02 3.471874073147773743e-02 1.799256743595378794e-08 1.754795597719294165e-08 nan 3.490533307194709778e-02 6.128980591194365388e+02
2.848193943500518799e-01 1.925379037857055664e-01 1.907813323590368924e-09 3.387764468789100647e-02 3.365705162286758423e-02 1.679202377147248626e-08 1.637708280100014235e-08 nan 3.384394198656082153e-02 5.869390671503507519e+02
2.902038991451263428e-01 1.961778402328491211e-01 1.906563162582237113e-09 3.288973122835159302e-02 3.267098590731620789e-02 1.570264096528717346e-08 1.531461713000226155e-08 nan 3.285631164908409119e-02 5.632955597840556266e+02
2.955884039402008057e-01 1.998177617788314819e-01 1.905336787226579552e-09 3.199032694101333618e-02 3.177619725465774536e-02 1.472176158756610675e-08 1.435797614135481126e-08 nan 3.195761144161224365e-02 5.424474588033846203e+02
3.009728789329528809e-01 2.034576684236526489e-01 1.904133323856378078e-09 3.117723576724529266e-02 3.097024187445640564e-02 1.383893799555835358e-08 1.349696887587015226e-08 nan 3.114561177790164948e-02 5.242773872517943801e+02
3.063573837280273438e-01 2.070975899696350098e-01 1.902951936232507350e-09 3.043387643992900848e-02 3.023564256727695465e-02 1.303856400625136303e-08 1.271637195543462440e-08 nan 3.040359169244766235e-02 5.081968194165519321e+02
3.117418885231018066e-01 2.107375115156173706e-01 1.901791846628511990e-09 2.973866648972034454e-02 2.954963408410549164e-02 1.230472523872094825e-08 1.200066801487764678e-08 nan 2.970978990197181702e-02 4.934717896386129610e+02
3.171263933181762695e-01 2.143774479627609253e-01 1.900652308391623192e-09 2.907139062881469727e-02 2.889083698391914368e-02 1.162391605191714916e-08 1.133668181552138776e-08 nan 2.904380671679973602e-02 4.794329607307149104e+02
3.225108981132507324e-01 2.180173695087432861e-01 1.899532626729035332e-09 2.841484732925891876e-02 2.824122644960880280e-02 1.098538415789107603e-08 1.071392841112128735e-08 nan 2.838832139968872070e-02 4.655250121989728882e+02
3.278954029083251953e-01 2.216572910547256470e-01 1.898432128189829179e-09 2.775698155164718628e-02 2.758838050067424774e-02 1.038156671739898229e-08 1.012503147990173602e-08 nan 2.773122303187847137e-02 4.513735096064478398e+02
3.332799077033996582e-01 2.252972126007080078e-01 1.897350177081271127e-09 2.709452435374259949e-02 2.692915499210357666e-02 9.808946543898855452e-09 9.566559988627432176e-09 nan 2.706925943493843079e-02 4.368988542931418237e+02
3.386643826961517334e-01 2.289371192455291748e-01 1.896286172945125672e-09 2.643357589840888977e-02 2.627014555037021637e-02 9.267659528688909631e-09 9.038648940418170241e-09 nan 2.640860900282859802e-02 4.223246298065272413e+02
3.440488874912261963e-01 2.325770407915115356e-01 1.895239531240720810e-09 2.578519098460674286e-02 2.562310360372066498e-02 8.759425185189684271e-09 8.542974327951924352e-09 nan 2.576042711734771729e-02 4.080244739034076247e+02
3.494333922863006592e-01 2.362169772386550903e-01 1.894209703480833635e-09 2.515989169478416443e-02 2.499923482537269592e-02 8.285491404080858047e-09 8.080752067485263979e-09 nan 2.513534575700759888e-02 3.943403043588399441e+02
3.548178970813751221e-01 2.398568987846374512e-01 1.893196174858241155e-09 2.456521429121494293e-02 2.440660633146762848e-02 7.845898153391317464e-09 7.652020350690236228e-09 nan 2.454098314046859741e-02 3.815078588019802055e+02
3.602024018764495850e-01 2.434968203306198120e-01 1.892198441798694543e-09 2.400560118257999420e-02 2.384990267455577850e-02 7.439614702065000529e-09 7.255776868220209508e-09 nan 2.398181334137916565e-02 3.696576431104945755e+02
3.655869066715240479e-01 2.471367418766021729e-01 1.891216027459402332e-09 2.348182536661624908e-02 2.332987822592258453e-02 7.064523632749342141e-09 6.889953940714121927e-09 nan 2.345861308276653290e-02 3.588034966655557128e+02
3.709714114665985107e-01 2.507766783237457275e-01 1.890248472221847833e-09 2.299012243747711182e-02 2.284250780940055847e-02 6.717326250793576037e-09 6.551335474114239332e-09 nan 2.296757325530052185e-02 3.488214127501784105e+02
3.763558864593505859e-01 2.544165849685668945e-01 1.889295352117686434e-09 2.252320013940334320e-02 2.238012664020061493e-02 6.394015539257225100e-09 6.236014815641510722e-09 nan 2.250134199857711792e-02 3.394845032301027459e+02
3.817403912544250488e-01 2.580564916133880615e-01 1.888356242191734645e-09 2.207316458225250244e-02 2.193444967269897461e-02 6.090799864466589497e-09 5.940291813999465376e-09 nan 2.205197140574455261e-02 3.305540248493759350e+02
3.871248960494995117e-01 2.616964280605316162e-01 1.887430735669950155e-09 2.163381315767765045e-02 2.149895951151847839e-02 5.804710045964611709e-09 5.661271895718300584e-09 nan 2.161321043968200684e-02 3.218470044695371826e+02
3.925094008445739746e-01 2.653363645076751709e-01 1.886518457772270655e-09 2.120099775493144989e-02 2.106935158371925354e-02 5.533597580154037132e-09 5.396858515638314202e-09 nan 2.118088491261005402e-02 3.132455528272050742e+02
3.978939056396484375e-01 2.689762711524963379e-01 1.885619049100158659e-09 2.077259682118892670e-02 2.064351178705692291e-02 5.276030279333099315e-09 5.145655457283737633e-09 nan 2.075287699699401855e-02 3.046940732418844959e+02
4.032784104347229004e-01 2.726162075996398926e-01 1.884732143174389957e-09 2.034914307296276093e-02 2.022209949791431427e-02 5.031355776452528517e-09 4.907027673084485286e-09 nan 2.032973431050777435e-02 2.962156887682687625e+02
4.086629152297973633e-01 2.762561440467834473e-01 1.883857409814700777e-09 1.993373781442642212e-02 1.980843581259250641e-02 4.799589170545459638e-09 4.680987597538432965e-09 nan 1.991459354758262634e-02 2.879068319639507081e+02
4.140473902225494385e-01 2.798960208892822266e-01 1.882994538868699288e-09 1.953023858368396759e-02 1.940660737454891205e-02 4.580890333727438701e-09 4.467693326404287291e-09 nan 1.951134949922561646e-02 2.798822833853390648e+02
4.194318950176239014e-01 2.835359573364257812e-01 1.882143190604211824e-09 1.914126798510551453e-02 1.901943050324916840e-02 4.375097173436870435e-09 4.266985431655712091e-09 nan 1.912265457212924957e-02 2.722179492896138981e+02
4.248163998126983643e-01 2.871758937835693359e-01 1.881303079826970542e-09 1.876805163919925690e-02 1.864824257791042328e-02 4.181722967899759169e-09 4.078390070105797349e-09 nan 1.874974742531776428e-02 2.649473826736547153e+02
4.302009046077728271e-01 2.908158004283905029e-01 1.880473925305205483e-09 1.841107942163944244e-02 1.829355210065841675e-02 4.000140663151796616e-09 3.901294398644949979e-09 nan 1.839312538504600525e-02 2.580823900655973375e+02
4.355854094028472900e-01 2.944557368755340576e-01 1.879655436356054805e-09 1.806987263262271881e-02 1.795482635498046875e-02 3.829555339507351164e-09 3.734924813869611171e-09 nan 1.805229485034942627e-02 2.516071102174158511e+02
4.409699141979217529e-01 2.980956733226776123e-01 1.878847353036435648e-09 1.774235256016254425e-02 1.762986928224563599e-02 3.668894299480029986e-09 3.578233487289139703e-09 nan 1.772516593337059021e-02 2.454618843584918579e+02
4.463544189929962158e-01 3.017355799674987793e-01 1.878049424887222573e-09 1.742545142769813538e-02 1.731548644602298737e-02 3.516967606032039839e-09 3.430060901976617060e-09 nan 1.740865036845207214e-02 2.395610046091734375e+02
4.517388939857482910e-01 3.053754866123199463e-01 1.877261397654174740e-09 1.711661741137504578e-02 1.700901985168457031e-02 3.372785606359229860e-09 3.289441830034434133e-09 nan 1.710017770528793335e-02 2.338348999401932531e+02
4.571233987808227539e-01 3.090154230594635010e-01 1.876483026309890802e-09 1.681444421410560608e-02 1.670899055898189545e-02 3.235656853561863500e-09 3.155701477908223751e-09 nan 1.679833419620990753e-02 2.282466070479200937e+02
4.625079035758972168e-01 3.126553297042846680e-01 1.875714093387305177e-09 1.651812717318534851e-02 1.641457714140415192e-02 3.105056878283107835e-09 3.028328698917448492e-09 nan 1.650230772793292999e-02 2.227761238015575032e+02
4.678924083709716797e-01 3.162952661514282227e-01 1.874954364165268396e-09 1.622715592384338379e-02 1.612529531121253967e-02 2.980552915587963980e-09 2.906901386268145870e-09 nan 1.621159352362155914e-02 2.174116184003255796e+02
4.732769131660461426e-01 3.199352025985717773e-01 1.874203630559428286e-09 1.594176888465881348e-02 1.584145240485668182e-02 2.861878289905916972e-09 2.791159303683343751e-09 nan 1.592644304037094116e-02 2.121613746603658797e+02
4.786614179611206055e-01 3.235751092433929443e-01 1.873461691551420399e-09 1.566310413181781769e-02 1.556425634771585464e-02 2.748938188190663823e-09 2.681010080607393320e-09 nan 1.564800366759300232e-02 2.070570719065741230e+02
4.840458929538726807e-01 3.272150158882141113e-01 1.872728340933758753e-09 1.539242919534444809e-02 1.529504358768463135e-02 2.641659557767184197e-09 2.576382218677508718e-09 nan 1.537755038589239120e-02 2.021328389831535048e+02
4.894303977489471436e-01 3.308549523353576660e-01 1.872003379495005729e-09 1.513029914349317551e-02 1.503441669046878815e-02 2.539847443472353916e-09 2.477086091801083967e-09 nan 1.511564943939447403e-02 1.974030299676336995e+02
4.948149025440216064e-01 3.344948589801788330e-01 1.871286632213937058e-09 1.487655751407146454e-02 1.478224061429500580e-02 2.443198310331240464e-09 2.382825270430544151e-09 nan 1.486214902251958847e-02 1.928631086565875421e+02
5.001994371414184570e-01 3.381348252296447754e-01 1.870577900826693527e-09 1.463087834417819977e-02 1.453817635774612427e-02 2.351398187272479845e-09 2.293293555055697652e-09 nan 1.461671479046344757e-02 1.885041784823336855e+02
5.055838823318481445e-01 3.417747020721435547e-01 1.869877039368293133e-09 1.439291238784790039e-02 1.430185139179229736e-02 2.264149090436262668e-09 2.208200511333302529e-09 nan 1.437900029122829437e-02 1.843167517757734117e+02
5.109683871269226074e-01 3.454146385192871094e-01 1.869183849789121820e-09 1.416199002414941788e-02 1.407255139201879501e-02 2.181121505628880186e-09 2.127224396630822412e-09 nan 1.414832565933465958e-02 1.802834337383263517e+02
5.163528919219970703e-01 3.490545451641082764e-01 1.868498185335105332e-09 1.393702346831560135e-02 1.384915877133607864e-02 2.101944618360107597e-09 2.050003944376044274e-09 nan 1.392360031604766846e-02 1.763764469361059071e+02
5.217373967170715332e-01 3.526944816112518311e-01 1.867819876059786520e-09 1.371702365577220917e-02 1.363064814358949661e-02 2.026286916034791830e-09 1.976215857624197270e-09 nan 1.370382681488990784e-02 1.725710383717442937e+02
5.271219015121459961e-01 3.563344180583953857e-01 1.867148773833358248e-09 1.350156310945749283e-02 1.341658830642700195e-02 1.953921691111304426e-09 1.905638757904171143e-09 nan 1.348858047276735306e-02 1.688570817147413266e+02
5.325064063072204590e-01 3.599743247032165527e-01 1.866484735032350672e-09 1.329063810408115387e-02 1.320697553455829620e-02 1.884695954856852040e-09 1.838123653286061199e-09 nan 1.327785663306713104e-02 1.652350468293050199e+02
5.378909111022949219e-01 3.636142611503601074e-01 1.865827604301946768e-09 1.308422442525625229e-02 1.300180144608020782e-02 1.818462713742974302e-09 1.773527213977388328e-09 nan 1.307163294404745102e-02 1.617047898934521015e+02
5.432754158973693848e-01 3.672541677951812744e-01 1.865177252290424566e-09 1.288224942982196808e-02 1.280101295560598373e-02 1.755075862419630539e-09 1.711706887341790662e-09 nan 1.286983862519264221e-02 1.582649531730661749e+02
5.486599206924438477e-01 3.708941042423248291e-01 1.864533532427482462e-09 1.268488261848688126e-02 1.260480657219886780e-02 1.694430817877901063e-09 1.652560310816397759e-09 nan 1.267264783382415771e-02 1.549200176019948856e+02
5.540444254875183105e-01 3.745340406894683838e-01 1.863896318172137942e-09 1.249250769615173340e-02 1.241358369588851929e-02 1.636454527442765539e-09 1.596016430127633612e-09 nan 1.248044986277818680e-02 1.516794766898192393e+02
5.594289302825927734e-01 3.781739473342895508e-01 1.863265486641235488e-09 1.230528578162193298e-02 1.222751475870609283e-02 1.581048403309637251e-09 1.541979544050775530e-09 nan 1.229340303689241409e-02 1.485471269196045512e+02
5.648134350776672363e-01 3.818138837814331055e-01 1.862640903204479876e-09 1.212295889854431152e-02 1.204634550958871841e-02 1.528065451950055831e-09 1.490305878704134557e-09 nan 1.211125310510396957e-02 1.455166310269135579e+02
5.701979398727416992e-01 3.854538202285766602e-01 1.862022452330667509e-09 1.194517221301794052e-02 1.186971273273229599e-02 1.477354460988067331e-09 1.440847996470040471e-09 nan 1.193364337086677551e-02 1.425793461973937326e+02
5.755824446678161621e-01 3.890937268733978271e-01 1.861410021730888845e-09 1.177174597978591919e-02 1.169743016362190247e-02 1.428794305091685146e-09 1.393487880640975618e-09 nan 1.176039315760135651e-02 1.397309417251821060e+02
5.809668898582458496e-01 3.927336037158966064e-01 1.860803497296447543e-09 1.160252373665571213e-02 1.152932550758123398e-02 1.382272962757724599e-09 1.348115952204409496e-09 nan 1.159134041517972946e-02 1.369676609057129895e+02
5.863513946533203125e-01 3.963735401630401611e-01 1.860202753428811389e-09 1.143713202327489853e-02 1.136501878499984741e-02 1.337659427669279921e-09 1.304604979601720061e-09 nan 1.142611447721719742e-02 1.342807450910170246e+02
5.917358994483947754e-01 4.000134766101837158e-01 1.859607692406273365e-09 1.127514336258172989e-02 1.120407506823539734e-02 1.294824136799377357e-09 1.262828064341192658e-09 nan 1.126428507268428802e-02 1.316602194897197649e+02
5.971204042434692383e-01 4.036533832550048828e-01 1.859018214291441706e-09 1.111638639122247696e-02 1.104632392525672913e-02 1.253673276302436079e-09 1.222694168134808024e-09 nan 1.110568176954984665e-02 1.291023118586377052e+02
6.025049090385437012e-01 4.072933197021484375e-01 1.858434207544148841e-09 1.096093002706766129e-02 1.089183706790208817e-02 1.214145561867496781e-09 1.184143116894631476e-09 nan 1.095037441700696945e-02 1.266087749240045923e+02
6.078894138336181641e-01 4.109332561492919922e-01 1.857855577876460681e-09 1.080878637731075287e-02 1.074063219130039215e-02 1.176175490336106577e-09 1.147111516885956917e-09 nan 1.079837419092655182e-02 1.241799758789267401e+02
6.132739186286926270e-01 4.145731627941131592e-01 1.857282233477322155e-09 1.065982412546873093e-02 1.059258356690406799e-02 1.139686123252658945e-09 1.111523761920807374e-09 nan 1.064955163747072220e-02 1.218130032505661120e+02
6.186584234237670898e-01 4.182130992412567139e-01 1.856714071034082293e-09 1.051398087292909622e-02 1.044763717800378799e-02 1.104610958257978837e-09 1.077315348041452125e-09 nan 1.050384435802698135e-02 1.195064878402501449e+02
6.240429282188415527e-01 4.218530058860778809e-01 1.856151008397507339e-09 1.037135813385248184e-02 1.030590105801820755e-02 1.070904365185754159e-09 1.044441533259998778e-09 nan 1.036135759204626083e-02 1.172627887855162498e+02
6.294274330139160156e-01 4.254929423332214355e-01 1.855592947277603754e-09 1.023201085627079010e-02 1.016742922365665436e-02 1.038517050133691555e-09 1.012854577986388449e-09 nan 1.022214442491531372e-02 1.150830971503596203e+02
6.556535363197326660e-01 4.432217776775360107e-01 1.852943630635520644e-09 9.594882838428020477e-03 9.534380398690700531e-03 8.975015730605662156e-10 8.753237024095028573e-10 nan 9.585639461874961853e-03 1.052633488437189726e+02
8.039034605026245117e-01 5.434387326240539551e-01 1.839770603253567837e-09 6.934914737939834595e-03 6.891194730997085571e-03 4.314970880603397063e-10 4.208345338874153185e-10 nan 6.928235758095979691e-03 6.694390038954807665e+01
9.932619333267211914e-01 6.714450716972351074e-01 1.826201010048688587e-09 4.925191402435302734e-03 4.894151352345943451e-03 2.007429222850021233e-10 1.957824180554013083e-10 nan 4.920449107885360718e-03 4.141139094763340722e+01
1.227223634719848633e+00 8.296031951904296875e-01 1.812731498599941669e-09 3.480744780972599983e-03 3.458813996985554695e-03 9.293293218304299330e-11 9.063649830665099216e-11 nan 3.477394348010420799e-03 2.536662975856244984e+01
1.516294717788696289e+00 1.025015234947204590e+00 1.799361337301671755e-09 2.449024701490998268e-03 2.433598041534423828e-03 4.283225510381960532e-11 4.177384133052797210e-11 nan 2.446667524054646492e-03 1.540102142029394372e+01
1.873456120491027832e+00 1.266456365585327148e+00 1.786089789356977996e-09 1.716164872050285339e-03 1.705357339233160019e-03 1.966152587962177734e-11 1.917567667153452504e-11 nan 1.714513753540813923e-03 9.275258299517075145e+00
2.314746379852294922e+00 1.564768552780151367e+00 1.772916133006574509e-09 1.198204117827117443e-03 1.190660172142088413e-03 8.992272204633167121e-12 8.770067137786607958e-12 nan 1.197051606141030788e-03 5.545164714451725096e+00
2.859982252120971680e+00 1.933347940444946289e+00 1.759839636962373426e-09 8.337764884345233440e-04 8.285282528959214687e-04 4.098913049255248353e-12 3.997626014939914540e-12 nan 8.329746196977794170e-04 3.293039303996346145e+00
3.533647537231445312e+00 2.388745784759521484e+00 1.746859588797865175e-09 5.784157547168433666e-04 5.747759714722633362e-04 1.862686871065277749e-12 1.816658368875012641e-12 nan 5.778596969321370125e-04 1.943670593072321706e+00
4.365993976593017578e+00 2.951411962509155273e+00 1.733975279535418463e-09 4.001417255494743586e-04 3.976246807724237442e-04 8.441008308990305409e-13 8.232425158238854124e-13 nan 3.997571475338190794e-04 1.140814186963714283e+00
5.394398689270019531e+00 3.646613597869873047e+00 1.721185999058096773e-09 2.761034120339900255e-04 2.743674849625676870e-04 3.815340784193294033e-13 3.721061273779385781e-13 nan 2.758381888270378113e-04 6.661554284338819798e-01
6.665042877197265625e+00 4.505568981170654297e+00 1.708491050912268841e-09 1.900642528198659420e-04 1.888701663119718432e-04 1.720456053013255660e-13 1.677942181900482499e-13 nan 1.898818154586479068e-04 3.871486296685423545e-01
8.234986305236816406e+00 5.566850662231445312e+00 1.695889732548296616e-09 1.305515470448881388e-04 1.297322014579549432e-04 7.741185215634840966e-14 7.549894005332360991e-14 nan 1.304263860220089555e-04 2.240194698140715313e-01
1.017472743988037109e+01 6.878115653991699219e+00 1.683381361073609185e-09 8.949243783717975020e-05 8.893165068002417684e-05 3.476121910391156977e-14 3.390223960396919478e-14 nan 8.940675616031512618e-05 1.291038438422580925e-01
1.257137203216552734e+01 8.498247146606445312e+00 1.670965250288532184e-09 6.123172352090477943e-05 6.084893539082258940e-05 1.558009533289984178e-14 1.519509514145023915e-14 nan 6.117324664955958724e-05 7.412492969835293710e-02
1.553254413604736328e+01 1.050000000000000000e+01 1.658640709094829109e-09 4.182244447292760015e-05 4.156191425863653421e-05 6.970924031291176118e-15 6.798664634873963566e-15 nan 4.178264134679920971e-05 4.241065227197958476e-02
