# k/h [h/Mpc]            k [1/Mpc]              Primoridal             T_cdm(k)                 T_bar(k)                 T_phot(k)                T_massless neutrions(k)  T_massive neutrinos(k)   T_total(k)               Linear Pk [(Mpc/h)^3]  
1.049045658874092624e-05 7.091548468451946974e-06 2.727206404909961128e-09 1.000000000000000000e+00 1.000000000000000000e+00 1.000000000000000000e+00 1.000000000000000000e+00 nan 1.000000000000000000e+00 1.831981420999874643e+01
1.158353370556142181e-05 7.830468348402064294e-06 2.717761705682844603e-09 9.999997615814208984e-01 9.999997019767761230e-01 9.999325871467590332e-01 9.999306797981262207e-01 nan 9.999997019767761230e-01 2.015862562638488598e+01
1.279050593439023942e-05 8.646382411825470626e-06 2.708349706436794825e-09 9.999994635581970215e-01 9.999993443489074707e-01 9.998502135276794434e-01 9.998461604118347168e-01 nan 9.999994635581970215e-01 2.218199800486739903e+01
1.412324218108551577e-05 9.547311492497101426e-06 2.698970312856197758e-09 9.999990463256835938e-01 9.999989867210388184e-01 9.997498989105224609e-01 9.997431635856628418e-01 nan 9.999990463256835938e-01 2.440846017221778652e+01
1.559484553581569344e-05 1.054211588780162856e-05 2.689623392481895528e-09 9.999985694885253906e-01 9.999984502792358398e-01 9.996275901794433594e-01 9.996174573898315430e-01 nan 9.999985694885253906e-01 2.685839137599162285e+01
1.721978514979127795e-05 1.164057448477251455e-05 2.680308856040028027e-09 9.999979734420776367e-01 9.999978542327880859e-01 9.994784593582153320e-01 9.994643330574035645e-01 nan 9.999979138374328613e-01 2.955421989039193420e+01
1.901403993542771786e-05 1.285349117097212002e-05 2.671026563908324178e-09 9.999972581863403320e-01 9.999971985816955566e-01 9.992966055870056152e-01 9.992775917053222656e-01 nan 9.999972581863403320e-01 3.252062849331525740e+01
2.099525045196060091e-05 1.419278942194068804e-05 2.661776424936157355e-09 9.999963641166687012e-01 9.999962449073791504e-01 9.990749955177307129e-01 9.990500211715698242e-01 nan 9.999963641166687012e-01 3.578476789290596827e+01
2.318289807590190321e-05 1.567163963045459241e-05 2.652558315858844083e-09 9.999952912330627441e-01 9.999951124191284180e-01 9.988048076629638672e-01 9.987725615501403809e-01 nan 9.999952912330627441e-01 3.937651282321749591e+01
2.559849235694855452e-05 1.730458097881637514e-05 2.643372135990062650e-09 9.999939799308776855e-01 9.999938011169433594e-01 9.984755516052246094e-01 9.984344840049743652e-01 nan 9.999939203262329102e-01 4.332874955441059228e+01
2.826578383974265307e-05 1.910767059598583728e-05 2.634217767634683471e-09 9.999924302101135254e-01 9.999921917915344238e-01 9.980741143226623535e-01 9.980222582817077637e-01 nan 9.999923110008239746e-01 4.767765154234061242e+01
3.121100235148333013e-05 2.109863817167934030e-05 2.625095097817206075e-09 9.999904632568359375e-01 9.999902248382568359e-01 9.975849986076354980e-01 9.975199699401855469e-01 nan 9.999903440475463867e-01 5.246300574149846341e+01
3.446310074650682509e-05 2.329705603187903762e-05 2.616004033478672110e-09 9.999880194664001465e-01 9.999877810478210449e-01 9.969888925552368164e-01 9.969078898429870605e-01 nan 9.999880194664001465e-01 5.772860448962543245e+01
3.805406231549568474e-05 2.572454650362487882e-05 2.606944439452153756e-09 9.999851584434509277e-01 9.999848604202270508e-01 9.962626099586486816e-01 9.961620569229125977e-01 nan 9.999851584434509277e-01 6.352265109479598237e+01
4.201919000479392707e-05 2.840497290890198201e-05 2.597916226597658093e-09 9.999816417694091797e-01 9.999812245368957520e-01 9.953777194023132324e-01 9.952533245086669922e-01 nan 9.999815225601196289e-01 6.989812686773743167e+01
4.639747567125596106e-05 3.136469240416772664e-05 2.588919279439887767e-09 9.999773502349853516e-01 9.999768733978271484e-01 9.942998886108398438e-01 9.941465854644775391e-01 nan 9.999772906303405762e-01 7.691337604923371885e+01
5.123196388012729585e-05 3.463280881987884641e-05 2.579953483847589841e-09 9.999721646308898926e-01 9.999715089797973633e-01 9.929870367050170898e-01 9.927985668182373047e-01 nan 9.999721050262451172e-01 8.463254294643513731e+01
5.657019573845900595e-05 3.824145096587017179e-05 2.571018745591721348e-09 9.999658465385437012e-01 9.999649524688720703e-01 9.913887381553649902e-01 9.911574125289916992e-01 nan 9.999656677246093750e-01 9.312621368720762405e+01
6.246465636650100350e-05 4.222610732540488243e-05 2.562114941593048984e-09 9.999580383300781250e-01 9.999570846557617188e-01 9.894433021545410156e-01 9.891598224639892578e-01 nan 9.999578595161437988e-01 1.024719933191798873e+02
6.897329876665025949e-05 4.662595165427774191e-05 2.553241977543412439e-09 9.999485611915588379e-01 9.999473690986633301e-01 9.870761632919311523e-01 9.867294430732727051e-01 nan 9.999483227729797363e-01 1.127553052584112692e+02
7.616012590005993843e-05 5.148424679646268487e-05 2.544399743325443185e-09 9.999369978904724121e-01 9.999356269836425781e-01 9.841974377632141113e-01 9.837736487388610840e-01 nan 9.999367594718933105e-01 1.240700534665979831e+02
8.409580186707898974e-05 5.684876305167563260e-05 2.535588130685252624e-09 9.999229907989501953e-01 9.999212026596069336e-01 9.806982278823852539e-01 9.801811575889587402e-01 nan 9.999226331710815430e-01 1.365195355376170028e+02
9.285835403716191649e-05 6.277224747464060783e-05 2.526807033334104165e-09 9.999058842658996582e-01 9.999037384986877441e-01 9.764478206634521484e-01 9.758176803588867188e-01 nan 9.999054670333862305e-01 1.502173200931224812e+02
1.025339443003758788e-04 6.931294774403795600e-05 2.518056339675267213e-09 9.998850226402282715e-01 9.998824000358581543e-01 9.712890982627868652e-01 9.705221652984619141e-01 nan 9.998845458030700684e-01 1.652882201396514574e+02
1.132176985265687108e-04 7.653516513528302312e-05 2.509335958204897443e-09 9.998595714569091797e-01 9.998564124107360840e-01 9.650344252586364746e-01 9.641021490097045898e-01 nan 9.998590946197509766e-01 1.818694823427985625e+02
1.250146742677316070e-04 8.450992027064785361e-05 2.500645773867358897e-09 9.998286366462707520e-01 9.998247623443603516e-01 9.574602246284484863e-01 9.563285112380981445e-01 nan 9.998280405998229980e-01 2.001119315474928158e+02
1.380408502882346511e-04 9.331561159342527390e-05 2.491985695624705562e-09 9.997909069061279297e-01 9.997861981391906738e-01 9.483018517494201660e-01 9.469303488731384277e-01 nan 9.997901320457458496e-01 2.201811989770323805e+02
1.524243270978331566e-04 1.030388448270969093e-04 2.483355596498544299e-09 9.997449517250061035e-01 9.997393488883972168e-01 9.372483491897583008e-01 9.355891346931457520e-01 nan 9.997440576553344727e-01 2.422592262707554482e+02
1.683065347606316209e-04 1.137752187787555158e-04 2.474755379885282393e-09 9.996891021728515625e-01 9.996821880340576172e-01 9.239373207092285156e-01 9.219344258308410645e-01 nan 9.996879696846008301e-01 2.665458083001634009e+02
1.858436153270304203e-04 1.256302784895524383e-04 2.466184957973141175e-09 9.996211528778076172e-01 9.996128082275390625e-01 9.079518318176269531e-01 9.055401682853698730e-01 nan 9.996198415756225586e-01 2.932600097102131258e+02
2.052080089924857020e-04 1.387206139042973518e-04 2.457644209414643305e-09 9.995384812355041504e-01 9.995282888412475586e-01 8.888186812400817871e-01 8.859236836433410645e-01 nan 9.995368719100952148e-01 3.226421097748300326e+02
2.265901130158454180e-04 1.531749148853123188e-04 2.449133045395065615e-09 9.994380474090576172e-01 9.994257688522338867e-01 8.660121560096740723e-01 8.625496029853820801e-01 nan 9.994361996650695801e-01 3.549553948081947397e+02
2.502001880202442408e-04 1.691353245405480266e-04 2.440651351248999153e-09 9.993160963058471680e-01 9.993012547492980957e-01 8.389638662338256836e-01 8.348408341407775879e-01 nan 9.993138313293457031e-01 3.904881224355527820e+02
2.762703516054898500e-04 1.867587561719119549e-04 2.432199034655000626e-09 9.991681575775146484e-01 9.991501569747924805e-01 8.070828914642333984e-01 8.021998405456542969e-01 nan 9.991654157638549805e-01 4.295554422448930154e+02
3.050569503102451563e-04 2.062184939859434962e-04 2.423775992290330563e-09 9.989887475967407227e-01 9.989670515060424805e-01 7.697908282279968262e-01 7.640454769134521484e-01 nan 9.989853501319885254e-01 4.725015902655222817e+02
3.368430479895323515e-04 2.277058956678956747e-04 2.415382114947829304e-09 9.987716078758239746e-01 9.987456202507019043e-01 7.265766859054565430e-01 7.198709845542907715e-01 nan 9.987675547599792480e-01 5.197021524341259919e+02
3.719411906786262989e-04 2.514322404749691486e-04 2.407017301830847028e-09 9.985090494155883789e-01 9.984778761863708496e-01 6.770773530006408691e-01 6.693270206451416016e-01 nan 9.985042810440063477e-01 5.715657312331341018e+02
4.106964333914220333e-04 2.776307810563594103e-04 2.398681465071051552e-09 9.981922507286071777e-01 9.981550574302673340e-01 6.211867332458496094e-01 6.123365163803100586e-01 nan 9.981865882873535156e-01 6.285366076116126806e+02
4.534898616839200258e-04 3.065591445192694664e-04 2.390374494355455649e-09 9.978107810020446777e-01 9.977664947509765625e-01 5.591970086097717285e-01 5.492393374443054199e-01 nan 9.978040456771850586e-01 6.910963430335199291e+02
5.007422878406941891e-04 3.385017917025834322e-04 2.382096284987275655e-09 9.973524808883666992e-01 9.973001480102539062e-01 4.919601380825042725e-01 4.809588789939880371e-01 nan 9.973444342613220215e-01 7.597655224954341975e+02
5.529182380996644497e-04 3.737727238330990076e-04 2.373846756225058361e-09 9.968033432960510254e-01 9.967418313026428223e-01 4.210502803325653076e-01 4.091665148735046387e-01 nan 9.967939853668212891e-01 8.351053035284307953e+02
6.105307838879525661e-04 4.127188003621995449e-04 2.365625794166928840e-09 9.961476922035217285e-01 9.960758090019226074e-01 3.488790392875671387e-01 3.363943397998809814e-01 nan 9.961366057395935059e-01 9.177190445466493429e+02
6.741464603692293167e-04 4.557229985948652029e-04 2.357433293568910220e-09 9.953674077987670898e-01 9.952843189239501953e-01 2.786898910999298096e-01 2.660191953182220459e-01 nan 9.953546524047851562e-01 1.008252206521619541e+03
7.443906506523489952e-04 5.032080807723104954e-04 2.349269171114912410e-09 9.944428205490112305e-01 9.943478107452392578e-01 2.143304347991943359e-01 2.020119279623031616e-01 nan 9.944282174110412598e-01 1.107393529196716145e+03
8.219541050493717194e-04 5.556409596465528011e-04 2.341133324843220307e-09 9.933519363403320312e-01 9.932445883750915527e-01 1.597005724906921387e-01 1.483497619628906250e-01 nan 9.933354854583740234e-01 1.215874390623788258e+03
9.075994603335857391e-04 6.135372095741331577e-04 2.333025652639057309e-09 9.920709729194641113e-01 9.919512271881103516e-01 1.178396865725517273e-01 1.080582812428474426e-01 nan 9.920526742935180664e-01 1.334467224106431331e+03
1.002168864943087101e-03 6.774661596864461899e-04 2.324946049885245546e-09 9.905739426612854004e-01 9.904425740242004395e-01 8.979039639234542847e-02 8.203667402267456055e-02 nan 9.905538558959960938e-01 1.463983947241509213e+03
1.106592128053307533e-03 7.480562780983746052e-04 2.316894434325377400e-09 9.888328313827514648e-01 9.886909723281860352e-01 7.367470115423202515e-02 6.812949478626251221e-02 nan 9.888110756874084473e-01 1.605270720654915522e+03
1.221895916387438774e-03 8.260016329586505890e-04 2.308870708568745277e-09 9.868165850639343262e-01 9.866664409637451172e-01 6.472467631101608276e-02 6.121766194701194763e-02 nan 9.867936968803405762e-01 1.759200597082646937e+03
1.349214115180075169e-03 9.120687609538435936e-04 2.300874762407135126e-09 9.844916462898254395e-01 9.843353629112243652e-01 5.698001757264137268e-02 5.504505708813667297e-02 nan 9.844678044319152832e-01 1.926666749389347615e+03
1.489798538386821747e-03 1.007103826850652695e-03 2.292906509188567727e-09 9.818202853202819824e-01 9.816601276397705078e-01 4.649649560451507568e-02 4.556334763765335083e-02 nan 9.817957878112792969e-01 2.108562916811036757e+03
1.645031501539051533e-03 1.112041296437382698e-03 2.284965850418265676e-09 9.787606596946716309e-01 9.785984158515930176e-01 3.410737961530685425e-02 3.371308743953704834e-02 nan 9.787359833717346191e-01 2.305768161062508170e+03
1.816439209505915642e-03 1.227912958711385727e-03 2.277052691606405739e-09 9.752671718597412109e-01 9.751035571098327637e-01 2.447952143847942352e-02 2.431534416973590851e-02 nan 9.752421975135803223e-01 2.519125679343757838e+03
2.005707239732146263e-03 1.355858054012060165e-03 2.269166941709029953e-09 9.712901711463928223e-01 9.711243510246276855e-01 2.053698338568210602e-02 2.032315358519554138e-02 nan 9.712648391723632812e-01 2.749417407517202719e+03
2.214696491137146950e-03 1.497134799137711525e-03 2.261308494449764354e-09 9.667767286300659180e-01 9.666062593460083008e-01 1.901837997138500214e-02 1.446461491286754608e-02 nan 9.667507410049438477e-01 2.997333525450019351e+03
2.445461694151163101e-03 1.653132145293056965e-03 2.253477264686429142e-09 9.616703987121582031e-01 9.614915847778320312e-01 1.516311522573232651e-02 1.180152036249637604e-02 nan 9.616430401802062988e-01 3.263436699499226961e+03
2.700272016227245331e-03 1.825383864343166351e-03 2.245673160886940457e-09 9.559108614921569824e-01 9.557201266288757324e-01 1.087276078760623932e-02 9.621814824640750885e-03 nan 9.558817148208618164e-01 3.548113464343271062e+03
2.981632947921752930e-03 2.015583915635943413e-03 2.237896076485985185e-09 9.494353532791137695e-01 9.492296576499938965e-01 9.518403559923171997e-03 7.838393561542034149e-03 nan 9.494040012359619141e-01 3.851532897466139275e+03
3.292310982942581177e-03 2.225602278485894203e-03 2.230145925871712440e-09 9.421786069869995117e-01 9.419559836387634277e-01 7.693682331591844559e-03 6.379906088113784790e-03 nan 9.421445727348327637e-01 4.173585313659248641e+03
3.635360859334468842e-03 2.457503927871584892e-03 2.222422616889744185e-09 9.340726733207702637e-01 9.338313937187194824e-01 5.738375708460807800e-03 5.187752190977334976e-03 nan 9.340358376502990723e-01 4.513819353811175461e+03
4.014155361801385880e-03 2.713568974286317825e-03 2.214726058195065524e-09 9.250477552413940430e-01 9.247847199440002441e-01 5.425499752163887024e-03 4.213826730847358704e-03 nan 9.250076413154602051e-01 4.871370978486041167e+03
4.432419314980506897e-03 2.996315481141209602e-03 2.207056148657132701e-09 9.150329232215881348e-01 9.147419929504394531e-01 3.762140870094299316e-03 3.418708918616175652e-03 nan 9.149884581565856934e-01 5.244889439686811784e+03
4.894265439361333847e-03 3.308523446321487427e-03 2.199412800139309644e-09 9.039557576179504395e-01 9.036301970481872559e-01 3.212436567991971970e-03 2.770018996670842171e-03 nan 9.039060473442077637e-01 5.632449576970119779e+03
5.404234398156404495e-03 3.653262509033083916e-03 2.191795924301313793e-09 8.917441368103027344e-01 8.913776874542236328e-01 2.439029747620224953e-03 2.241220092400908470e-03 nan 8.916881680488586426e-01 6.031474263100040844e+03
5.967340432107448578e-03 4.033922217786312103e-03 2.184205430909534259e-09 8.783255815505981445e-01 8.779107332229614258e-01 1.896486617624759674e-03 1.810534158721566200e-03 nan 8.782622218132019043e-01 6.438638974278241221e+03
6.589121185243129730e-03 4.454245790839195251e-03 2.176641221197925960e-09 8.636274337768554688e-01 8.631538152694702148e-01 1.662938622757792473e-03 1.460099825635552406e-03 nan 8.635550737380981445e-01 6.849768477206345779e+03
7.275689393281936646e-03 4.918366204947233200e-03 2.169103203027300791e-09 8.475776910781860352e-01 8.470335602760314941e-01 1.397244865074753761e-03 1.175272744148969650e-03 nan 8.474945425987243652e-01 7.259756761954176909e+03
8.033796213567256927e-03 5.430846009403467178e-03 2.161591299930936394e-09 8.301046490669250488e-01 8.294772505760192871e-01 1.091186772100627422e-03 9.440460707992315292e-04 nan 8.300088644027709961e-01 7.662469934109334645e+03
8.870895951986312866e-03 5.996725521981716156e-03 2.154105401952956366e-09 8.111369013786315918e-01 8.104099035263061523e-01 8.026903960853815079e-04 7.565774722024798393e-04 nan 8.110258579254150391e-01 8.050659582780254823e+03
9.795218706130981445e-03 6.621567998081445694e-03 2.146645430474833453e-09 7.906048297882080078e-01 7.897607088088989258e-01 7.333860266953706741e-04 6.048043142072856426e-04 nan 7.904758453369140625e-01 8.415929065526737759e+03
1.081585418432950974e-02 7.311517372727394104e-03 2.139211293795359687e-09 7.684394717216491699e-01 7.674576640129089355e-01 5.392452003434300423e-04 4.821235488634556532e-04 nan 7.682894468307495117e-01 8.748679338798956451e+03
1.194283645600080490e-02 8.073357865214347839e-03 2.131802900090153706e-09 7.445750832557678223e-01 7.434330582618713379e-01 4.582228139042854309e-04 3.831307112704962492e-04 nan 7.444006204605102539e-01 9.038163606375299423e+03
1.318724639713764191e-02 8.914578706026077271e-03 2.124420174276236449e-09 7.189527750015258789e-01 7.176253795623779297e-01 3.080706810578703880e-04 3.034061519429087639e-04 nan 7.187499403953552246e-01 9.272652204107367652e+03
1.456132158637046814e-02 9.843453764915466309e-03 2.117063005254935590e-09 6.915239691734313965e-01 6.899851560592651367e-01 2.844331902451813221e-04 2.393381437286734581e-04 nan 6.912888884544372559e-01 9.439689703795187597e+03
1.607857085764408112e-02 1.086911372840404510e-02 2.109731324472420402e-09 6.622600555419921875e-01 6.604831218719482422e-01 2.290490083396434784e-04 1.879785413620993495e-04 nan 6.619886159896850586e-01 9.526654661885131645e+03
1.775391399860382080e-02 1.200164575129747391e-02 2.102425026951150955e-09 6.311643123626708984e-01 6.291241049766540527e-01 1.555678172735497355e-04 1.469232956878840923e-04 nan 6.308526396751403809e-01 9.521561290436726267e+03
1.960382424294948578e-02 1.325218472629785538e-02 2.095144031049849183e-09 5.982893705368041992e-01 5.959649085998535156e-01 1.196705343318171799e-04 1.142143373726867139e-04 nan 5.979342460632324219e-01 9.414255220152719630e+03
2.164648845791816711e-02 1.463302597403526306e-02 2.087888252770266929e-09 5.637614130973815918e-01 5.611396431922912598e-01 8.420574158662930131e-05 8.825875556794926524e-05 nan 5.633608698844909668e-01 9.198014429332770305e+03
2.390199340879917145e-02 1.615774817764759064e-02 2.080657597354892904e-09 5.278089642524719238e-01 5.248897671699523926e-01 7.697684486629441381e-05 6.776168447686359286e-05 nan 5.273629426956176758e-01 8.871498211365302268e+03
2.639251388609409332e-02 1.784133911132812500e-02 2.073451995948668221e-09 4.907958209514617920e-01 4.875979125499725342e-01 5.889728709007613361e-05 5.167090057511813939e-05 nan 4.903072416782379150e-01 8.440829149362885801e+03
2.914254181087017059e-02 1.970035769045352936e-02 2.066271340052806293e-09 4.532509148120880127e-01 4.498184919357299805e-01 3.782400381169281900e-05 3.913060936611145735e-05 nan 4.527265131473541260e-01 7.921379384553091768e+03
3.217911347746849060e-02 2.175308018922805786e-02 2.059115554147728899e-09 4.158850312232971191e-01 4.122936725616455078e-01 3.080839451286010444e-05 2.944310836028307676e-05 nan 4.153363704681396484e-01 7.338546598679787166e+03
3.553209081292152405e-02 2.401969395577907562e-02 2.051984539888671147e-09 3.795764744281768799e-01 3.759363889694213867e-01 2.327566289750393480e-05 2.203688018198590726e-05 nan 3.790203928947448730e-01 6.726700856672654481e+03
3.923443704843521118e-02 2.652247995138168335e-02 2.044878229365854235e-09 3.453045189380645752e-01 3.417581319808959961e-01 1.791768954717554152e-05 1.644042458792682737e-05 nan 3.447627127170562744e-01 6.125592344650922314e+03
4.332255572080612183e-02 2.928604744374752045e-02 2.037796533657790378e-09 3.140072822570800781e-01 3.107172250747680664e-01 1.285292091779410839e-05 1.226151744049275294e-05 nan 3.135046362876892090e-01 5.573948728282027332e+03
4.765481501817703247e-02 3.221465647220611572e-02 2.031010053452367756e-09 2.872704267501831055e-01 2.843761444091796875e-01 9.500689884589519352e-06 9.271290764445438981e-06 nan 2.868282496929168701e-01 5.114573097757643154e+03
5.198707059025764465e-02 3.514325991272926331e-02 2.024834231214258902e-09 2.661180794239044189e-01 2.636823356151580811e-01 7.396532510028919205e-06 7.217938218673225492e-06 nan 2.657459378242492676e-01 4.773558830827081692e+03
5.631932616233825684e-02 3.807186335325241089e-02 2.019169610001785353e-09 2.488330900669097900e-01 2.468523979187011719e-01 5.894177320442395285e-06 5.751856406277511269e-06 nan 2.485304623842239380e-01 4.508740022601356031e+03
6.065158173441886902e-02 4.100047051906585693e-02 2.013939112582009273e-09 2.342055141925811768e-01 2.326207160949707031e-01 4.784402335644699633e-06 4.668877863878151402e-06 nan 2.339633703231811523e-01 4.290336910832854301e+03
6.498383730649948120e-02 4.392907395958900452e-02 2.009081821590703985e-09 2.211041301488876343e-01 2.198185771703720093e-01 3.935213953809579834e-06 3.840193130599800497e-06 nan 2.209077328443527222e-01 4.087006896029090058e+03
6.931609660387039185e-02 4.685768112540245056e-02 2.004548729015451583e-09 2.087011784315109253e-01 2.076015323400497437e-01 3.264954330006730743e-06 3.186117282893974334e-06 nan 2.085331678390502930e-01 3.875334855209594934e+03
7.364834845066070557e-02 4.978628456592559814e-02 2.000299865353250301e-09 1.965125203132629395e-01 1.954892873764038086e-01 2.723254510783590376e-06 2.657497589098056778e-06 nan 1.963561922311782837e-01 3.642900114066488186e+03
7.798060774803161621e-02 5.271489173173904419e-02 1.996302173696350216e-09 1.844102442264556885e-01 1.833746880292892456e-01 2.279324462506338023e-06 2.224287300123251043e-06 nan 1.842520534992218018e-01 3.389937730146804824e+03
8.231285959482192993e-02 5.564349144697189331e-02 1.992528044667567094e-09 1.725317090749740601e-01 1.714265346527099609e-01 1.913688038257532753e-06 1.867479795691906475e-06 nan 1.723628789186477661e-01 3.126213902947555653e+03
8.664511889219284058e-02 5.857209861278533936e-02 1.988954134422163219e-09 1.611463874578475952e-01 1.599497646093368530e-01 1.612861638022877742e-06 1.573917529640311841e-06 nan 1.609635800123214722e-01 2.865621026031841211e+03
9.097737073898315430e-02 6.150070205330848694e-02 1.985560585482697045e-09 1.505366265773773193e-01 1.492593139410018921e-01 1.366358674204093404e-06 1.333366981270955876e-06 nan 1.503414809703826904e-01 2.621256559878152984e+03
9.636187553405761719e-02 6.514062732458114624e-02 1.981568674123380254e-09 1.388120651245117188e-01 1.374858319759368896e-01 1.122872390624252148e-06 1.095760012503887992e-06 nan 1.386094391345977783e-01 2.356011689947921695e+03
1.017463728785514832e-01 6.878054887056350708e-02 1.977801256732118934e-09 1.290332227945327759e-01 1.277359873056411743e-01 9.361437491861579474e-07 9.135402478932519443e-07 nan 1.288350224494934082e-01 2.145425117228691306e+03
1.071308776736259460e-01 7.242047041654586792e-02 1.974234781265857972e-09 1.212495192885398865e-01 1.200561821460723877e-01 7.934974632917146664e-07 7.743380479041661602e-07 nan 1.210672110319137573e-01 1.991050115031210908e+03
1.125153750181198120e-01 7.606039196252822876e-02 1.970849203820953451e-09 1.151242703199386597e-01 1.140855103731155396e-01 6.831198788859182969e-07 6.666255103482399136e-07 nan 1.149655655026435852e-01 1.881948547387909684e+03
1.178998723626136780e-01 7.970031350851058960e-02 1.967627323526894450e-09 1.100921481847763062e-01 1.092235445976257324e-01 5.950650461272743996e-07 5.806966214549902361e-07 nan 1.099594384431838989e-01 1.800435462769701871e+03
1.232843771576881409e-01 8.334024250507354736e-02 1.964554264128985100e-09 1.055922061204910278e-01 1.048746630549430847e-01 5.220696834840055089e-07 5.094636890135006979e-07 nan 1.054825782775878906e-01 1.729197221731275931e+03
1.286688745021820068e-01 8.698015660047531128e-02 1.961617102724775952e-09 1.011889800429344177e-01 1.005784794688224792e-01 4.593595974711206509e-07 4.482677695705206133e-07 nan 1.010957136750221252e-01 1.654866193395073651e+03
1.340533792972564697e-01 9.062008559703826904e-02 1.958804483640675406e-09 9.661471843719482422e-02 9.605699777603149414e-02 4.040847443320672028e-07 3.943275714846095070e-07 nan 9.652952104806900024e-02 1.569510179730627215e+03
1.394378840923309326e-01 9.426000714302062988e-02 1.956106446915437174e-09 9.180072695016860962e-02 9.124638140201568604e-02 3.548540803421929013e-07 3.462856739133712836e-07 nan 9.171603620052337646e-02 1.471886116733686549e+03
1.448223739862442017e-01 9.789992123842239380e-02 1.953514161287429418e-09 8.685979992151260376e-02 8.627561479806900024e-02 3.112170645636069821e-07 3.037023645902081626e-07 nan 8.677054941654205322e-02 1.366779880949298786e+03
1.502068787813186646e-01 1.015398502349853516e-01 1.951019758654691563e-09 8.200629800558090210e-02 8.138056099414825439e-02 2.730982089360622922e-07 2.665040028659859672e-07 nan 8.191069960594177246e-02 1.261986097661721260e+03
1.555913835763931274e-01 1.051797717809677124e-01 1.948616241255242070e-09 7.747652381658554077e-02 7.681796699762344360e-02 2.404298982128239004e-07 2.346245508988431538e-07 nan 7.737590372562408447e-02 1.165361804787478150e+03
1.609758734703063965e-01 1.088196933269500732e-01 1.946297314463125787e-09 7.347162067890167236e-02 7.280331104993820190e-02 2.129831813135751872e-07 2.078405856309473165e-07 nan 7.336951792240142822e-02 1.082973642103134580e+03
1.663603782653808594e-01 1.124596148729324341e-01 1.944057316713681798e-09 7.009758800268173218e-02 6.944811344146728516e-02 1.902562587474676548e-07 1.856624152196673094e-07 nan 6.999836117029190063e-02 1.017592319719949842e+03
1.717448830604553223e-01 1.160995438694953918e-01 1.941891129256332855e-09 6.732599437236785889e-02 6.672073900699615479e-02 1.714631849836223410e-07 1.673230940468783956e-07 nan 6.723352521657943726e-02 9.680169079822170488e+02
1.771293878555297852e-01 1.197394654154777527e-01 1.939794125595426991e-09 6.502079218626022339e-02 6.447546929121017456e-02 1.556933284518891014e-07 1.519339747346748482e-07 nan 6.493747979402542114e-02 9.301639412896921613e+02
1.825138777494430542e-01 1.233793795108795166e-01 1.937762091126241291e-09 6.300441175699234009e-02 6.252226233482360840e-02 1.421119151245875400e-07 1.386804768799265730e-07 nan 6.293074786663055420e-02 8.989735911090866693e+02
1.878983825445175171e-01 1.270193010568618774e-01 1.935791175107242678e-09 6.110451370477676392e-02 6.067714840173721313e-02 1.300545022786536720e-07 1.269141876036883332e-07 nan 6.103922426700592041e-02 8.696346359933708072e+02
1.932828873395919800e-01 1.306592375040054321e-01 1.933877861004656685e-09 5.917970463633537292e-02 5.879079923033714294e-02 1.190457865618554933e-07 1.161712859243380080e-07 nan 5.912028998136520386e-02 8.382561149011438602e+02
1.986673772335052490e-01 1.342991441488265991e-01 1.932018951816384183e-09 5.714900419116020203e-02 5.677944049239158630e-02 1.088154988337919349e-07 1.061880183783614484e-07 nan 5.709254369139671326e-02 8.027197967557888205e+02
2.040518820285797119e-01 1.379390656948089600e-01 1.930211465507478933e-09 5.501051992177963257e-02 5.464341863989830017e-02 9.928525201985394233e-08 9.688789504025407950e-08 nan 5.495443195104598999e-02 7.632128739920771068e+02
2.094363868236541748e-01 1.415790021419525146e-01 1.928452677645768952e-09 5.282451212406158447e-02 5.244895443320274353e-02 9.049409044337153318e-08 8.830901521150735789e-08 nan 5.276713520288467407e-02 7.216735883554467819e+02
2.148208767175674438e-01 1.452189087867736816e-01 1.926740094380007882e-09 5.067775025963783264e-02 5.029031261801719666e-02 8.251162597616712446e-08 8.051929967223259155e-08 nan 5.061856284737586975e-02 6.806799088902673702e+02
2.202053815126419067e-01 1.488588303327560425e-01 1.925071368159055733e-09 4.865689948201179504e-02 4.826110973954200745e-02 7.538840662846268970e-08 7.356808851000096183e-08 nan 4.859643056988716125e-02 6.426467550854888486e+02
2.255898863077163696e-01 1.524987667798995972e-01 1.923444343781293656e-09 4.683002084493637085e-02 4.643416777253150940e-02 6.913192152069314034e-08 6.746267899870872498e-08 nan 4.676954448223114014e-02 6.093357638001203895e+02
2.309743911027908325e-01 1.561386883258819580e-01 1.921857033120720865e-09 4.522860795259475708e-02 4.484270513057708740e-02 6.369035077113949228e-08 6.215250181185183465e-08 nan 4.516965150833129883e-02 5.814602403781451585e+02
2.363588809967041016e-01 1.597786098718643188e-01 1.920307567935778733e-09 4.384114220738410950e-02 4.347400367259979248e-02 5.895729415783534932e-08 5.753372178673998860e-08 nan 4.378505423665046692e-02 5.586182515970648410e+02
2.417433857917785645e-01 1.634185314178466797e-01 1.918794213956308179e-09 4.262476041913032532e-02 4.228181764483451843e-02 5.479940767827429227e-08 5.347622433760079730e-08 nan 4.257236793637275696e-02 5.396542552361829621e+02
2.471278905868530273e-01 1.670584529638290405e-01 1.917315352832477265e-09 4.152105003595352173e-02 4.120342433452606201e-02 5.108297074229994905e-08 4.984952539643927594e-08 nan 4.147252440452575684e-02 5.230710292343657102e+02
2.525123953819274902e-01 1.706983745098114014e-01 1.915869472055197894e-09 4.046695679426193237e-02 4.017173871397972107e-02 4.768827821521881560e-08 4.653680107935542765e-08 nan 4.042185097932815552e-02 5.072924171412068404e+02
2.578969001770019531e-01 1.743383109569549561e-01 1.914455150219987163e-09 3.940824046730995178e-02 3.912977501749992371e-02 4.452332547089099535e-08 4.344826010083124856e-08 nan 3.936569765210151672e-02 4.909916661658060661e+02
2.632813751697540283e-01 1.779782027006149292e-01 1.913071083197014340e-09 3.831648081541061401e-02 3.804808109998703003e-02 4.153767818593223637e-08 4.053470448184270936e-08 nan 3.827547281980514526e-02 4.735121809949472436e+02
2.686658799648284912e-01 1.816181391477584839e-01 1.911715991580206360e-09 3.719450905919075012e-02 3.693019598722457886e-02 3.872071374644292518e-08 3.778576029844771256e-08 nan 3.715412691235542297e-02 4.549903681661472206e+02
2.740503847599029541e-01 1.852580606937408447e-01 1.910388727493893778e-09 3.606479614973068237e-02 3.580055758357048035e-02 3.608248633213406720e-08 3.521123659311342635e-08 nan 3.602442890405654907e-02 4.360415234345725821e+02
2.794348895549774170e-01 1.888979822397232056e-01 1.909088184011114833e-09 3.495518118143081665e-02 3.468956053256988525e-02 3.363602374406582385e-08 3.282385208080995653e-08 nan 3.491459786891937256e-02 4.173865109593187981e+02
2.848193943500518799e-01 1.925379037857055664e-01 1.907813323590368924e-09 3.389357402920722961e-02 3.362752497196197510e-02 3.139169990618029260e-08 3.063371778466716933e-08 nan 3.385292738676071167e-02 3.997134982786066075e+02
2.902038991451263428e-01 1.961778402328491211e-01 1.906563162582237113e-09 3.290534391999244690e-02 3.264151141047477722e-02 2.935516896229728445e-08 2.864636172716927831e-08 nan 3.286503255367279053e-02 3.836153463669350572e+02
2.955884039402008057e-01 1.998177617788314819e-01 1.905336787226579552e-09 3.200555220246315002e-02 3.174728900194168091e-02 2.752147310047803330e-08 2.685694511228575720e-08 nan 3.196609765291213989e-02 3.694183829389484686e+02
3.009728789329528809e-01 2.034576684236526489e-01 1.904133323856378078e-09 3.119202330708503723e-02 3.094236180186271667e-02 2.587108482998701220e-08 2.524640585477300192e-08 nan 3.115387819707393646e-02 3.570429757642334039e+02
3.063573837280273438e-01 2.070975899696350098e-01 1.902951936232507350e-09 3.044818714261054993e-02 3.020909987390041351e-02 2.437482393702339323e-08 2.378627073085226584e-08 nan 3.041166067123413086e-02 3.460889519227348501e+02
3.117418885231018066e-01 2.107375115156173706e-01 1.901791846628511990e-09 2.975250780582427979e-02 2.952451631426811218e-02 2.300294710266825859e-08 2.244751762248142768e-08 nan 2.971767634153366089e-02 3.360578180740685070e+02
3.171263933181762695e-01 2.143774479627609253e-01 1.900652308391623192e-09 2.908478491008281708e-02 2.886702679097652435e-02 2.173020696716321254e-08 2.120550846029800596e-08 nan 2.905151620507240295e-02 3.264941951999758203e+02
3.225108981132507324e-01 2.180173695087432861e-01 1.899532626729035332e-09 2.842784859240055084e-02 2.821845561265945435e-02 2.053650582922728063e-08 2.004063048843818251e-08 nan 2.839585579931735992e-02 3.170208432205608347e+02
3.278954029083251953e-01 2.216572910547256470e-01 1.898432128189829179e-09 2.776965126395225525e-02 2.756631560623645782e-02 1.940770388841883687e-08 1.893908496697349619e-08 nan 2.773858606815338135e-02 3.073830495014609028e+02
3.332799077033996582e-01 2.252972126007080078e-01 1.897350177081271127e-09 2.710691466927528381e-02 2.690747566521167755e-02 1.833722684807526093e-08 1.789445569500003330e-08 nan 2.707644365727901459e-02 2.975263924273724001e+02
3.386643826961517334e-01 2.289371192455291748e-01 1.896286172945125672e-09 2.644573152065277100e-02 2.624862827360630035e-02 1.732532695086774766e-08 1.690699136247530987e-08 nan 2.641561813652515411e-02 2.876028926874118383e+02
3.440488874912261963e-01 2.325770407915115356e-01 1.895239531240720810e-09 2.579713054001331329e-02 2.560164779424667358e-02 1.637521940267561149e-08 1.597982546286402794e-08 nan 2.576726675033569336e-02 2.778662314617231459e+02
3.494333922863006592e-01 2.362169772386550903e-01 1.894209703480833635e-09 2.517162077128887177e-02 2.497786283493041992e-02 1.548923123095846677e-08 1.511523173292061983e-08 nan 2.514201961457729340e-02 2.685489758402745792e+02
3.548178970813751221e-01 2.398568987846374512e-01 1.893196174858241155e-09 2.457672171294689178e-02 2.438542619347572327e-02 1.466744059541724710e-08 1.431328211509708126e-08 nan 2.454749681055545807e-02 2.598111173614142331e+02
3.602024018764495850e-01 2.434968203306198120e-01 1.892198441798694543e-09 2.401687018573284149e-02 2.382908202707767487e-02 1.390791926070278350e-08 1.357209988839258585e-08 nan 2.398818172514438629e-02 2.517414757271182282e+02
3.655869066715240479e-01 2.471367418766021729e-01 1.891216027459402332e-09 2.349283918738365173e-02 2.330957166850566864e-02 1.320670772742005283e-08 1.288781881214617897e-08 nan 2.346483804285526276e-02 2.443495266911954502e+02
3.709714114665985107e-01 2.507766783237457275e-01 1.890248472221847833e-09 2.300086989998817444e-02 2.282283268868923187e-02 1.255764026097949682e-08 1.225442414209965136e-08 nan 2.297366783022880554e-02 2.375508199852336588e+02
3.763558864593505859e-01 2.544165849685668945e-01 1.889295352117686434e-09 2.253367751836776733e-02 2.236111834645271301e-02 1.195322685276778429e-08 1.166460616985887100e-08 nan 2.250731550157070160e-02 2.311912460375104104e+02
3.817403912544250488e-01 2.580564916133880615e-01 1.888356242191734645e-09 2.208338864147663116e-02 2.191608212888240814e-02 1.138638339170938707e-08 1.111144776189121330e-08 nan 2.205782756209373474e-02 2.251086320518696482e+02
3.871248960494995117e-01 2.616964280605316162e-01 1.887430735669950155e-09 2.164379693567752838e-02 2.148115634918212891e-02 1.085155520996750056e-08 1.058953280619334691e-08 nan 2.161894552409648895e-02 2.191783690684555381e+02
3.925094008445739746e-01 2.653363645076751709e-01 1.886518457772270655e-09 2.121076546609401703e-02 2.105199545621871948e-02 1.034472596472824080e-08 1.009494088322071548e-08 nan 2.118650637567043304e-02 2.133204539168460769e+02
3.978939056396484375e-01 2.689762711524963379e-01 1.885619049100158659e-09 2.078216895461082458e-02 2.062648907303810120e-02 9.863218686234631605e-09 9.625061636597820325e-09 nan 2.075838483870029449e-02 2.074969385640964674e+02
4.032784104347229004e-01 2.726162075996398926e-01 1.884732143174389957e-09 2.035853825509548187e-02 2.020531706511974335e-02 9.405815681873264111e-09 9.178704019063843589e-09 nan 2.033512853085994720e-02 2.017234996799616340e+02
4.086629152297973633e-01 2.762561440467834473e-01 1.883857409814700777e-09 1.994296908378601074e-02 1.979184709489345551e-02 8.972542708818309620e-09 8.755892011436117173e-09 nan 1.991988159716129303e-02 1.960656842857085849e+02
4.140473902225494385e-01 2.798960208892822266e-01 1.882994538868699288e-09 1.953930966556072235e-02 1.939020119607448578e-02 8.563699083197207074e-09 8.356920488949981518e-09 nan 1.951652951538562775e-02 1.906014542432337464e+02
4.194318950176239014e-01 2.835359573364257812e-01 1.882143190604211824e-09 1.915018074214458466e-02 1.900323480367660522e-02 8.178982824347258429e-09 7.981493688191676483e-09 nan 1.912772841751575470e-02 1.853824164928978462e+02
4.248163998126983643e-01 2.871758937835693359e-01 1.881303079826970542e-09 1.877680234611034393e-02 1.863230019807815552e-02 7.817480884853011958e-09 7.628720766206242843e-09 nan 1.875472441315650940e-02 1.804313362275539134e+02
4.302009046077728271e-01 2.908158004283905029e-01 1.880473925305205483e-09 1.841966249048709869e-02 1.827791705727577209e-02 7.478024421914142295e-09 7.297459969635156085e-09 nan 1.839800924062728882e-02 1.757562056114078928e+02
4.355854094028472900e-01 2.944557368755340576e-01 1.879655436356054805e-09 1.807828620076179504e-02 1.793953217566013336e-02 7.159124404410022180e-09 6.986260459029836056e-09 nan 1.805708743631839752e-02 1.713463344835994064e+02
4.409699141979217529e-01 2.980956733226776123e-01 1.878847353036435648e-09 1.775060035288333893e-02 1.761493459343910217e-02 6.858777101825808131e-09 6.693165577331683380e-09 nan 1.772987283766269684e-02 1.671610941458043840e+02
4.463544189929962158e-01 3.017355799674987793e-01 1.878049424887222573e-09 1.743353158235549927e-02 1.730090938508510590e-02 6.574759403576990735e-09 6.416005948750580501e-09 nan 1.741326972842216492e-02 1.631422027429682089e+02
4.517388939857482910e-01 3.053754866123199463e-01 1.877261397654174740e-09 1.712454482913017273e-02 1.699477247893810272e-02 6.305219901747705080e-09 6.152973686113227814e-09 nan 1.710471697151660919e-02 1.592425133644973130e+02
4.571233987808227539e-01 3.090154230594635010e-01 1.876483026309890802e-09 1.682222262024879456e-02 1.669503934681415558e-02 6.048865852648077635e-09 5.902810240598910241e-09 nan 1.680279336869716644e-02 1.554366976356927239e+02
4.625079035758972168e-01 3.126553297042846680e-01 1.875714093387305177e-09 1.652576960623264313e-02 1.640087924897670746e-02 5.804716707302759460e-09 5.664555491335931947e-09 nan 1.650668866932392120e-02 1.517112697522873361e+02
4.678924083709716797e-01 3.162952661514282227e-01 1.874954364165268396e-09 1.623466610908508301e-02 1.611181721091270447e-02 5.571964223349823442e-09 5.437423844512068172e-09 nan 1.621589809656143188e-02 1.480580975952105689e+02
4.732769131660461426e-01 3.199352025985717773e-01 1.874203630559428286e-09 1.594915427267551422e-02 1.582816615700721741e-02 5.350109244517398110e-09 5.220925913818064146e-09 nan 1.593067124485969543e-02 1.444827859987972545e+02
4.786614179611206055e-01 3.235751092433929443e-01 1.873461691551420399e-09 1.567037031054496765e-02 1.555115263909101486e-02 5.138974135121543441e-09 5.014888948551288195e-09 nan 1.565215550363063812e-02 1.410069377878047021e+02
4.840458929538726807e-01 3.272150158882141113e-01 1.872728340933758753e-09 1.539957616478204727e-02 1.528212241828441620e-02 4.938423892042465013e-09 4.819180610127205000e-09 nan 1.538163237273693085e-02 1.376535891183661420e+02
4.894303977489471436e-01 3.308549523353576660e-01 1.872003379495005729e-09 1.513733062893152237e-02 1.502168923616409302e-02 4.748092585771246377e-09 4.633445183088724662e-09 nan 1.511966250836849213e-02 1.344326660780433826e+02
4.948149025440216064e-01 3.344948589801788330e-01 1.871286632213937058e-09 1.488347351551055908e-02 1.476971991360187531e-02 4.567413114386909001e-09 4.457128444101954301e-09 nan 1.486609317362308502e-02 1.313410140366049745e+02
5.001994371414184570e-01 3.381348252296447754e-01 1.870577900826693527e-09 1.463767606765031815e-02 1.452587079256772995e-02 4.395797503775611403e-09 4.289656629907767638e-09 nan 1.462059654295444489e-02 1.283724830324757988e+02
5.055838823318481445e-01 3.417747020721435547e-01 1.869877039368293133e-09 1.439959648996591568e-02 1.428976841270923615e-02 4.232691086514250856e-09 4.130488839848567295e-09 nan 1.438281778246164322e-02 1.255207680963135459e+02
5.109683871269226074e-01 3.454146385192871094e-01 1.869183849789121820e-09 1.416856143623590469e-02 1.406069379299879074e-02 4.077475690422716070e-09 3.979020224420537488e-09 nan 1.415208168327808380e-02 1.227739559163973269e+02
5.163528919219970703e-01 3.490545451641082764e-01 1.868498185335105332e-09 1.394348591566085815e-02 1.383751444518566132e-02 3.929458980422850800e-09 3.834578432559965222e-09 nan 1.392729673534631729e-02 1.201131944664346776e+02
5.217373967170715332e-01 3.526944816112518311e-01 1.867819876059786520e-09 1.372337993234395981e-02 1.361920684576034546e-02 3.788021452066914208e-09 3.696555728183170686e-09 nan 1.370746456086635590e-02 1.175216326025458926e+02
5.271219015121459961e-01 3.563344180583953857e-01 1.867148773833358248e-09 1.350781694054603577e-02 1.340533327311277390e-02 3.652738556070289633e-09 3.564539774458808097e-09 nan 1.349216047674417496e-02 1.149923735252803283e+02
5.325064063072204590e-01 3.599743247032165527e-01 1.866484735032350672e-09 1.329679694026708603e-02 1.319589372724294662e-02 3.523325409204858261e-09 3.438251461318486690e-09 nan 1.328138075768947601e-02 1.125257791565007466e+02
5.378909111022949219e-01 3.636142611503601074e-01 1.865827604301946768e-09 1.309029012918472290e-02 1.299088168889284134e-02 3.399506676160513052e-09 3.317422336834852103e-09 nan 1.307510212063789368e-02 1.101217131411980006e+02
5.432754158973693848e-01 3.672541677951812744e-01 1.865177252290424566e-09 1.288822293281555176e-02 1.279024686664342880e-02 3.281009020028591294e-09 3.201785947481994299e-09 nan 1.287325471639633179e-02 1.077791906492213201e+02
5.486599206924438477e-01 3.708941042423248291e-01 1.864533532427482462e-09 1.269076671451330185e-02 1.259419135749340057e-02 3.167636375422944184e-09 3.091150890810467899e-09 nan 1.267601270228624344e-02 1.055013030046873297e+02
5.540444254875183105e-01 3.745340406894683838e-01 1.863896318172137942e-09 1.249830611050128937e-02 1.240311842411756516e-02 3.059253295134567452e-09 2.985384828235737587e-09 nan 1.248376257717609406e-02 1.032945306609421721e+02
5.594289302825927734e-01 3.781739473342895508e-01 1.863265486641235488e-09 1.231099665164947510e-02 1.221720036119222641e-02 2.955675038052163472e-09 2.884307237493999310e-09 nan 1.229666732251644135e-02 1.011613885875775765e+02
5.648134350776672363e-01 3.818138837814331055e-01 1.862640903204479876e-09 1.212858688086271286e-02 1.203618478029966354e-02 2.856626712954835057e-09 2.787650776880923331e-09 nan 1.211446896195411682e-02 9.909761746027508877e+01
5.701979398727416992e-01 3.854538202285766602e-01 1.862022452330667509e-09 1.195071637630462646e-02 1.185970660299062729e-02 2.761825212971302790e-09 2.695138334729563212e-09 nan 1.193681079894304276e-02 9.709728825029579014e+01
5.755824446678161621e-01 3.890937268733978271e-01 1.861410021730888845e-09 1.177720911800861359e-02 1.168757583945989609e-02 2.671045162827567765e-09 2.606550086881043171e-09 nan 1.176351401954889297e-02 9.515750662503783985e+01
5.809668898582458496e-01 3.927336037158966064e-01 1.860803497296447543e-09 1.160790491849184036e-02 1.151962205767631531e-02 2.584076064238161052e-09 2.521681086165017405e-09 nan 1.159441657364368439e-02 9.327564539220142592e+01
5.863513946533203125e-01 3.963735401630401611e-01 1.860202753428811389e-09 1.144243497401475906e-02 1.135546155273914337e-02 2.500674112226874968e-09 2.440292856675796429e-09 nan 1.142914779484272003e-02 9.144582246346639920e+01
5.917358994483947754e-01 4.000134766101837158e-01 1.859607692406273365e-09 1.128036994487047195e-02 1.119465753436088562e-02 2.420595723862106752e-09 2.362148032730715386e-09 nan 1.126727461814880371e-02 8.966122607716455661e+01
5.971204042434692383e-01 4.036533832550048828e-01 1.859018214291441706e-09 1.112154033035039902e-02 1.103704050183296204e-02 2.343666816173595180e-09 2.287076750207006626e-09 nan 1.110863033682107925e-02 8.791928126895223272e+01
6.025049090385437012e-01 4.072933197021484375e-01 1.858434207544148841e-09 1.096601225435733795e-02 1.088268123567104340e-02 2.269771925966779236e-09 2.214966210445368233e-09 nan 1.095328107476234436e-02 8.622116805558150077e+01
6.078894138336181641e-01 4.109332561492919922e-01 1.857855577876460681e-09 1.081379782408475876e-02 1.073159929364919662e-02 2.198789372798160002e-09 2.145697397537560391e-09 nan 1.080124080181121826e-02 8.456715731414615789e+01
6.132739186286926270e-01 4.145731627941131592e-01 1.857282233477322155e-09 1.066476758569478989e-02 1.058367174118757248e-02 2.130574827674536209e-09 2.079129757248665555e-09 nan 1.065237820148468018e-02 8.295524680719881871e+01
6.186584234237670898e-01 4.182130992412567139e-01 1.856714071034082293e-09 1.051885727792978287e-02 1.043884269893169403e-02 2.065003723572544914e-09 2.015142275268999583e-09 nan 1.050663273781538010e-02 8.138451047035961494e+01
6.240429282188415527e-01 4.218530058860778809e-01 1.856151008397507339e-09 1.037616934627294540e-02 1.029722299426794052e-02 2.001991239453104754e-09 1.953651240782505738e-09 nan 1.036410871893167496e-02 7.985655796193144340e+01
6.294274330139160156e-01 4.254929423332214355e-01 1.855592947277603754e-09 1.023675780743360519e-02 1.015886757522821426e-02 1.941445004760566917e-09 1.894566947768794307e-09 nan 1.022485829889774323e-02 7.837217396308447803e+01
6.556535363197326660e-01 4.432217776775360107e-01 1.852943630635520644e-09 9.599332697689533234e-03 9.526360780000686646e-03 1.677825212098582597e-09 1.637312618818498322e-09 nan 9.588184766471385956e-03 7.168485309165579622e+01
8.039034605026245117e-01 5.434387326240539551e-01 1.839770603253567837e-09 6.938130129128694534e-03 6.885400973260402679e-03 8.066577961152177068e-10 7.871802654157988854e-10 nan 6.930074188858270645e-03 4.558911390846341760e+01
9.932619333267211914e-01 6.714450716972351074e-01 1.826201010048688587e-09 4.927475005388259888e-03 4.890038166195154190e-03 3.752768096276781762e-10 3.662153635897169579e-10 nan 4.921755287796258926e-03 2.820134974973817421e+01
1.227223634719848633e+00 8.296031951904296875e-01 1.812731498599941669e-09 3.482358530163764954e-03 3.455908037722110748e-03 1.737325006079259992e-10 1.695375784205310765e-10 nan 3.478317754343152046e-03 1.727479223102745820e+01
1.516294717788696289e+00 1.025015234947204590e+00 1.799361337301671755e-09 2.450159518048167229e-03 2.431554021313786507e-03 8.007231683260229715e-11 7.813889119079320267e-11 nan 2.447317121550440788e-03 1.048816299585969070e+01
1.873456120491027832e+00 1.266456365585327148e+00 1.786089789356977996e-09 1.716960454359650612e-03 1.703925197944045067e-03 3.675603571506869116e-11 3.586852342918334102e-11 nan 1.714968821033835411e-03 6.316493825359241754e+00
2.314746379852294922e+00 1.564768552780151367e+00 1.772916133006574509e-09 1.198759535327553749e-03 1.189660397358238697e-03 1.681050784685389488e-11 1.640460163543355776e-11 nan 1.197369419969618320e-03 3.776282326998420924e+00
2.859982252120971680e+00 1.933347940444946289e+00 1.759839636962373426e-09 8.341628708876669407e-04 8.278327295556664467e-04 7.662669977703817636e-12 7.477646106479607369e-12 nan 8.331958088092505932e-04 2.242574417971576306e+00
3.533647537231445312e+00 2.388745784759521484e+00 1.746859588797865175e-09 5.786838009953498840e-04 5.742934299632906914e-04 3.482178954905545964e-12 3.398098425907991604e-12 nan 5.780130159109830856e-04 1.323648203971673931e+00
4.365993976593017578e+00 2.951411962509155273e+00 1.733975279535418463e-09 4.003270878456532955e-04 3.972908889409154654e-04 1.577994462528820030e-12 1.539892128740727451e-12 nan 3.998632018920034170e-04 7.768992511179479976e-01
5.394398689270019531e+00 3.646613597869873047e+00 1.721185999058096773e-09 2.762313233688473701e-04 2.741371572483330965e-04 7.132541627631605596e-13 6.960318823037714431e-13 nan 2.759113849606364965e-04 4.536546862803193525e-01
6.665042877197265625e+00 4.505568981170654297e+00 1.708491050912268841e-09 1.901523064589127898e-04 1.887115795398131013e-04 3.216283576273903932e-13 3.138622716759853493e-13 nan 1.899321941891685128e-04 2.636498445956652614e-01
8.234986305236816406e+00 5.566850662231445312e+00 1.695889732548296616e-09 1.306120248045772314e-04 1.296232367167249322e-04 1.447164192950808892e-13 1.412220492456872645e-13 nan 1.304609759245067835e-04 1.525581981132063669e-01
1.017472743988037109e+01 6.878115653991699219e+00 1.683381361073609185e-09 8.953388169175013900e-05 8.885691931936889887e-05 6.498375107336432088e-14 6.341461915044394049e-14 nan 8.943046123022213578e-05 8.792023416889074849e-02
1.257137203216552734e+01 8.498247146606445312e+00 1.670965250288532184e-09 6.126008520368486643e-05 6.079774902900680900e-05 2.912587502451081944e-14 2.842257679214199584e-14 nan 6.118945020716637373e-05 5.047937762357588426e-02
1.553254413604736328e+01 1.050000000000000000e+01 1.658640709094829109e-09 4.184180943411774933e-05 4.152690235059708357e-05 1.303160443460625248e-14 1.271692491843770187e-14 nan 4.179369716439396143e-05 2.888182009985456114e-02
