# k/h [h/Mpc]            k [1/Mpc]              Primoridal             T_cdm(k)                 T_bar(k)                 T_phot(k)                T_massless neutrions(k)  T_massive neutrinos(k)   T_total(k)               Linear Pk [(Mpc/h)^3]  
1.049045658874092624e-05 7.091548468451946974e-06 2.727206404909961128e-09 1.000000000000000000e+00 1.000000000000000000e+00 1.000000000000000000e+00 1.000000000000000000e+00 nan 1.000000000000000000e+00 2.089160543288719474e+00
1.158353370556142181e-05 7.830468348402064294e-06 2.717761705682844603e-09 1.219251394271850586e+00 1.219251394271850586e+00 1.219224452972412109e+00 1.219224214553833008e+00 nan 1.219251394271850586e+00 2.298855383247072393e+00
1.279050593439023942e-05 8.646382411825470626e-06 2.708349706436794825e-09 1.486574053764343262e+00 1.486574053764343262e+00 1.486501336097717285e+00 1.486500263214111328e+00 nan 1.486574053764343262e+00 2.529597769554625675e+00
1.412324218108551577e-05 9.547311492497101426e-06 2.698970312856197758e-09 1.812507152557373047e+00 1.812507152557373047e+00 1.812359213829040527e+00 1.812356829643249512e+00 nan 1.812507152557373047e+00 2.783500559217711778e+00
1.559484553581569344e-05 1.054211588780162856e-05 2.689623392481895528e-09 2.209901571273803711e+00 2.209901571273803711e+00 2.209633111953735352e+00 2.209628582000732422e+00 nan 2.209901571273803711e+00 3.062887476442178514e+00
1.721978514979127795e-05 1.164057448477251455e-05 2.680308856040028027e-09 2.694424390792846680e+00 2.694424390792846680e+00 2.693965435028076172e+00 2.693958044052124023e+00 nan 2.694424390792846680e+00 3.370316208536514146e+00
1.901403993542771786e-05 1.285349117097212002e-05 2.671026563908324178e-09 3.285180091857910156e+00 3.285179853439331055e+00 3.284425497055053711e+00 3.284412860870361328e+00 nan 3.285180091857910156e+00 3.708602420027502067e+00
2.099525045196060091e-05 1.419278942194068804e-05 2.661776424936157355e-09 4.005458354949951172e+00 4.005458354949951172e+00 4.004248142242431641e+00 4.004228115081787109e+00 nan 4.005458354949951172e+00 4.080841107813839130e+00
2.318289807590190321e-05 1.567163963045459241e-05 2.652558315858844083e-09 4.883657455444335938e+00 4.883656978607177734e+00 4.881752490997314453e+00 4.881719112396240234e+00 nan 4.883657455444335938e+00 4.490442102830852100e+00
2.559849235694855452e-05 1.730458097881637514e-05 2.643372135990062650e-09 5.954400539398193359e+00 5.954400539398193359e+00 5.951437950134277344e+00 5.951385974884033203e+00 nan 5.954400539398193359e+00 4.941151895797249338e+00
2.826578383974265307e-05 1.910767059598583728e-05 2.634217767634683471e-09 7.259903907775878906e+00 7.259903430938720703e+00 7.255339622497558594e+00 7.255259513854980469e+00 nan 7.259903907775878906e+00 5.437098355343154665e+00
3.121100235148333013e-05 2.109863817167934030e-05 2.625095097817206075e-09 8.851636886596679688e+00 8.851635932922363281e+00 8.844655990600585938e+00 8.844534873962402344e+00 nan 8.851635932922363281e+00 5.982820932552850302e+00
3.446310074650682509e-05 2.329705603187903762e-05 2.616004033478672110e-09 1.079234981536865234e+01 1.079234981536865234e+01 1.078173732757568359e+01 1.078155326843261719e+01 nan 1.079234981536865234e+01 6.583310044379411252e+00
3.805406231549568474e-05 2.572454650362487882e-05 2.606944439452153756e-09 1.315856266021728516e+01 1.315856170654296875e+01 1.314249897003173828e+01 1.314221763610839844e+01 nan 1.315856266021728516e+01 7.244067689432709400e+00
4.201919000479392707e-05 2.840497290890198201e-05 2.597916226597658093e-09 1.604355621337890625e+01 1.604355239868164062e+01 1.601932334899902344e+01 1.601889991760253906e+01 nan 1.604355621337890625e+01 7.971136681547846159e+00
4.639747567125596106e-05 3.136469240416772664e-05 2.588919279439887767e-09 1.956106758117675781e+01 1.956106376647949219e+01 1.952462005615234375e+01 1.952398490905761719e+01 nan 1.956106758117675781e+01 8.771169877560012651e+00
5.123196388012729585e-05 3.463280881987884641e-05 2.579953483847589841e-09 2.384976768493652344e+01 2.384976196289062500e+01 2.379507446289062500e+01 2.379412078857421875e+01 nan 2.384976768493652344e+01 9.651482881518704815e+00
5.657019573845900595e-05 3.824145096587017179e-05 2.571018745591721348e-09 2.907872581481933594e+01 2.907871627807617188e+01 2.899679756164550781e+01 2.899536895751953125e+01 nan 2.907872581481933594e+01 1.062013222133500001e+01
6.246465636650100350e-05 4.222610732540488243e-05 2.562114941593048984e-09 3.545408248901367188e+01 3.545406341552734375e+01 3.533154296875000000e+01 3.532941055297851562e+01 nan 3.545408248901367188e+01 1.168597425409222090e+01
6.897329876665025949e-05 4.662595165427774191e-05 2.553241977543412439e-09 4.322713851928710938e+01 4.322711563110351562e+01 4.304409408569335938e+01 4.304090118408203125e+01 nan 4.322713088989257812e+01 1.285875035766092189e+01
7.616012590005993843e-05 5.148424679646268487e-05 2.544399743325443185e-09 5.270429611206054688e+01 5.270425415039062500e+01 5.243115615844726562e+01 5.242639160156250000e+01 nan 5.270428848266601562e+01 1.414917863284458299e+01
8.409580186707898974e-05 5.684876305167563260e-05 2.535588130685252624e-09 6.425910949707031250e+01 6.425904846191406250e+01 6.385188293457031250e+01 6.384477996826171875e+01 nan 6.425910186767578125e+01 1.556904607101989413e+01
9.285835403716191649e-05 6.277224747464060783e-05 2.526807033334104165e-09 7.834700012207031250e+01 7.834692382812500000e+01 7.774031829833984375e+01 7.772975158691406250e+01 nan 7.834699249267578125e+01 1.713131792887855909e+01
1.025339443003758788e-04 6.931294774403795600e-05 2.518056339675267213e-09 9.552321624755859375e+01 9.552310180664062500e+01 9.461997222900390625e+01 9.460424804687500000e+01 nan 9.552318572998046875e+01 1.885025360514667270e+01
1.132176985265687108e-04 7.653516513528302312e-05 2.509335958204897443e-09 1.164645843505859375e+02 1.164644165039062500e+02 1.151206817626953125e+02 1.150972900390625000e+02 nan 1.164645614624023438e+02 2.074151668250347669e+01
1.250146742677316070e-04 8.450992027064785361e-05 2.500645773867358897e-09 1.419963073730468750e+02 1.419960479736328125e+02 1.399978179931640625e+02 1.399630737304687500e+02 nan 1.419962768554687500e+02 2.282234336466250824e+01
1.380408502882346511e-04 9.331561159342527390e-05 2.491985695624705562e-09 1.731242523193359375e+02 1.731238555908203125e+02 1.701539916992187500e+02 1.701024322509765625e+02 nan 1.731241607666015625e+02 2.511166141003044672e+01
1.524243270978331566e-04 1.030388448270969093e-04 2.483355596498544299e-09 2.110746459960937500e+02 2.110741119384765625e+02 2.066625976562500000e+02 2.065861511230468750e+02 nan 2.110746002197265625e+02 2.763027009718223681e+01
1.683065347606316209e-04 1.137752187787555158e-04 2.474755379885282393e-09 2.573422546386718750e+02 2.573414306640625000e+02 2.507923583984375000e+02 2.506790618896484375e+02 nan 2.573421325683593750e+02 3.040104160229783758e+01
1.858436153270304203e-04 1.256302784895524383e-04 2.466184957973141175e-09 3.137486877441406250e+02 3.137474670410156250e+02 3.040312805175781250e+02 3.038636169433593750e+02 nan 3.137485656738281250e+02 3.344903481426383962e+01
2.052080089924857020e-04 1.387206139042973518e-04 2.457644209414643305e-09 3.825145874023437500e+02 3.825127563476562500e+02 3.681082153320312500e+02 3.678603820800781250e+02 nan 3.825143127441406250e+02 3.680179344485258497e+01
2.265901130158454180e-04 1.531749148853123188e-04 2.449133045395065615e-09 4.663457946777343750e+02 4.663430786132812500e+02 4.450054931640625000e+02 4.446396789550781250e+02 nan 4.663453369140625000e+02 4.048951019970021292e+01
2.502001880202442408e-04 1.691353245405480266e-04 2.440651351248999153e-09 5.685398559570312500e+02 5.685358886718750000e+02 5.369586791992187500e+02 5.364197387695312500e+02 nan 5.685392456054687500e+02 4.454527740070921737e+01
2.762703516054898500e-04 1.867587561719119549e-04 2.432199034655000626e-09 6.931144409179687500e+02 6.931086425781250000e+02 6.464310913085937500e+02 6.456387939453125000e+02 nan 6.931135253906250000e+02 4.900530124941636956e+01
3.050569503102451563e-04 2.062184939859434962e-04 2.423775992290330563e-09 8.449641113281250000e+02 8.449553833007812500e+02 7.760504150390625000e+02 7.748884887695312500e+02 nan 8.449628906250000000e+02 5.390924100942147135e+01
3.368430479895323515e-04 2.277058956678956747e-04 2.415382114947829304e-09 1.030051025390625000e+03 1.030038085937500000e+03 9.284862670898437500e+02 9.267876586914062500e+02 nan 1.030049072265625000e+03 5.930038339370911871e+01
3.719411906786262989e-04 2.514322404749691486e-04 2.407017301830847028e-09 1.255635375976562500e+03 1.255616577148437500e+03 1.106243286132812500e+03 1.103769653320312500e+03 nan 1.255632446289062500e+03 6.522595254100212969e+01
4.106964333914220333e-04 2.776307810563594103e-04 2.398681465071051552e-09 1.530556274414062500e+03 1.530528442382812500e+03 1.311334106445312500e+03 1.307748291015625000e+03 nan 1.530552124023437500e+03 7.173735530453143383e+01
4.534898616839200258e-04 3.065591445192694664e-04 2.390374494355455649e-09 1.865572265625000000e+03 1.865531372070312500e+03 1.544798828125000000e+03 1.539629882812500000e+03 nan 1.865566040039062500e+03 7.889043036924374519e+01
5.007422878406941891e-04 3.385017917025834322e-04 2.382096284987275655e-09 2.273774414062500000e+03 2.273714599609375000e+03 1.806027709960937500e+03 1.798627075195312500e+03 nan 2.273765136718750000e+03 8.674573639190603558e+01
5.529182380996644497e-04 3.737727238330990076e-04 2.373846756225058361e-09 2.771080566406250000e+03 2.770993896484375000e+03 2.091865966796875000e+03 2.081358398437500000e+03 nan 2.771067382812500000e+03 9.536855161731573105e+01
6.105307838879525661e-04 4.127188003621995449e-04 2.365625794166928840e-09 3.376844238281250000e+03 3.376717773437500000e+03 2.395518310546875000e+03 2.380751220703125000e+03 nan 3.376825439453125000e+03 1.048292330102381982e+02
6.741464603692293167e-04 4.557229985948652029e-04 2.357433293568910220e-09 4.114577636718750000e+03 4.114394531250000000e+03 2.705346923828125000e+03 2.684849853515625000e+03 nan 4.114549804687500000e+03 1.152030746628650348e+02
7.443906506523489952e-04 5.032080807723104954e-04 2.349269171114912410e-09 5.012823730468750000e+03 5.012561035156250000e+03 3.003806640625000000e+03 2.975784179687500000e+03 nan 5.012783691406250000e+03 1.265703135354825264e+02
8.219541050493717194e-04 5.556409596465528011e-04 2.341133324843220307e-09 6.106213867187500000e+03 6.105839843750000000e+03 3.266992919921875000e+03 3.229384765625000000e+03 nan 6.106156738281250000e+03 1.390158818570484982e+02
9.075994603335857391e-04 6.135372095741331577e-04 2.333025652639057309e-09 7.436729003906250000e+03 7.436199707031250000e+03 3.465584472656250000e+03 3.416227294921875000e+03 nan 7.436647949218750000e+03 1.526292318744273189e+02
1.002168864943087101e-03 6.774661596864461899e-04 2.324946049885245546e-09 9.055208984375000000e+03 9.054466796875000000e+03 3.568257324218750000e+03 3.505201171875000000e+03 nan 9.055095703125000000e+03 1.675035625448718974e+02
1.106592128053307533e-03 7.480562780983746052e-04 2.316894434325377400e-09 1.102316210937500000e+04 1.102213085937500000e+04 3.548770263671875000e+03 3.470736816406250000e+03 nan 1.102300488281250000e+04 1.837353707827302287e+02
1.221895916387438774e-03 8.260016329586505890e-04 2.308870708568745277e-09 1.341491992187500000e+04 1.341350390625000000e+04 3.397316162109375000e+03 3.304205078125000000e+03 nan 1.341470312500000000e+04 2.014234549265405008e+02
1.349214115180075169e-03 9.120687609538435936e-04 2.300874762407135126e-09 1.632021972656250000e+04 1.631829492187500000e+04 3.134823974609375000e+03 3.027975097656250000e+03 nan 1.631992578125000000e+04 2.206679188593955701e+02
1.489798538386821747e-03 1.007103826850652695e-03 2.292906509188567727e-09 1.984724609375000000e+04 1.984465429687500000e+04 2.824916748046875000e+03 2.706594726562500000e+03 nan 1.984684960937500000e+04 2.415689452538375406e+02
1.645031501539051533e-03 1.112041296437382698e-03 2.284965850418265676e-09 2.412626562500000000e+04 2.412280664062500000e+04 2.572646728515625000e+03 2.444123535156250000e+03 nan 2.412573828125000000e+04 2.642251687254142780e+02
1.816439209505915642e-03 1.227912958711385727e-03 2.277052691606405739e-09 2.931391601562500000e+04 2.930930273437500000e+04 2.495298828125000000e+03 2.353425537109375000e+03 nan 2.931321093750000000e+04 2.887320635453990576e+02
2.005707239732146263e-03 1.355858054012060165e-03 2.269166941709029953e-09 3.559821484375000000e+04 3.559203515625000000e+04 2.657257812500000000e+03 2.491111816406250000e+03 nan 3.559727343750000000e+04 3.151789716132276453e+02
2.214696491137146950e-03 1.497134799137711525e-03 2.261308494449764354e-09 4.320445312500000000e+04 4.319607031250000000e+04 2.990058349609375000e+03 2.781962646484375000e+03 nan 4.320317187500000000e+04 3.436458884314004081e+02
2.445461694151163101e-03 1.653132145293056965e-03 2.253477264686429142e-09 5.240194140625000000e+04 5.239035937500000000e+04 3.269730712890625000e+03 3.005750976562500000e+03 nan 5.240016796875000000e+04 3.741986513787981039e+02
2.700272016227245331e-03 1.825383864343166351e-03 2.245673160886940457e-09 6.351178125000000000e+04 6.349549609375000000e+04 3.249391601562500000e+03 2.936948242187500000e+03 nan 6.350929296875000000e+04 4.068829768810241490e+02
2.981632947921752930e-03 2.015583915635943413e-03 2.237896076485985185e-09 7.691579687500000000e+04 7.689265625000000000e+04 2.937534423828125000e+03 2.609593750000000000e+03 nan 7.691226562500000000e+04 4.417182196362883815e+02
3.292310982942581177e-03 2.225602278485894203e-03 2.230145925871712440e-09 9.306664062500000000e+04 9.303360937500000000e+04 2.726944335937500000e+03 2.405826416015625000e+03 nan 9.306159375000000000e+04 4.786914426045902360e+02
3.635360859334468842e-03 2.457503927871584892e-03 2.222422616889744185e-09 1.124993125000000000e+05 1.124521953125000000e+05 2.958918701171875000e+03 2.610989013671875000e+03 nan 1.124921171875000000e+05 5.177508131367102351e+02
4.014155361801385880e-03 2.713568974286317825e-03 2.214726058195065524e-09 1.358439218750000000e+05 1.357765781250000000e+05 3.250077392578125000e+03 2.586134033203125000e+03 nan 1.358336406250000000e+05 5.587980607978184935e+02
4.432419314980506897e-03 2.996315481141209602e-03 2.207056148657132701e-09 1.638395625000000000e+05 1.637427031250000000e+05 2.983512939453125000e+03 2.558476562500000000e+03 nan 1.638247500000000000e+05 6.016795394471826057e+02
4.894265439361333847e-03 3.308523446321487427e-03 2.199412800139309644e-09 1.973489218750000000e+05 1.972088593750000000e+05 2.724652099609375000e+03 2.527780761718750000e+03 nan 1.973275468750000000e+05 6.461758089061468127e+02
5.404234398156404495e-03 3.653262509033083916e-03 2.191795924301313793e-09 2.373741093750000000e+05 2.371712343750000000e+05 3.048698242187500000e+03 2.493822021484375000e+03 nan 2.373431250000000000e+05 6.919920912961657677e+02
5.967340432107448578e-03 4.033922217786312103e-03 2.184205430909534259e-09 2.850718750000000000e+05 2.847780000000000000e+05 2.817612060546875000e+03 2.456461425781250000e+03 nan 2.850269687500000000e+05 7.387485454541791796e+02
6.589121185243129730e-03 4.454245790839195251e-03 2.176641221197925960e-09 3.417684062500000000e+05 3.413420000000000000e+05 2.737599121093750000e+03 2.415475097656250000e+03 nan 3.417032812500000000e+05 7.859685448404995896e+02
7.275689393281936646e-03 4.918366204947233200e-03 2.169103203027300791e-09 4.089716562500000000e+05 4.083523750000000000e+05 2.983392578125000000e+03 2.370658447265625000e+03 nan 4.088770312500000000e+05 8.330691865208705167e+02
8.033796213567256927e-03 5.430846009403467178e-03 2.161591299930936394e-09 4.883786875000000000e+05 4.874799687500000000e+05 2.474532714843750000e+03 2.321847900390625000e+03 nan 4.882414062500000000e+05 8.793496144631920970e+02
8.870895951986312866e-03 5.996725521981716156e-03 2.154105401952956366e-09 5.818767500000000000e+05 5.805728750000000000e+05 2.754225097656250000e+03 2.268812255859375000e+03 nan 5.816775000000000000e+05 9.239818152598073766e+02
9.795218706130981445e-03 6.621567998081445694e-03 2.146645430474833453e-09 6.915326250000000000e+05 6.896440625000000000e+05 2.629986328125000000e+03 2.211377929687500000e+03 nan 6.912441250000000000e+05 9.660067318647555794e+02
1.081585418432950974e-02 7.311517372727394104e-03 2.139211293795359687e-09 8.195656250000000000e+05 8.168355625000000000e+05 2.132041503906250000e+03 2.149353027343750000e+03 nan 8.191485625000000000e+05 1.004328157852725894e+03
1.194283645600080490e-02 8.073357865214347839e-03 2.131802900090153706e-09 9.682977500000000000e+05 9.643626250000000000e+05 2.548880615234375000e+03 2.082542480468750000e+03 nan 9.676965000000000000e+05 1.037717888921603617e+03
1.318724639713764191e-02 8.914578706026077271e-03 2.124420174276236449e-09 1.140075625000000000e+06 1.134424000000000000e+06 2.273879638671875000e+03 2.010796142578125000e+03 nan 1.139212250000000000e+06 1.064835019073661215e+03
1.456132158637046814e-02 9.843453764915466309e-03 2.117063005254935590e-09 1.337154625000000000e+06 1.329076625000000000e+06 2.170652343750000000e+03 1.933973266601562500e+03 nan 1.335920500000000000e+06 1.084255239491061729e+03
1.607857085764408112e-02 1.086911372840404510e-02 2.109731324472420402e-09 1.561541625000000000e+06 1.550062625000000000e+06 2.240477783203125000e+03 1.851994384765625000e+03 nan 1.559788000000000000e+06 1.094533033720480262e+03
1.775391399860382080e-02 1.200164575129747391e-02 2.102425026951150955e-09 1.814802375000000000e+06 1.798609875000000000e+06 2.059754638671875000e+03 1.764873535156250000e+03 nan 1.812328375000000000e+06 1.094293380282980024e+03
1.960382424294948578e-02 1.325218472629785538e-02 2.095144031049849183e-09 2.097842250000000000e+06 2.075207000000000000e+06 1.831685058593750000e+03 1.672760009765625000e+03 nan 2.094384125000000000e+06 1.082365904806656090e+03
2.164648845791816711e-02 1.463302597403526306e-02 2.087888252770266929e-09 2.410712000000000000e+06 2.379423000000000000e+06 1.539494140625000000e+03 1.576011474609375000e+03 nan 2.405931750000000000e+06 1.057967965560967059e+03
2.390199340879917145e-02 1.615774817764759064e-02 2.080657597354892904e-09 2.752513500000000000e+06 2.709856000000000000e+06 1.624661865234375000e+03 1.475274414062500000e+03 nan 2.745996750000000000e+06 1.020925581349683966e+03
2.639251388609409332e-02 1.784133911132812500e-02 2.073451995948668221e-09 3.121542000000000000e+06 3.064366250000000000e+06 1.457813232421875000e+03 1.371577880859375000e+03 nan 3.112807250000000000e+06 9.719123152624744080e+02
2.914254181087017059e-02 1.970035769045352936e-02 2.066271340052806293e-09 3.515862250000000000e+06 3.440822250000000000e+06 1.347690551757812500e+03 1.266416015625000000e+03 nan 3.504397750000000000e+06 9.126531187558042575e+02
3.217911347746849060e-02 2.175308018922805786e-02 2.059115554147728899e-09 3.934523250000000000e+06 3.838567000000000000e+06 1.368229858398437500e+03 1.161793579101562500e+03 nan 3.919863250000000000e+06 8.460181917023101050e+02
3.553209081292152405e-02 2.401969395577907562e-02 2.051984539888671147e-09 4.379564000000000000e+06 4.260752000000000000e+06 1.080268066406250000e+03 1.060187500000000000e+03 nan 4.361412500000000000e+06 7.759083109667045619e+02
3.923443704843521118e-02 2.652247995138168335e-02 2.044878229365854235e-09 4.858620500000000000e+06 4.717264500000000000e+06 1.143323974609375000e+03 9.643530273437500000e+02 nan 4.837024500000000000e+06 7.068512367303304700e+02
4.332255572080612183e-02 2.928604744374752045e-02 2.037796533657790378e-09 5.387305500000000000e+06 5.227211000000000000e+06 8.945859375000000000e+02 8.769257812500000000e+02 nan 5.362846000000000000e+06 6.432780433427254820e+02
4.765481501817703247e-02 3.221465647220611572e-02 2.031010053452367756e-09 5.962948500000000000e+06 5.792377500000000000e+06 8.782308959960937500e+02 8.023296508789062500e+02 nan 5.936888000000000000e+06 5.901340150833631242e+02
5.198707059025764465e-02 3.514325991272926331e-02 2.024834231214258902e-09 6.572185500000000000e+06 6.401262000000000000e+06 8.137188110351562500e+02 7.433884887695312500e+02 nan 6.546071500000000000e+06 5.505033084009081676e+02
5.631932616233825684e-02 3.807186335325241089e-02 2.019169610001785353e-09 7.209779000000000000e+06 7.046638000000000000e+06 7.610462036132812500e+02 6.952635498046875000e+02 nan 7.184854500000000000e+06 5.196145460888176331e+02
6.065158173441886902e-02 4.100047051906585693e-02 2.013939112582009273e-09 7.867445500000000000e+06 7.716121500000000000e+06 7.164749755859375000e+02 6.545407714843750000e+02 nan 7.844326000000000000e+06 4.941107681840672399e+02
6.498383730649948120e-02 4.392907395958900452e-02 2.009081821590703985e-09 8.523978000000000000e+06 8.383195000000000000e+06 6.765186767578125000e+02 6.180355224609375000e+02 nan 8.502470000000000000e+06 4.704388038779268868e+02
6.931609660387039185e-02 4.685768112540245056e-02 2.004548729015451583e-09 9.152927000000000000e+06 9.016085000000000000e+06 6.386332397460937500e+02 5.834239501953125000e+02 nan 9.132021000000000000e+06 4.459346468818355333e+02
7.364834845066070557e-02 4.978628456592559814e-02 2.000299865353250301e-09 9.729141000000000000e+06 9.585556000000000000e+06 6.013389282226562500e+02 5.493539428710937500e+02 nan 9.707204000000000000e+06 4.191716845683892529e+02
7.798060774803161621e-02 5.271489173173904419e-02 1.996302173696350216e-09 1.023683900000000000e+07 1.007400100000000000e+07 5.642572631835937500e+02 5.154795532226562500e+02 nan 1.021196100000000000e+07 3.901531501622569635e+02
8.231285959482192993e-02 5.564349144697189331e-02 1.992528044667567094e-09 1.067353500000000000e+07 1.047987200000000000e+07 5.278278198242187500e+02 4.822017517089843750e+02 nan 1.064394800000000000e+07 3.599604669556247245e+02
8.664511889219284058e-02 5.857209861278533936e-02 1.988954134422163219e-09 1.104937400000000000e+07 1.081689900000000000e+07 4.928977966308593750e+02 4.502937011718750000e+02 nan 1.101385700000000000e+07 3.301450422127632578e+02
9.097737073898315430e-02 6.150070205330848694e-02 1.985560585482697045e-09 1.138329300000000000e+07 1.110951500000000000e+07 4.603510131835937500e+02 4.205625610351562500e+02 nan 1.134146600000000000e+07 3.021731110672827754e+02
9.636187553405761719e-02 6.514062732458114624e-02 1.981568674123380254e-09 1.177954800000000000e+07 1.146035800000000000e+07 4.244099731445312500e+02 3.877300109863281250e+02 nan 1.173078200000000000e+07 2.717612610219829321e+02
1.017463728785514832e-01 6.878054887056350708e-02 1.977801256732118934e-09 1.220935400000000000e+07 1.186102200000000000e+07 3.944760131835937500e+02 3.603837890625000000e+02 nan 1.215613600000000000e+07 2.475415478959118900e+02
1.071308776736259460e-01 7.242047041654586792e-02 1.974234781265857972e-09 1.271855500000000000e+07 1.236311400000000000e+07 3.706979675292968750e+02 3.386600036621093750e+02 nan 1.266425200000000000e+07 2.297033480205827800e+02
1.125153750181198120e-01 7.606039196252822876e-02 1.970849203820953451e-09 1.331739800000000000e+07 1.297601500000000000e+07 3.520292968750000000e+02 3.216030883789062500e+02 nan 1.326524300000000000e+07 2.170168848137902842e+02
1.178998723626136780e-01 7.970031350851058960e-02 1.967627323526894450e-09 1.397890600000000000e+07 1.366547300000000000e+07 3.367172241210937500e+02 3.076124877929687500e+02 nan 1.393101900000000000e+07 2.074846982574758840e+02
1.232843771576881409e-01 8.334024250507354736e-02 1.964554264128985100e-09 1.465560300000000000e+07 1.437260500000000000e+07 3.230229492187500000e+02 2.951001586914062500e+02 nan 1.461236600000000000e+07 1.991517250903778233e+02
1.286688745021820068e-01 8.698015660047531128e-02 1.961617102724775952e-09 1.529473000000000000e+07 1.503265000000000000e+07 3.095977783203125000e+02 2.828344116210937500e+02 nan 1.525469000000000000e+07 1.905084873468388764e+02
1.340533792972564697e-01 9.062008559703826904e-02 1.958804483640675406e-09 1.584994500000000000e+07 1.559027100000000000e+07 2.956161499023437500e+02 2.700611877441406250e+02 nan 1.581027300000000000e+07 1.806550793477786954e+02
1.394378840923309326e-01 9.426000714302062988e-02 1.956106446915437174e-09 1.629553200000000000e+07 1.601640200000000000e+07 2.808707275390625000e+02 2.565910034179687500e+02 nan 1.625288700000000000e+07 1.694432197221664183e+02
1.448223739862442017e-01 9.789992123842239380e-02 1.953514161287429418e-09 1.663546100000000000e+07 1.631813600000000000e+07 2.657171325683593750e+02 2.427483825683593750e+02 nan 1.658698100000000000e+07 1.574041759200000854e+02
1.502068787813186646e-01 1.015398502349853516e-01 1.951019758654691563e-09 1.689983600000000000e+07 1.653406200000000000e+07 2.508250274658203125e+02 2.291447143554687500e+02 nan 1.684395200000000000e+07 1.454099290394591151e+02
1.555913835763931274e-01 1.051797717809677124e-01 1.948616241255242070e-09 1.713577000000000000e+07 1.672251700000000000e+07 2.369302368164062500e+02 2.164519653320312500e+02 nan 1.707263400000000000e+07 1.343426652748839842e+02
1.609758734703063965e-01 1.088196933269500732e-01 1.946297314463125787e-09 1.739711600000000000e+07 1.694799600000000000e+07 2.246574096679687500e+02 2.052405090332031250e+02 nan 1.732850200000000000e+07 1.248872960920411117e+02
1.663603782653808594e-01 1.124596148729324341e-01 1.944057316713681798e-09 1.772802000000000000e+07 1.726169000000000000e+07 2.143342132568359375e+02 1.958096160888671875e+02 nan 1.765677600000000000e+07 1.173591067313400771e+02
1.717448830604553223e-01 1.160995438694953918e-01 1.941891129256332855e-09 1.814573800000000000e+07 1.768244600000000000e+07 2.058714447021484375e+02 1.880779113769531250e+02 nan 1.807495600000000000e+07 1.116245131067054217e+02
1.771293878555297852e-01 1.197394654154777527e-01 1.939794125595426991e-09 1.863734400000000000e+07 1.819331200000000000e+07 1.988464050292968750e+02 1.816593780517578125e+02 nan 1.856950800000000000e+07 1.072232104258864496e+02
1.825138777494430542e-01 1.233793795108795166e-01 1.937762091126241291e-09 1.917005200000000000e+07 1.875328400000000000e+07 1.927076568603515625e+02 1.760504760742187500e+02 nan 1.910637800000000000e+07 1.035848633772518639e+02
1.878983825445175171e-01 1.270193010568618774e-01 1.935791175107242678e-09 1.970148200000000000e+07 1.931008200000000000e+07 1.869203948974609375e+02 1.707628631591796875e+02 nan 1.964168400000000000e+07 1.001668867179783291e+02
1.932828873395919800e-01 1.306592375040054321e-01 1.933877861004656685e-09 2.018771000000000000e+07 1.981098800000000000e+07 1.810469360351562500e+02 1.653967590332031250e+02 nan 2.013015400000000000e+07 9.652944640323860881e+01
1.986673772335052490e-01 1.342991441488265991e-01 1.932018951816384183e-09 2.059566800000000000e+07 2.021759400000000000e+07 1.748375549316406250e+02 1.597241058349609375e+02 nan 2.053790800000000000e+07 9.243159639354064439e+01
2.040518820285797119e-01 1.379390656948089600e-01 1.930211465507478933e-09 2.091539200000000000e+07 2.051928600000000000e+07 1.682880706787109375e+02 1.537409820556640625e+02 nan 2.085487600000000000e+07 8.789255002248516746e+01
2.094363868236541748e-01 1.415790021419525146e-01 1.928452677645768952e-09 2.116080800000000000e+07 2.073388800000000000e+07 1.615866699218750000e+02 1.476192474365234375e+02 nan 2.109558600000000000e+07 8.312925985350632629e+01
2.148208767175674438e-01 1.452189087867736816e-01 1.926740094380007882e-09 2.136133600000000000e+07 2.089787800000000000e+07 1.550035858154296875e+02 1.416056518554687500e+02 nan 2.129053200000000000e+07 7.843095312509861117e+01
2.202053815126419067e-01 1.488588303327560425e-01 1.925071368159055733e-09 2.155353400000000000e+07 2.105591600000000000e+07 1.488084869384765625e+02 1.359463806152343750e+02 nan 2.147751000000000000e+07 7.406910114043856197e+01
2.255898863077163696e-01 1.524987667798995972e-01 1.923444343781293656e-09 2.177315000000000000e+07 2.125066800000000000e+07 1.432126770019531250e+02 1.308344421386718750e+02 nan 2.169332600000000000e+07 7.024253389632974631e+01
2.309743911027908325e-01 1.561386883258819580e-01 1.921857033120720865e-09 2.204492400000000000e+07 2.151086000000000000e+07 1.383134765625000000e+02 1.263586959838867188e+02 nan 2.196332800000000000e+07 6.703222795418840008e+01
2.363588809967041016e-01 1.597786098718643188e-01 1.920307567935778733e-09 2.237558000000000000e+07 2.184344400000000000e+07 1.340748291015625000e+02 1.224862976074218750e+02 nan 2.229428400000000000e+07 6.439326995413331645e+01
2.417433857917785645e-01 1.634185314178466797e-01 1.918794213956308179e-09 2.275514400000000000e+07 2.223516200000000000e+07 1.303634185791015625e+02 1.190954360961914062e+02 nan 2.267570400000000000e+07 6.219575279760183406e+01
2.471278905868530273e-01 1.670584529638290405e-01 1.917315352832477265e-09 2.316177000000000000e+07 2.265852600000000000e+07 1.269976654052734375e+02 1.160203399658203125e+02 nan 2.308488600000000000e+07 6.027104548990033805e+01
2.525123953819274902e-01 1.706983745098114014e-01 1.915869472055197894e-09 2.356580200000000000e+07 2.307755600000000000e+07 1.237820663452148438e+02 1.130824737548828125e+02 nan 2.349120800000000000e+07 5.844120474331832327e+01
2.578969001770019531e-01 1.743383109569549561e-01 1.914455150219987163e-09 2.393687000000000000e+07 2.345658200000000000e+07 1.205489044189453125e+02 1.101286544799804688e+02 nan 2.386349200000000000e+07 5.655596348209216018e+01
2.632813751697540283e-01 1.779782027006149292e-01 1.913071083197014340e-09 2.425526800000000000e+07 2.377289800000000000e+07 1.172104415893554688e+02 1.070787506103515625e+02 nan 2.418157200000000000e+07 5.454059063139709451e+01
2.686658799648284912e-01 1.816181391477584839e-01 1.911715991580206360e-09 2.451864200000000000e+07 2.402402800000000000e+07 1.137759475708007812e+02 1.039412155151367188e+02 nan 2.444307600000000000e+07 5.241016314485108296e+01
2.740503847599029541e-01 1.852580606937408447e-01 1.910388727493893778e-09 2.473795600000000000e+07 2.422346400000000000e+07 1.103154067993164062e+02 1.007799301147460938e+02 nan 2.465935200000000000e+07 5.023368732049439700e+01
2.794348895549774170e-01 1.888979822397232056e-01 1.909088184011114833e-09 2.493019200000000000e+07 2.439244000000000000e+07 1.069156036376953125e+02 9.767414093017578125e+01 nan 2.484803600000000000e+07 4.809193992540316742e+01
2.848193943500518799e-01 1.925379037857055664e-01 1.907813323590368924e-09 2.511540200000000000e+07 2.455573800000000000e+07 1.036634750366210938e+02 9.470326995849609375e+01 nan 2.502989600000000000e+07 4.606217139086083989e+01
2.902038991451263428e-01 1.961778402328491211e-01 1.906563162582237113e-09 2.531497000000000000e+07 2.473870400000000000e+07 1.006377716064453125e+02 9.193915557861328125e+01 nan 2.522693000000000000e+07 4.421128107719595590e+01
2.955884039402008057e-01 1.998177617788314819e-01 1.905336787226579552e-09 2.554530200000000000e+07 2.495999600000000000e+07 9.788496398925781250e+01 8.942430114746093750e+01 nan 2.545588400000000000e+07 4.257637105843307523e+01
3.009728789329528809e-01 2.034576684236526489e-01 1.904133323856378078e-09 2.581079200000000000e+07 2.522414600000000000e+07 9.539816284179687500e+01 8.715240478515625000e+01 nan 2.572116400000000000e+07 4.114857546052773785e+01
3.063573837280273438e-01 2.070975899696350098e-01 1.902951936232507350e-09 2.610373600000000000e+07 2.552164000000000000e+07 9.312602233886718750e+01 8.507658386230468750e+01 nan 2.601480600000000000e+07 3.988274717477893461e+01
3.117418885231018066e-01 2.107375115156173706e-01 1.901791846628511990e-09 2.641041200000000000e+07 2.583567600000000000e+07 9.100166320800781250e+01 8.313574218750000000e+01 nan 2.632260400000000000e+07 3.872262437195542617e+01
3.171263933181762695e-01 2.143774479627609253e-01 1.900652308391623192e-09 2.671593400000000000e+07 2.614792000000000000e+07 8.896239471435546875e+01 8.127268218994140625e+01 nan 2.662915400000000000e+07 3.761690576861426649e+01
3.225108981132507324e-01 2.180173695087432861e-01 1.899532626729035332e-09 2.700583000000000000e+07 2.644098600000000000e+07 8.695502471923828125e+01 7.943875885009765625e+01 nan 2.691953600000000000e+07 3.652291778371792930e+01
3.278954029083251953e-01 2.216572910547256470e-01 1.898432128189829179e-09 2.726844400000000000e+07 2.670152400000000000e+07 8.494239807128906250e+01 7.760009765625000000e+01 nan 2.718183200000000000e+07 3.541169267934613885e+01
3.332799077033996582e-01 2.252972126007080078e-01 1.897350177081271127e-09 2.749931600000000000e+07 2.692487600000000000e+07 8.291458892822265625e+01 7.574759674072265625e+01 nan 2.741155600000000000e+07 3.427684445460695173e+01
3.386643826961517334e-01 2.289371192455291748e-01 1.896286172945125672e-09 2.770319200000000000e+07 2.711699600000000000e+07 8.089060974121093750e+01 7.389860534667968750e+01 nan 2.761363400000000000e+07 3.313537241035493253e+01
3.440488874912261963e-01 2.325770407915115356e-01 1.895239531240720810e-09 2.789087800000000000e+07 2.729083000000000000e+07 7.890478515625000000e+01 7.208448791503906250e+01 nan 2.779920400000000000e+07 3.201584971931424661e+01
3.494333922863006592e-01 2.362169772386550903e-01 1.894209703480833635e-09 2.807406000000000000e+07 2.746050800000000000e+07 7.698977661132812500e+01 7.033503723144531250e+01 nan 2.798032200000000000e+07 3.094440988965572004e+01
3.548178970813751221e-01 2.398568987846374512e-01 1.893196174858241155e-09 2.826251600000000000e+07 2.763791400000000000e+07 7.516898345947265625e+01 6.867166900634765625e+01 nan 2.816709000000000000e+07 2.993902490552829931e+01
3.602024018764495850e-01 2.434968203306198120e-01 1.892198441798694543e-09 2.846360000000000000e+07 2.783166600000000000e+07 7.345617675781250000e+01 6.710691070556640625e+01 nan 2.836705200000000000e+07 2.900971911494875854e+01
3.655869066715240479e-01 2.471367418766021729e-01 1.891216027459402332e-09 2.868103400000000000e+07 2.804571600000000000e+07 7.185369110107421875e+01 6.564293670654296875e+01 nan 2.858397200000000000e+07 2.815761145816499678e+01
3.709714114665985107e-01 2.507766783237457275e-01 1.890248472221847833e-09 2.891318000000000000e+07 2.827766600000000000e+07 7.034984588623046875e+01 6.426905059814453125e+01 nan 2.881608800000000000e+07 2.737323821285259484e+01
3.763558864593505859e-01 2.544165849685668945e-01 1.889295352117686434e-09 2.915346000000000000e+07 2.851950400000000000e+07 6.892201995849609375e+01 6.296460723876953125e+01 nan 2.905660600000000000e+07 2.663917961635260312e+01
3.817403912544250488e-01 2.580564916133880615e-01 1.888356242191734645e-09 2.939357400000000000e+07 2.876123600000000000e+07 6.754582214355468750e+01 6.170733261108398438e+01 nan 2.929696600000000000e+07 2.593709536684743711e+01
3.871248960494995117e-01 2.616964280605316162e-01 1.887430735669950155e-09 2.962638000000000000e+07 2.899422400000000000e+07 6.620204925537109375e+01 6.047969818115234375e+01 nan 2.952980000000000000e+07 2.525293140407424630e+01
3.925094008445739746e-01 2.653363645076751709e-01 1.886518457772270655e-09 2.984666400000000000e+07 2.921230400000000000e+07 6.487788391113281250e+01 5.926998519897460938e+01 nan 2.974974800000000000e+07 2.457758855749775861e+01
3.978939056396484375e-01 2.689762711524963379e-01 1.885619049100158659e-09 3.005145000000000000e+07 2.941225600000000000e+07 6.356683731079101562e+01 5.807226943969726562e+01 nan 2.995379800000000000e+07 2.390671644496302761e+01
4.032784104347229004e-01 2.726162075996398926e-01 1.884732143174389957e-09 3.024132200000000000e+07 2.959509600000000000e+07 6.227062988281250000e+01 5.688811111450195312e+01 nan 3.014259400000000000e+07 2.324198323970151492e+01
4.086629152297973633e-01 2.762561440467834473e-01 1.883857409814700777e-09 3.042082400000000000e+07 2.976629800000000000e+07 6.099893188476562500e+01 5.572634887695312500e+01 nan 3.032082400000000000e+07 2.259077179639008293e+01
4.140473902225494385e-01 2.798960208892822266e-01 1.882994538868699288e-09 3.059612600000000000e+07 2.993318200000000000e+07 5.976362228393554688e+01 5.459783935546875000e+01 nan 3.049484200000000000e+07 2.196184562702878651e+01
4.194318950176239014e-01 2.835359573364257812e-01 1.882143190604211824e-09 3.077216800000000000e+07 3.010171400000000000e+07 5.857294464111328125e+01 5.351008987426757812e+01 nan 3.066974000000000000e+07 2.136099522755944946e+01
4.248163998126983643e-01 2.871758937835693359e-01 1.881303079826970542e-09 3.095204200000000000e+07 3.027568800000000000e+07 5.743069076538085938e+01 5.246657562255859375e+01 nan 3.084871200000000000e+07 2.079076246526814842e+01
4.302009046077728271e-01 2.908158004283905029e-01 1.880473925305205483e-09 3.113790600000000000e+07 3.045750600000000000e+07 5.633835601806640625e+01 5.146865844726562500e+01 nan 3.103395600000000000e+07 2.025205635253453806e+01
4.355854094028472900e-01 2.944557368755340576e-01 1.879655436356054805e-09 3.133045000000000000e+07 3.064762000000000000e+07 5.529446029663085938e+01 5.051498031616210938e+01 nan 3.122612600000000000e+07 1.974369510067464972e+01
4.409699141979217529e-01 2.980956733226776123e-01 1.878847353036435648e-09 3.152751400000000000e+07 3.084329200000000000e+07 5.429254150390625000e+01 4.959965896606445312e+01 nan 3.142297600000000000e+07 1.926109034549234877e+01
4.463544189929962158e-01 3.017355799674987793e-01 1.878049424887222573e-09 3.172484000000000000e+07 3.103952800000000000e+07 5.332312011718750000e+01 4.871401596069335938e+01 nan 3.162013800000000000e+07 1.879764065214832414e+01
4.517388939857482910e-01 3.053754866123199463e-01 1.877261397654174740e-09 3.191866400000000000e+07 3.123183800000000000e+07 5.237831878662109375e+01 4.785087966918945312e+01 nan 3.181373400000000000e+07 1.834799771566559201e+01
4.571233987808227539e-01 3.090154230594635010e-01 1.876483026309890802e-09 3.210694000000000000e+07 3.141766400000000000e+07 5.145379638671875000e+01 4.700625991821289062e+01 nan 3.200163200000000000e+07 1.790931695403579482e+01
4.625079035758972168e-01 3.126553297042846680e-01 1.875714093387305177e-09 3.228851800000000000e+07 3.159565200000000000e+07 5.054705429077148438e+01 4.617789840698242188e+01 nan 3.218266200000000000e+07 1.748003696353203651e+01
4.678924083709716797e-01 3.162952661514282227e-01 1.874954364165268396e-09 3.246270400000000000e+07 3.176520000000000000e+07 4.965657043457031250e+01 4.536438751220703125e+01 nan 3.235614200000000000e+07 1.705921507518057822e+01
4.732769131660461426e-01 3.199352025985717773e-01 1.874203630559428286e-09 3.263022000000000000e+07 3.192737600000000000e+07 4.878311157226562500e+01 4.456643295288085938e+01 nan 3.252284400000000000e+07 1.664744851083296595e+01
4.786614179611206055e-01 3.235751092433929443e-01 1.873461691551420399e-09 3.279369800000000000e+07 3.208528600000000000e+07 4.793018722534179688e+01 4.378723907470703125e+01 nan 3.268547000000000000e+07 1.624715450663502025e+01
4.840458929538726807e-01 3.272150158882141113e-01 1.872728340933758753e-09 3.295631000000000000e+07 3.224257600000000000e+07 4.710174560546875000e+01 4.303041076660156250e+01 nan 3.284726800000000000e+07 1.586095347257425381e+01
4.894303977489471436e-01 3.308549523353576660e-01 1.872003379495005729e-09 3.311993000000000000e+07 3.240149000000000000e+07 4.629952621459960938e+01 4.229753494262695312e+01 nan 3.301016800000000000e+07 1.548993279724366623e+01
4.948149025440216064e-01 3.344948589801788330e-01 1.871286632213937058e-09 3.328499600000000000e+07 3.256263000000000000e+07 4.552304077148437500e+01 4.158816528320312500e+01 nan 3.317463400000000000e+07 1.513373034876221723e+01
5.001994371414184570e-01 3.381348252296447754e-01 1.870577900826693527e-09 3.345158400000000000e+07 3.272605400000000000e+07 4.477129364013671875e+01 4.090139770507812500e+01 nan 3.334073800000000000e+07 1.479164469661785297e+01
5.055838823318481445e-01 3.417747020721435547e-01 1.869877039368293133e-09 3.361968000000000000e+07 3.289155400000000000e+07 4.404318618774414062e+01 4.023621749877929688e+01 nan 3.350843800000000000e+07 1.446296730892777482e+01
5.109683871269226074e-01 3.454146385192871094e-01 1.869183849789121820e-09 3.378850000000000000e+07 3.305805400000000000e+07 4.333665466308593750e+01 3.959075164794921875e+01 nan 3.367690800000000000e+07 1.414635763175037120e+01
5.163528919219970703e-01 3.490545451641082764e-01 1.868498185335105332e-09 3.395612000000000000e+07 3.322331200000000000e+07 4.264833068847656250e+01 3.896192550659179688e+01 nan 3.384416000000000000e+07 1.383967505207047743e+01
5.217373967170715332e-01 3.526944816112518311e-01 1.867819876059786520e-09 3.412065200000000000e+07 3.338519200000000000e+07 4.197518157958984375e+01 3.834695816040039062e+01 nan 3.400829200000000000e+07 1.354099886035651679e+01
5.271219015121459961e-01 3.563344180583953857e-01 1.867148773833358248e-09 3.428144800000000000e+07 3.354290200000000000e+07 4.131587600708007812e+01 3.774464416503906250e+01 nan 3.416861600000000000e+07 1.324954573988756223e+01
5.325064063072204590e-01 3.599743247032165527e-01 1.866484735032350672e-09 3.443885200000000000e+07 3.369677600000000000e+07 4.067041397094726562e+01 3.715497589111328125e+01 nan 3.432548000000000000e+07 1.296535014678366693e+01
5.378909111022949219e-01 3.636142611503601074e-01 1.865827604301946768e-09 3.459317600000000000e+07 3.384722400000000000e+07 4.003874588012695312e+01 3.657790756225585938e+01 nan 3.447920800000000000e+07 1.268839174585293428e+01
5.432754158973693848e-01 3.672541677951812744e-01 1.865177252290424566e-09 3.474455600000000000e+07 3.399456800000000000e+07 3.942062377929687500e+01 3.601321792602539062e+01 nan 3.462997600000000000e+07 1.241853697096361664e+01
5.486599206924438477e-01 3.708941042423248291e-01 1.864533532427482462e-09 3.489385600000000000e+07 3.413985200000000000e+07 3.881661605834960938e+01 3.546141815185546875e+01 nan 3.477866400000000000e+07 1.215613044352998529e+01
5.540444254875183105e-01 3.745340406894683838e-01 1.863896318172137942e-09 3.504255200000000000e+07 3.428472400000000000e+07 3.822790145874023438e+01 3.492359161376953125e+01 nan 3.492677200000000000e+07 1.190189993148302250e+01
5.594289302825927734e-01 3.781739473342895508e-01 1.863265486641235488e-09 3.519158000000000000e+07 3.443023600000000000e+07 3.765496826171875000e+01 3.440018463134765625e+01 nan 3.507526400000000000e+07 1.165613302816008101e+01
5.648134350776672363e-01 3.818138837814331055e-01 1.862640903204479876e-09 3.534076000000000000e+07 3.457623200000000000e+07 3.709704589843750000e+01 3.389048385620117188e+01 nan 3.522396000000000000e+07 1.141833536883876121e+01
5.701979398727416992e-01 3.854538202285766602e-01 1.862022452330667509e-09 3.548955600000000000e+07 3.472212000000000000e+07 3.655302810668945312e+01 3.339348983764648438e+01 nan 3.537230800000000000e+07 1.118783357179219173e+01
5.755824446678161621e-01 3.890937268733978271e-01 1.861410021730888845e-09 3.563790400000000000e+07 3.486774400000000000e+07 3.602236557006835938e+01 3.290869140625000000e+01 nan 3.552024400000000000e+07 1.096429441378359471e+01
5.809668898582458496e-01 3.927336037158966064e-01 1.860803497296447543e-09 3.578579600000000000e+07 3.501296800000000000e+07 3.550455093383789062e+01 3.243563461303710938e+01 nan 3.566772400000000000e+07 1.074743179169718488e+01
5.863513946533203125e-01 3.963735401630401611e-01 1.860202753428811389e-09 3.593254400000000000e+07 3.515699600000000000e+07 3.499847030639648438e+01 3.197329711914062500e+01 nan 3.581405600000000000e+07 1.053656776308449317e+01
5.917358994483947754e-01 4.000134766101837158e-01 1.859607692406273365e-09 3.607717200000000000e+07 3.529877200000000000e+07 3.450279235839843750e+01 3.152046394348144531e+01 nan 3.595825200000000000e+07 1.033092895178063664e+01
5.971204042434692383e-01 4.036533832550048828e-01 1.859018214291441706e-09 3.621945200000000000e+07 3.543804000000000000e+07 3.401698303222656250e+01 3.107664489746093750e+01 nan 3.610007200000000000e+07 1.013021426620628951e+01
6.025049090385437012e-01 4.072933197021484375e-01 1.858434207544148841e-09 3.635994800000000000e+07 3.557538000000000000e+07 3.354126739501953125e+01 3.064205551147460938e+01 nan 3.624008000000000000e+07 9.934564014991519088e+00
6.078894138336181641e-01 4.109332561492919922e-01 1.857855577876460681e-09 3.649900800000000000e+07 3.571119600000000000e+07 3.307568359375000000e+01 3.021671676635742188e+01 nan 3.637864800000000000e+07 9.743997664582376927e+00
6.132739186286926270e-01 4.145731627941131592e-01 1.857282233477322155e-09 3.663652800000000000e+07 3.584545600000000000e+07 3.261983108520507812e+01 2.980026626586914062e+01 nan 3.651566800000000000e+07 9.558286281111779914e+00
6.186584234237670898e-01 4.182130992412567139e-01 1.856714071034082293e-09 3.677263200000000000e+07 3.597835200000000000e+07 3.217353057861328125e+01 2.939253997802734375e+01 nan 3.665128400000000000e+07 9.377316328281001034e+00
6.240429282188415527e-01 4.218530058860778809e-01 1.856151008397507339e-09 3.690799600000000000e+07 3.611060800000000000e+07 3.173708534240722656e+01 2.899382019042968750e+01 nan 3.678617200000000000e+07 9.201269410983632824e+00
6.294274330139160156e-01 4.254929423332214355e-01 1.855592947277603754e-09 3.704318400000000000e+07 3.624283200000000000e+07 3.131067657470703125e+01 2.860426712036132812e+01 nan 3.692090800000000000e+07 9.030237604296598164e+00
6.556535363197326660e-01 4.432217776775360107e-01 1.852943630635520644e-09 3.769150400000000000e+07 3.687790400000000000e+07 2.936104965209960938e+01 2.682316017150878906e+01 nan 3.756720400000000000e+07 8.259673911471580254e+00
8.039034605026245117e-01 5.434387326240539551e-01 1.839770603253567837e-09 4.095469600000000000e+07 4.007084400000000000e+07 2.122136306762695312e+01 1.938704490661621094e+01 nan 4.081966400000000000e+07 5.252866568867439412e+00
9.932619333267211914e-01 6.714450716972351074e-01 1.826201010048688587e-09 4.440227600000000000e+07 4.344429200000000000e+07 1.507146358489990234e+01 1.376872634887695312e+01 nan 4.425591600000000000e+07 3.249410254789765862e+00
1.227223634719848633e+00 8.296031951904296875e-01 1.812731498599941669e-09 4.790423600000000000e+07 4.687094000000000000e+07 1.065135097503662109e+01 9.730677604675292969e+00 nan 4.774636800000000000e+07 1.990430642840490094e+00
1.516294717788696289e+00 1.025015234947204590e+00 1.799361337301671755e-09 5.145344400000000000e+07 5.034379200000000000e+07 7.494209289550781250e+00 6.846427917480468750e+00 nan 5.128390800000000000e+07 1.208462910948809199e+00
1.873456120491027832e+00 1.266456365585327148e+00 1.786089789356977996e-09 5.504274000000000000e+07 5.385584000000000000e+07 5.251602649688720703e+00 4.797667026519775391e+00 nan 5.486140800000000000e+07 7.277959644566984743e-01
2.314746379852294922e+00 1.564768552780151367e+00 1.772916133006574509e-09 5.866668000000000000e+07 5.740173600000000000e+07 3.666601896286010742e+00 3.349668979644775391e+00 nan 5.847342400000000000e+07 4.351088039497494342e-01
2.859982252120971680e+00 1.933347940444946289e+00 1.759839636962373426e-09 6.232037200000000000e+07 6.097669200000000000e+07 2.551424264907836914e+00 2.330883979797363281e+00 nan 6.211508400000000000e+07 2.583926323357491617e-01
3.533647537231445312e+00 2.388745784759521484e+00 1.746859588797865175e-09 6.599945200000000000e+07 6.457638800000000000e+07 1.770000100135803223e+00 1.617004156112670898e+00 nan 6.578203600000000000e+07 1.525126631200809657e-01
4.365993976593017578e+00 2.951411962509155273e+00 1.733975279535418463e-09 6.970018400000000000e+07 6.819712000000000000e+07 1.224467277526855469e+00 1.118625521659851074e+00 nan 6.947054400000000000e+07 8.951550081864810549e-02
5.394398689270019531e+00 3.646613597869873047e+00 1.721185999058096773e-09 7.341956800000000000e+07 7.183587200000000000e+07 8.448999524116516113e-01 7.718669772148132324e-01 nan 7.317760800000000000e+07 5.227080832377496711e-02
6.665042877197265625e+00 4.505568981170654297e+00 1.708491050912268841e-09 7.715438400000000000e+07 7.548933600000000000e+07 5.816132426261901855e-01 5.313379168510437012e-01 nan 7.690000000000000000e+07 3.037819795098974096e-02
8.234986305236816406e+00 5.566850662231445312e+00 1.695889732548296616e-09 8.090260800000000000e+07 7.915535200000000000e+07 3.994996249675750732e-01 3.649655878543853760e-01 nan 8.063567200000000000e+07 1.757806352959060542e-02
1.017472743988037109e+01 6.878115653991699219e+00 1.683381361073609185e-09 8.466180000000000000e+07 8.283112000000000000e+07 2.738553583621978760e-01 2.501815855503082275e-01 nan 8.438210400000000000e+07 1.013038743057598397e-02
1.257137203216552734e+01 8.498247146606445312e+00 1.670965250288532184e-09 8.842981600000000000e+07 8.651404000000000000e+07 1.873753070831298828e-01 1.711764931678771973e-01 nan 8.813712800000000000e+07 5.816394297891586303e-03
1.553254413604736328e+01 1.050000000000000000e+01 1.658640709094829109e-09 9.220479200000000000e+07 9.020139200000000000e+07 1.279813498258590698e-01 1.169162988662719727e-01 nan 9.189872000000000000e+07 3.327885267185189816e-03
