# k/h [h/Mpc]            k [1/Mpc]              Primoridal             T_cdm(k)                 T_bar(k)                 T_phot(k)                T_massless neutrions(k)  T_massive neutrinos(k)   T_total(k)               Linear Pk [(Mpc/h)^3]  
1.049045658874092624e-05 7.091548468451946974e-06 2.727206404909961128e-09 1.000000000000000000e+00 1.000000000000000000e+00 1.000000000000000000e+00 1.000000000000000000e+00 nan 1.000000000000000000e+00 2.237924621034548700e+00
1.158353370556142181e-05 7.830468348402064294e-06 2.717761705682844603e-09 9.999998807907104492e-01 9.999998807907104492e-01 9.999769330024719238e-01 9.999765157699584961e-01 nan 9.999998807907104492e-01 2.462551946014710946e+00
1.279050593439023942e-05 8.646382411825470626e-06 2.708349706436794825e-09 9.999995231628417969e-01 9.999995231628417969e-01 9.999489188194274902e-01 9.999480247497558594e-01 nan 9.999995231628417969e-01 2.709724189822154461e+00
1.412324218108551577e-05 9.547311492497101426e-06 2.698970312856197758e-09 9.999992847442626953e-01 9.999992847442626953e-01 9.999147057533264160e-01 9.999131560325622559e-01 nan 9.999992847442626953e-01 2.981706864978453275e+00
1.559484553581569344e-05 1.054211588780162856e-05 2.689623392481895528e-09 9.999989867210388184e-01 9.999988675117492676e-01 9.998729228973388672e-01 9.998707175254821777e-01 nan 9.999989867210388184e-01 3.280988400066907396e+00
1.721978514979127795e-05 1.164057448477251455e-05 2.680308856040028027e-09 9.999985098838806152e-01 9.999983906745910645e-01 9.998221397399902344e-01 9.998189210891723633e-01 nan 9.999985098838806152e-01 3.610308627389241742e+00
1.901403993542771786e-05 1.285349117097212002e-05 2.671026563908324178e-09 9.999979138374328613e-01 9.999979138374328613e-01 9.997602105140686035e-01 9.997558593750000000e-01 nan 9.999979138374328613e-01 3.972682350258450956e+00
2.099525045196060091e-05 1.419278942194068804e-05 2.661776424936157355e-09 9.999972581863403320e-01 9.999971389770507812e-01 9.996845722198486328e-01 9.996788501739501953e-01 nan 9.999972581863403320e-01 4.371427599411501497e+00
2.318289807590190321e-05 1.567163963045459241e-05 2.652558315858844083e-09 9.999964237213134766e-01 9.999963045120239258e-01 9.995925426483154297e-01 9.995850920677185059e-01 nan 9.999964237213134766e-01 4.810194116584200152e+00
2.559849235694855452e-05 1.730458097881637514e-05 2.643372135990062650e-09 9.999954104423522949e-01 9.999952912330627441e-01 9.994801878929138184e-01 9.994707107543945312e-01 nan 9.999954104423522949e-01 5.292998462230036338e+00
2.826578383974265307e-05 1.910767059598583728e-05 2.634217767634683471e-09 9.999942779541015625e-01 9.999941587448120117e-01 9.993432760238647461e-01 9.993312954902648926e-01 nan 9.999942779541015625e-01 5.824260251396080612e+00
3.121100235148333013e-05 2.109863817167934030e-05 2.625095097817206075e-09 9.999927878379821777e-01 9.999926686286926270e-01 9.991762638092041016e-01 9.991614222526550293e-01 nan 9.999927878379821777e-01 6.408841426016030240e+00
3.446310074650682509e-05 2.329705603187903762e-05 2.616004033478672110e-09 9.999909400939941406e-01 9.999908208847045898e-01 9.989728331565856934e-01 9.989542365074157715e-01 nan 9.999909400939941406e-01 7.052091574387215012e+00
3.805406231549568474e-05 2.572454650362487882e-05 2.606944439452153756e-09 9.999887347221374512e-01 9.999884963035583496e-01 9.987248182296752930e-01 9.987016916275024414e-01 nan 9.999887347221374512e-01 7.759898935679682808e+00
4.201919000479392707e-05 2.840497290890198201e-05 2.597916226597658093e-09 9.999861121177673340e-01 9.999857544898986816e-01 9.984225034713745117e-01 9.983938336372375488e-01 nan 9.999859929084777832e-01 8.538739804375836684e+00
4.639747567125596106e-05 3.136469240416772664e-05 2.588919279439887767e-09 9.999827742576599121e-01 9.999825358390808105e-01 9.980539679527282715e-01 9.980187416076660156e-01 nan 9.999827742576599121e-01 9.395738966844870532e+00
5.123196388012729585e-05 3.463280881987884641e-05 2.579953483847589841e-09 9.999788999557495117e-01 9.999785423278808594e-01 9.976047873497009277e-01 9.975615143775939941e-01 nan 9.999787807464599609e-01 1.033873970599965553e+01
5.657019573845900595e-05 3.824145096587017179e-05 2.571018745591721348e-09 9.999739527702331543e-01 9.999735951423645020e-01 9.970573186874389648e-01 9.970042109489440918e-01 nan 9.999738335609436035e-01 1.137635996513406766e+01
6.246465636650100350e-05 4.222610732540488243e-05 2.562114941593048984e-09 9.999679923057556152e-01 9.999675154685974121e-01 9.963904619216918945e-01 9.963251352310180664e-01 nan 9.999679923057556152e-01 1.251809322984148842e+01
6.897329876665025949e-05 4.662595165427774191e-05 2.553241977543412439e-09 9.999608397483825684e-01 9.999603033065795898e-01 9.955777525901794434e-01 9.954978227615356445e-01 nan 9.999607205390930176e-01 1.377437808763530924e+01
7.616012590005993843e-05 5.148424679646268487e-05 2.544399743325443185e-09 9.999520182609558105e-01 9.999513626098632812e-01 9.945877790451049805e-01 9.944899678230285645e-01 nan 9.999518990516662598e-01 1.515668911386261186e+01
8.409580186707898974e-05 5.684876305167563260e-05 2.535588130685252624e-09 9.999413490295410156e-01 9.999404549598693848e-01 9.933819174766540527e-01 9.932624101638793945e-01 nan 9.999412298202514648e-01 1.667765970390847130e+01
9.285835403716191649e-05 6.277224747464060783e-05 2.526807033334104165e-09 9.999282360076904297e-01 9.999272227287292480e-01 9.919136166572570801e-01 9.917677640914916992e-01 nan 9.999281764030456543e-01 1.835117225545157993e+01
1.025339443003758788e-04 6.931294774403795600e-05 2.518056339675267213e-09 9.999123215675354004e-01 9.999110698699951172e-01 9.901261329650878906e-01 9.899480938911437988e-01 nan 9.999120831489562988e-01 2.019249518564352641e+01
1.132176985265687108e-04 7.653516513528302312e-05 2.509335958204897443e-09 9.998928904533386230e-01 9.998914003372192383e-01 9.879509210586547852e-01 9.877338409423828125e-01 nan 9.998926520347595215e-01 2.221841956111195060e+01
1.250146742677316070e-04 8.450992027064785361e-05 2.500645773867358897e-09 9.998692870140075684e-01 9.998673200607299805e-01 9.853047132492065430e-01 9.850403666496276855e-01 nan 9.998689293861389160e-01 2.444739865481783880e+01
1.380408502882346511e-04 9.331561159342527390e-05 2.491985695624705562e-09 9.998403191566467285e-01 9.998381733894348145e-01 9.820874929428100586e-01 9.817656278610229492e-01 nan 9.998401403427124023e-01 2.689970675906584319e+01
1.524243270978331566e-04 1.030388448270969093e-04 2.483355596498544299e-09 9.998052120208740234e-01 9.998024702072143555e-01 9.781782627105712891e-01 9.777868390083312988e-01 nan 9.998048543930053711e-01 2.959763686327155341e+01
1.683065347606316209e-04 1.137752187787555158e-04 2.474755379885282393e-09 9.997625350952148438e-01 9.997590780258178711e-01 9.734317660331726074e-01 9.729561209678649902e-01 nan 9.997619390487670898e-01 3.256567069513796042e+01
1.858436153270304203e-04 1.256302784895524383e-04 2.466184957973141175e-09 9.997103214263916016e-01 9.997061491012573242e-01 9.676740169525146484e-01 9.670967459678649902e-01 nan 9.997097253799438477e-01 3.583064954878092578e+01
2.052080089924857020e-04 1.387206139042973518e-04 2.457644209414643305e-09 9.996468424797058105e-01 9.996417760848999023e-01 9.606974124908447266e-01 9.599975347518920898e-01 nan 9.996460080146789551e-01 3.942207931750217398e+01
2.265901130158454180e-04 1.531749148853123188e-04 2.449133045395065615e-09 9.995695948600769043e-01 9.995633959770202637e-01 9.522553086280822754e-01 9.514082670211791992e-01 nan 9.995686411857604980e-01 4.337229891118369096e+01
2.502001880202442408e-04 1.691353245405480266e-04 2.440651351248999153e-09 9.994754791259765625e-01 9.994680285453796387e-01 9.420571327209472656e-01 9.410337209701538086e-01 nan 9.994742870330810547e-01 4.771672958459875247e+01
2.762703516054898500e-04 1.867587561719119549e-04 2.432199034655000626e-09 9.993609189987182617e-01 9.993518590927124023e-01 9.297627806663513184e-01 9.285288453102111816e-01 nan 9.993595480918884277e-01 5.249418198008461900e+01
3.050569503102451563e-04 2.062184939859434962e-04 2.423775992290330563e-09 9.992216825485229492e-01 9.992106556892395020e-01 9.149782657623291016e-01 9.134945869445800781e-01 nan 9.992199540138244629e-01 5.774709749148507143e+01
3.368430479895323515e-04 2.277058956678956747e-04 2.415382114947829304e-09 9.990524053573608398e-01 9.990390539169311523e-01 8.972536921501159668e-01 8.954750895500183105e-01 nan 9.990503191947937012e-01 6.352183337520336437e+01
3.719411906786262989e-04 2.514322404749691486e-04 2.407017301830847028e-09 9.988467097282409668e-01 9.988306164741516113e-01 8.760837316513061523e-01 8.739598393440246582e-01 nan 9.988442063331604004e-01 6.986894876593940751e+01
4.106964333914220333e-04 2.776307810563594103e-04 2.398681465071051552e-09 9.985970854759216309e-01 9.985775351524353027e-01 8.509147167205810547e-01 8.483901619911193848e-01 nan 9.985940456390380859e-01 7.684349716516064177e+01
4.534898616839200258e-04 3.065591445192694664e-04 2.390374494355455649e-09 9.982942938804626465e-01 9.982708692550659180e-01 8.211594223976135254e-01 8.181756138801574707e-01 nan 9.982907176017761230e-01 8.450525951994303853e+01
5.007422878406941891e-04 3.385017917025834322e-04 2.382096284987275655e-09 9.979274272918701172e-01 9.978994131088256836e-01 7.862252593040466309e-01 7.827227711677551270e-01 nan 9.979231953620910645e-01 9.291900949570747059e+01
5.529182380996644497e-04 3.737727238330990076e-04 2.373846756225058361e-09 9.974837303161621094e-01 9.974502921104431152e-01 7.455595135688781738e-01 7.414828538894653320e-01 nan 9.974786639213562012e-01 1.021546822089499358e+02
6.105307838879525661e-04 4.127188003621995449e-04 2.365625794166928840e-09 9.969478249549865723e-01 9.969079494476318359e-01 6.987188458442687988e-01 6.940221190452575684e-01 nan 9.969417452812194824e-01 1.122875200465432641e+02
6.741464603692293167e-04 4.557229985948652029e-04 2.357433293568910220e-09 9.963017106056213379e-01 9.962546229362487793e-01 6.454655528068542480e-01 6.401218175888061523e-01 nan 9.962946176528930664e-01 1.233980978880278627e+02
7.443906506523489952e-04 5.032080807723104954e-04 2.349269171114912410e-09 9.955247640609741211e-01 9.954694509506225586e-01 5.858972668647766113e-01 5.799092054367065430e-01 nan 9.955163002014160156e-01 1.355722738160556275e+02
8.219541050493717194e-04 5.556409596465528011e-04 2.341133324843220307e-09 9.945929050445556641e-01 9.945282936096191406e-01 5.206032991409301758e-01 5.140160918235778809e-01 nan 9.945828914642333984e-01 1.489009372606314230e+02
9.075994603335857391e-04 6.135372095741331577e-04 2.333025652639057309e-09 9.934785962104797363e-01 9.934037923812866211e-01 4.508353471755981445e-01 4.437489211559295654e-01 nan 9.934671521186828613e-01 1.634796937102994718e+02
1.002168864943087101e-03 6.774661596864461899e-04 2.324946049885245546e-09 9.921513199806213379e-01 9.920655488967895508e-01 3.786568343639373779e-01 3.712342381477355957e-01 nan 9.921382069587707520e-01 1.794083460551710516e+02
1.106592128053307533e-03 7.480562780983746052e-04 2.316894434325377400e-09 9.905769824981689453e-01 9.904796481132507324e-01 3.070092201232910156e-01 2.994745373725891113e-01 nan 9.905622005462646484e-01 1.967901397940685229e+02
1.221895916387438774e-03 8.260016329586505890e-04 2.308870708568745277e-09 9.887185096740722656e-01 9.886092543601989746e-01 2.396026700735092163e-01 2.322212606668472290e-01 nan 9.887018799781799316e-01 2.157308093652207219e+02
1.349214115180075169e-03 9.120687609538435936e-04 2.300874762407135126e-09 9.865360856056213379e-01 9.864150285720825195e-01 1.805194616317749023e-01 1.735536903142929077e-01 nan 9.865176081657409668e-01 2.363376168177694581e+02
1.489798538386821747e-03 1.007103826850652695e-03 2.292906509188567727e-09 9.839879870414733887e-01 9.838551878929138184e-01 1.334446966648101807e-01 1.270855367183685303e-01 nan 9.839677810668945312e-01 2.587179412930807985e+02
1.645031501539051533e-03 1.112041296437382698e-03 2.284965850418265676e-09 9.810307621955871582e-01 9.808861017227172852e-01 1.005565151572227478e-01 9.484678506851196289e-02 nan 9.810087084770202637e-01 2.829776922388379603e+02
1.816439209505915642e-03 1.227912958711385727e-03 2.277052691606405739e-09 9.776191711425781250e-01 9.774620532989501953e-01 8.135875314474105835e-02 7.614803314208984375e-02 nan 9.775951504707336426e-01 3.092191690442930962e+02
2.005707239732146263e-03 1.355858054012060165e-03 2.269166941709029953e-09 9.737066030502319336e-01 9.735351204872131348e-01 7.208779454231262207e-02 6.707730889320373535e-02 nan 9.736803174018859863e-01 3.375384619701607107e+02
2.214696491137146950e-03 1.497134799137711525e-03 2.261308494449764354e-09 9.692435264587402344e-01 9.690539240837097168e-01 6.654789298772811890e-02 6.146354600787162781e-02 nan 9.692144989967346191e-01 3.680212591709983485e+02
2.445461694151163101e-03 1.653132145293056965e-03 2.253477264686429142e-09 9.641767144203186035e-01 9.639631509780883789e-01 5.884433165192604065e-02 5.368119850754737854e-02 nan 9.641441106796264648e-01 4.007378491634785291e+02
2.700272016227245331e-03 1.825383864343166351e-03 2.245673160886940457e-09 9.584485888481140137e-01 9.582032561302185059e-01 4.702859744429588318e-02 4.215835034847259521e-02 nan 9.584110975265502930e-01 4.357372991842281635e+02
2.981632947921752930e-03 2.015583915635943413e-03 2.237896076485985185e-09 9.519965052604675293e-01 9.517115950584411621e-01 3.463176637887954712e-02 3.052980266511440277e-02 nan 9.519529342651367188e-01 4.730399939455153913e+02
3.292310982942581177e-03 2.225602278485894203e-03 2.230145925871712440e-09 9.447551965713500977e-01 9.444229006767272949e-01 2.700143121182918549e-02 2.370273694396018982e-02 nan 9.447044730186462402e-01 5.126320161613414257e+02
3.635360859334468842e-03 2.457503927871584892e-03 2.222422616889744185e-09 9.366573095321655273e-01 9.362699985504150391e-01 2.446243166923522949e-02 2.098170854151248932e-02 nan 9.365981221199035645e-01 5.544580062098777944e+02
4.014155361801385880e-03 2.713568974286317825e-03 2.214726058195065524e-09 9.276344180107116699e-01 9.271818995475769043e-01 2.142563089728355408e-02 1.704474352300167084e-02 nan 9.275652766227722168e-01 5.984129205947249375e+02
4.432419314980506897e-03 2.996315481141209602e-03 2.207056148657132701e-09 9.176165461540222168e-01 9.170840978622436523e-01 1.565551012754440308e-02 1.383008155971765518e-02 nan 9.175351262092590332e-01 6.443320210583367498e+02
4.894265439361333847e-03 3.308523446321487427e-03 2.199412800139309644e-09 9.065319895744323730e-01 9.059019088745117188e-01 1.217331830412149429e-02 1.120688952505588531e-02 nan 9.064357280731201172e-01 6.919800500759993156e+02
5.404234398156404495e-03 3.653262509033083916e-03 2.191795924301313793e-09 8.943089842796325684e-01 8.935620784759521484e-01 1.109563466161489487e-02 9.068081155419349670e-03 nan 8.941948413848876953e-01 7.410414649832337091e+02
5.967340432107448578e-03 4.033922217786312103e-03 2.184205430909534259e-09 8.808755874633789062e-01 8.799898624420166016e-01 8.040161803364753723e-03 7.325972430408000946e-03 nan 8.807402849197387695e-01 7.911093149582268325e+02
6.589121185243129730e-03 4.454245790839195251e-03 2.176641221197925960e-09 8.661599755287170410e-01 8.651071190834045410e-01 6.868722382932901382e-03 5.908288527280092239e-03 nan 8.659991025924682617e-01 8.416734360118518907e+02
7.275689393281936646e-03 4.918366204947233200e-03 2.169103203027300791e-09 8.500906229019165039e-01 8.488380312919616699e-01 5.721302703022956848e-03 4.755917936563491821e-03 nan 8.498992919921875000e-01 8.921088533718308327e+02
8.033796213567256927e-03 5.430846009403467178e-03 2.161591299930936394e-09 8.325963616371154785e-01 8.311069011688232422e-01 4.111794289201498032e-03 3.820357844233512878e-03 nan 8.323687911033630371e-01 9.416650527394083383e+02
8.870895951986312866e-03 5.996725521981716156e-03 2.154105401952956366e-09 8.136064410209655762e-01 8.118355870246887207e-01 3.598215989768505096e-03 3.061786061152815819e-03 nan 8.133358955383300781e-01 9.894554280245695281e+02
9.795218706130981445e-03 6.621567998081445694e-03 2.146645430474833453e-09 7.930517792701721191e-01 7.909495234489440918e-01 2.976240357384085655e-03 2.447624690830707550e-03 nan 7.927306294441223145e-01 1.034452562717772253e+03
1.081585418432950974e-02 7.311517372727394104e-03 2.139211293795359687e-09 7.708641290664672852e-01 7.683730125427246094e-01 1.953904284164309502e-03 1.951173413544893265e-03 nan 7.704834938049316406e-01 1.075482127535621657e+03
1.194283645600080490e-02 8.073357865214347839e-03 2.131802900090153706e-09 7.469782829284667969e-01 7.440347671508789062e-01 1.729049603454768658e-03 1.550560002215206623e-03 nan 7.465285658836364746e-01 1.111228940655380711e+03
1.318724639713764191e-02 8.914578706026077271e-03 2.124420174276236449e-09 7.213357686996459961e-01 7.178698182106018066e-01 1.380586414597928524e-03 1.227916684001684189e-03 nan 7.208062410354614258e-01 1.140256515030314631e+03
1.456132158637046814e-02 9.843453764915466309e-03 2.117063005254935590e-09 6.938884854316711426e-01 6.898264884948730469e-01 1.064407406374812126e-03 9.686297271400690079e-04 nan 6.932679414749145508e-01 1.161039486164724167e+03
1.607857085764408112e-02 1.086911372840404510e-02 2.109731324472420402e-09 6.646079421043395996e-01 6.598750352859497070e-01 8.921576081775128841e-04 7.607706938870251179e-04 nan 6.638848781585693359e-01 1.172029818272518014e+03
1.775391399860382080e-02 1.200164575129747391e-02 2.102425026951150955e-09 6.334969401359558105e-01 6.280223131179809570e-01 7.051558932289481163e-04 5.946129676885902882e-04 nan 6.326605081558227539e-01 1.171754788426676896e+03
1.960382424294948578e-02 1.325218472629785538e-02 2.095144031049849183e-09 6.006072759628295898e-01 5.943317413330078125e-01 4.944724496454000473e-04 4.622333799488842487e-04 nan 5.996484160423278809e-01 1.158961111964235442e+03
2.164648845791816711e-02 1.463302597403526306e-02 2.087888252770266929e-09 5.660632252693176270e-01 5.589494705200195312e-01 3.795672673732042313e-04 3.571855777408927679e-04 nan 5.649764537811279297e-01 1.132811531017727930e+03
2.390199340879917145e-02 1.615774817764759064e-02 2.080657597354892904e-09 5.300908684730529785e-01 5.221372842788696289e-01 2.976248215418308973e-04 2.742296783253550529e-04 nan 5.288757085800170898e-01 1.093121507814375036e+03
2.639251388609409332e-02 1.784133911132812500e-02 2.073451995948668221e-09 4.930496811866760254e-01 4.843071103096008301e-01 2.477100060787051916e-04 2.091073693009093404e-04 nan 4.917140603065490723e-01 1.040612822854972819e+03
2.914254181087017059e-02 1.970035769045352936e-02 2.066271340052806293e-09 4.554633498191833496e-01 4.460533559322357178e-01 1.693701924523338675e-04 1.583552802912890911e-04 nan 4.540257453918457031e-01 9.771352854634837968e+02
3.217911347746849060e-02 2.175308018922805786e-02 2.059115554147728899e-09 4.180361032485961914e-01 4.081677198410034180e-01 1.468558912165462971e-04 1.191495321108959615e-04 nan 4.165284335613250732e-01 9.057647814266671276e+02
3.553209081292152405e-02 2.401969395577907562e-02 2.051984539888671147e-09 3.816393613815307617e-01 3.716182708740234375e-01 9.981793846236541867e-05 8.917703962652012706e-05 nan 3.801083564758300781e-01 8.306809362193810102e+02
3.923443704843521118e-02 2.652247995138168335e-02 2.044878229365854235e-09 3.472463190555572510e-01 3.374682962894439697e-01 7.089359132805839181e-05 6.652935553574934602e-05 nan 3.457524478435516357e-01 7.567339694255136919e+02
4.332255572080612183e-02 2.928604744374752045e-02 2.037796533657790378e-09 3.157923221588134766e-01 3.067099452018737793e-01 5.719665205106139183e-05 4.961884042131714523e-05 nan 3.144047260284423828e-01 6.886697765244596212e+02
4.765481501817703247e-02 3.221465647220611572e-02 2.031010053452367756e-09 2.888735532760620117e-01 2.808766663074493408e-01 4.089309368282556534e-05 3.751894109882414341e-05 nan 2.876518070697784424e-01 6.317823157631589766e+02
5.198707059025764465e-02 3.514325991272926331e-02 2.024834231214258902e-09 2.675376832485198975e-01 2.608044743537902832e-01 3.183738226653076708e-05 2.921026862168218940e-05 nan 2.665089964866638184e-01 5.893696954772130994e+02
5.631932616233825684e-02 3.807186335325241089e-02 2.019169610001785353e-09 2.500806748867034912e-01 2.446049302816390991e-01 2.537164255045354366e-05 2.327791298739612103e-05 nan 2.492441236972808838e-01 5.563186520752118440e+02
6.065158173441886902e-02 4.100047051906585693e-02 2.013939112582009273e-09 2.353042811155319214e-01 2.309249043464660645e-01 2.059529288089834154e-05 1.889561099233105779e-05 nan 2.346352189779281616e-01 5.290310479993555646e+02
6.498383730649948120e-02 4.392907395958900452e-02 2.009081821590703985e-09 2.220843136310577393e-01 2.185351252555847168e-01 1.694023558229673654e-05 1.554212940391153097e-05 nan 2.215420752763748169e-01 5.036998215842866102e+02
6.931609660387039185e-02 4.685768112540245056e-02 2.004548729015451583e-09 2.095952481031417847e-01 2.065631002187728882e-01 1.405508010066114366e-05 1.289506690227426589e-05 nan 2.091320008039474487e-01 4.774705704432508924e+02
7.364834845066070557e-02 4.978628456592559814e-02 2.000299865353250301e-09 1.973506361246109009e-01 1.945322751998901367e-01 1.172312386188423261e-05 1.075557884178124368e-05 nan 1.969200521707534790e-01 4.488159234578699852e+02
7.798060774803161621e-02 5.271489173173904419e-02 1.996302173696350216e-09 1.852167546749114990e-01 1.823656260967254639e-01 9.811930794967338443e-06 9.002148544823285192e-06 nan 1.847811639308929443e-01 4.177404094045274405e+02
8.231285959482192993e-02 5.564349144697189331e-02 1.992528044667567094e-09 1.733228266239166260e-01 1.702794283628463745e-01 8.237746442318893969e-06 7.557916433142963797e-06 nan 1.728578656911849976e-01 3.854044276831708657e+02
8.664511889219284058e-02 5.857209861278533936e-02 1.988954134422163219e-09 1.619295775890350342e-01 1.586323976516723633e-01 6.942585059732664376e-06 6.369673428707756102e-06 nan 1.614258289337158203e-01 3.534714175022634777e+02
9.097737073898315430e-02 6.150070205330848694e-02 1.985560585482697045e-09 1.513113081455230713e-01 1.477893292903900146e-01 5.881334800506010652e-06 5.396027518145274371e-06 nan 1.507732421159744263e-01 3.235134540646316168e+02
9.636187553405761719e-02 6.514062732458114624e-02 1.981568674123380254e-09 1.395666897296905518e-01 1.359066516160964966e-01 4.833142611460061744e-06 4.434349648363422602e-06 nan 1.390075236558914185e-01 2.909450624521493296e+02
1.017463728785514832e-01 6.878054887056350708e-02 1.977801256732118934e-09 1.297523677349090576e-01 1.261698156595230103e-01 4.029374395031481981e-06 3.696908379424712621e-06 nan 1.292050480842590332e-01 2.650118330862759422e+02
1.071308776736259460e-01 7.242047041654586792e-02 1.974234781265857972e-09 1.219186782836914062e-01 1.186213344335556030e-01 3.415429773667710833e-06 3.133614882244728506e-06 nan 1.214149147272109985e-01 2.459161053830925141e+02
1.125153750181198120e-01 7.606039196252822876e-02 1.970849203820953451e-09 1.157343760132789612e-01 1.128633767366409302e-01 2.940414788099587895e-06 2.697781610550009646e-06 nan 1.152957454323768616e-01 2.323394878784237392e+02
1.178998723626136780e-01 7.970031350851058960e-02 1.967627323526894450e-09 1.106420010328292847e-01 1.082413867115974426e-01 2.561480414442485198e-06 2.350101340198307298e-06 nan 1.102752387523651123e-01 2.221412809182785963e+02
1.232843771576881409e-01 8.334024250507354736e-02 1.964554264128985100e-09 1.060883626341819763e-01 1.041061058640480042e-01 2.247338670713361353e-06 2.061872237391071394e-06 nan 1.057855263352394104e-01 2.132262150035356569e+02
1.286688745021820068e-01 8.698015660047531128e-02 1.961617102724775952e-09 1.016435325145721436e-01 9.995821863412857056e-02 1.977431338673341088e-06 1.814233655750285834e-06 nan 1.013860553503036499e-01 2.039765512249374808e+02
1.340533792972564697e-01 9.062008559703826904e-02 1.958804483640675406e-09 9.704177826642990112e-02 9.550336003303527832e-02 1.739494337016367353e-06 1.595932303644076455e-06 nan 9.680674225091934204e-02 1.934280408139929364e+02
1.394378840923309326e-01 9.426000714302062988e-02 1.956106446915437174e-09 9.221296757459640503e-02 9.068447351455688477e-02 1.527551148683414795e-06 1.401483586960239336e-06 nan 9.197944402694702148e-02 1.814221345080278240e+02
1.448223739862442017e-01 9.789992123842239380e-02 1.953514161287429418e-09 8.726586401462554932e-02 8.565498143434524536e-02 1.339676032330316957e-06 1.229118538503826130e-06 nan 8.701976388692855835e-02 1.685287563893407423e+02
1.502068787813186646e-01 1.015398502349853516e-01 1.951019758654691563e-09 8.240966498851776123e-02 8.068355172872543335e-02 1.175556917587528005e-06 1.078548280020186212e-06 nan 8.214595168828964233e-02 1.556828663728573474e+02
1.555913835763931274e-01 1.051797717809677124e-01 1.948616241255242070e-09 7.787581533193588257e-02 7.605829089879989624e-02 1.034910383168607950e-06 9.495122412772616372e-07 nan 7.759813219308853149e-02 1.438302079522265160e+02
1.609758734703063965e-01 1.088196933269500732e-01 1.946297314463125787e-09 7.386217266321182251e-02 7.201683521270751953e-02 9.167543453258986119e-07 8.411083172177313827e-07 nan 7.358024269342422485e-02 1.337048405103263349e+02
1.663603782653808594e-01 1.124596148729324341e-01 1.944057316713681798e-09 7.047349214553833008e-02 6.867948174476623535e-02 8.189277878045686521e-07 7.513543209825002123e-07 nan 7.019940018653869629e-02 1.256445230744899391e+02
1.717448830604553223e-01 1.160995438694953918e-01 1.941891129256332855e-09 6.768210977315902710e-02 6.600983440876007080e-02 7.380436386483779643e-07 6.771430207663797773e-07 nan 6.742662191390991211e-02 1.195059580714186751e+02
1.771293878555297852e-01 1.197394654154777527e-01 1.939794125595426991e-09 6.535418331623077393e-02 6.384740769863128662e-02 6.701768029415688943e-07 6.148742954792396631e-07 nan 6.512398272752761841e-02 1.147958225993115775e+02
1.825138777494430542e-01 1.233793795108795166e-01 1.937762091126241291e-09 6.331499665975570679e-02 6.198297068476676941e-02 6.117293764873465989e-07 5.612477593786024954e-07 nan 6.311148405075073242e-02 1.109028055109721294e+02
1.878983825445175171e-01 1.270193010568618774e-01 1.935791175107242678e-09 6.139485165476799011e-02 6.021457538008689880e-02 5.598377583737601526e-07 5.136367349223291967e-07 nan 6.121452897787094116e-02 1.072453608458192065e+02
1.932828873395919800e-01 1.306592375040054321e-01 1.933877861004656685e-09 5.945409834384918213e-02 5.838051065802574158e-02 5.124547328705375548e-07 4.701631439729681006e-07 nan 5.929008126258850098e-02 1.033520529255432194e+02
1.986673772335052490e-01 1.342991441488265991e-01 1.932018951816384183e-09 5.741232261061668396e-02 5.639248341321945190e-02 4.684171130975300912e-07 4.297597797631169669e-07 nan 5.725651234388351440e-02 9.896490398844420611e+01
2.040518820285797119e-01 1.379390656948089600e-01 1.930211465507478933e-09 5.526700243353843689e-02 5.425415188074111938e-02 4.273891534012363991e-07 3.921182383237464819e-07 nan 5.511226132512092590e-02 9.410448588571452433e+01
2.094363868236541748e-01 1.415790021419525146e-01 1.928452677645768952e-09 5.307700484991073608e-02 5.204075202345848083e-02 3.895409292908880161e-07 3.573943558876635507e-07 nan 5.291868373751640320e-02 8.900347740097934945e+01
2.148208767175674438e-01 1.452189087867736816e-01 1.926740094380007882e-09 5.092729628086090088e-02 4.985803738236427307e-02 3.551740235252509592e-07 3.258644198922411306e-07 nan 5.076394230127334595e-02 8.397188751020144082e+01
2.202053815126419067e-01 1.488588303327560425e-01 1.925071368159055733e-09 4.890293255448341370e-02 4.781032353639602661e-02 3.245075106406147825e-07 2.977292865580238868e-07 nan 4.873600229620933533e-02 7.930080393698389685e+01
2.255898863077163696e-01 1.524987667798995972e-01 1.923444343781293656e-09 4.707087203860282898e-02 4.597777873277664185e-02 2.975742177113716025e-07 2.730188839450420346e-07 nan 4.690386727452278137e-02 7.520328156359650507e+01
2.309743911027908325e-01 1.561386883258819580e-01 1.921857033120720865e-09 4.546221718192100525e-02 4.439638927578926086e-02 2.741510627402021782e-07 2.515286041671060957e-07 nan 4.529938101768493652e-02 7.176607808009822520e+01
2.363588809967041016e-01 1.597786098718643188e-01 1.920307567935778733e-09 4.406574741005897522e-02 4.305160418152809143e-02 2.537794046020280803e-07 2.328377490812272299e-07 nan 4.391080513596534729e-02 6.894107524539586507e+01
2.417433857917785645e-01 1.634185314178466797e-01 1.918794213956308179e-09 4.283936694264411926e-02 4.189205169677734375e-02 2.358843289584910963e-07 2.164189822906337213e-07 nan 4.269463941454887390e-02 6.658894437235839803e+01
2.471278905868530273e-01 1.670584529638290405e-01 1.917315352832477265e-09 4.172566905617713928e-02 4.084837064146995544e-02 2.198894719640520634e-07 2.017436315782106249e-07 nan 4.159164056181907654e-02 6.452900711558466185e+01
2.525123953819274902e-01 1.706983745098114014e-01 1.915869472055197894e-09 4.066249355673789978e-02 3.984725847840309143e-02 2.052788516948567121e-07 1.883383902168134227e-07 nan 4.053794965147972107e-02 6.257050772399341554e+01
2.578969001770019531e-01 1.743383109569549561e-01 1.914455150219987163e-09 3.959621861577033997e-02 3.882740437984466553e-02 1.916561132020433433e-07 1.758396592776989564e-07 nan 3.947876393795013428e-02 6.055245556822838182e+01
2.632813751697540283e-01 1.779782027006149292e-01 1.913071083197014340e-09 3.849859535694122314e-02 3.775770589709281921e-02 1.788041998906919616e-07 1.640483304754525307e-07 nan 3.838540613651275635e-02 5.839477912565030948e+01
2.686658799648284912e-01 1.816181391477584839e-01 1.911715991580206360e-09 3.737229481339454651e-02 3.664273768663406372e-02 1.666775801822950598e-07 1.529225812646473059e-07 nan 3.726083785295486450e-02 5.611364227135467786e+01
2.740503847599029541e-01 1.852580606937408447e-01 1.910388727493893778e-09 3.623931854963302612e-02 3.550996631383895874e-02 1.553199666659565992e-07 1.425024294121612911e-07 nan 3.612789139151573181e-02 5.378303266170401287e+01
2.794348895549774170e-01 1.888979822397232056e-01 1.909088184011114833e-09 3.512690216302871704e-02 3.439366444945335388e-02 1.447878474891695078e-07 1.328396308508672519e-07 nan 3.501487523317337036e-02 5.148958338429348203e+01
2.848193943500518799e-01 1.925379037857055664e-01 1.907813323590368924e-09 3.406237438321113586e-02 3.332784026861190796e-02 1.351261005311243935e-07 1.239753260051656980e-07 nan 3.395015373826026917e-02 4.931605547360238972e+01
2.902038991451263428e-01 1.961778402328491211e-01 1.906563162582237113e-09 3.307072445750236511e-02 3.234221413731575012e-02 1.263592821487691253e-07 1.159320532906349399e-07 nan 3.295942768454551697e-02 4.733418660380625198e+01
2.955884039402008057e-01 1.998177617788314819e-01 1.905336787226579552e-09 3.216687217354774475e-02 3.145364299416542053e-02 1.184660476383214700e-07 1.086901946223406412e-07 nan 3.205790743231773376e-02 4.558372601614275510e+01
3.009728789329528809e-01 2.034576684236526489e-01 1.904133323856378078e-09 3.134869411587715149e-02 3.065918758511543274e-02 1.113622190018759284e-07 1.021725353211877518e-07 nan 3.124335780739784241e-02 4.405515090184663762e+01
3.063573837280273438e-01 2.070975899696350098e-01 1.902951936232507350e-09 3.059988468885421753e-02 2.993956767022609711e-02 1.049220585969123931e-07 9.626374009030769230e-08 nan 3.049900569021701813e-02 4.270009085511544811e+01
3.117418885231018066e-01 2.107375115156173706e-01 1.901791846628511990e-09 2.989922091364860535e-02 2.926958352327346802e-02 9.901733477590823895e-08 9.084618568522273563e-08 nan 2.980302646756172180e-02 4.145824314403713373e+01
3.171263933181762695e-01 2.143774479627609253e-01 1.900652308391623192e-09 2.922682277858257294e-02 2.862550131976604462e-02 9.353922081345444894e-08 8.582006927326801815e-08 nan 2.913495525717735291e-02 4.027460690690056566e+01
3.225108981132507324e-01 2.180173695087432861e-01 1.899532626729035332e-09 2.856574393808841705e-02 2.798757515847682953e-02 8.840112997177129728e-08 8.110594507115820306e-08 nan 2.847741171717643738e-02 3.910346651289439990e+01
3.278954029083251953e-01 2.216572910547256470e-01 1.898432128189829179e-09 2.790402248501777649e-02 2.734262682497501373e-02 8.354217584383150097e-08 7.664795731443518889e-08 nan 2.781825326383113861e-02 3.791377716653958885e+01
3.332799077033996582e-01 2.252972126007080078e-01 1.897350177081271127e-09 2.723833359777927399e-02 2.668772265315055847e-02 7.893410014503388084e-08 7.242018540409844718e-08 nan 2.715421095490455627e-02 3.669870374140280944e+01
3.386643826961517334e-01 2.289371192455291748e-01 1.896286172945125672e-09 2.657461911439895630e-02 2.603046596050262451e-02 7.457806816546508344e-08 6.842366673254218767e-08 nan 2.649148553609848022e-02 3.547648136917372597e+01
3.440488874912261963e-01 2.325770407915115356e-01 1.895239531240720810e-09 2.592373080551624298e-02 2.538401447236537933e-02 7.048801364817336434e-08 6.467116975272801938e-08 nan 2.584127336740493774e-02 3.427774879825795296e+01
3.494333922863006592e-01 2.362169772386550903e-01 1.894209703480833635e-09 2.529596164822578430e-02 2.476098202168941498e-02 6.667400498372444417e-08 6.117193862564818119e-08 nan 2.521422877907752991e-02 3.313049289520675700e+01
3.548178970813751221e-01 2.398568987846374512e-01 1.893196174858241155e-09 2.469869703054428101e-02 2.417048253118991852e-02 6.313643297062299098e-08 5.792631796452951676e-08 nan 2.461799979209899902e-02 3.205400544602252211e+01
3.602024018764495850e-01 2.434968203306198120e-01 1.892198441798694543e-09 2.413629926741123199e-02 2.361774444580078125e-02 5.986701268057004199e-08 5.492669430395835661e-08 nan 2.405707724392414093e-02 3.105901611599315970e+01
3.655869066715240479e-01 2.471367418766021729e-01 1.891216027459402332e-09 2.360955066978931427e-02 2.310346253216266632e-02 5.684865911348424561e-08 5.215742149289326335e-08 nan 2.353223040699958801e-02 3.014673276334013607e+01
3.709714114665985107e-01 2.507766783237457275e-01 1.890248472221847833e-09 2.311476506292819977e-02 2.262310869991779327e-02 5.405484060361231968e-08 4.959413502092502313e-08 nan 2.303965017199516296e-02 2.930699761374483714e+01
3.763558864593505859e-01 2.544165849685668945e-01 1.889295352117686434e-09 2.264476008713245392e-02 2.216824330389499664e-02 5.145324877275925246e-08 4.720720525597243977e-08 nan 2.257195860147476196e-02 2.852115122593850671e+01
3.817403912544250488e-01 2.580564916133880615e-01 1.888356242191734645e-09 2.219175919890403748e-02 2.172977291047573090e-02 4.901335515228311124e-08 4.496864036696024414e-08 nan 2.212117798626422882e-02 2.776953107347816996e+01
3.871248960494995117e-01 2.616964280605316162e-01 1.887430735669950155e-09 2.174964919686317444e-02 2.130055800080299377e-02 4.671122866284349584e-08 4.285648103063977032e-08 nan 2.168103866279125214e-02 2.703707408316232375e+01
3.925094008445739746e-01 2.653363645076751709e-01 1.886518457772270655e-09 2.131433039903640747e-02 2.087595127522945404e-02 4.452957824696568423e-08 4.085486438043517410e-08 nan 2.124735526740550995e-02 2.631404404070162073e+01
3.978939056396484375e-01 2.689762711524963379e-01 1.885619049100158659e-09 2.088367566466331482e-02 2.045382931828498840e-02 4.245688955961668398e-08 3.895321754043834517e-08 nan 2.081800624728202820e-02 2.559576876777369492e+01
4.032784104347229004e-01 2.726162075996398926e-01 1.884732143174389957e-09 2.045816741883754730e-02 2.003511600196361542e-02 4.048792234812026436e-08 3.714674789989658166e-08 nan 2.039353176951408386e-02 2.488405190516215271e+01
4.086629152297973633e-01 2.762561440467834473e-01 1.883857409814700777e-09 2.004084177315235138e-02 1.962357759475708008e-02 3.862281161559621978e-08 3.543555848750656878e-08 nan 1.997709274291992188e-02 2.418679109880465106e+01
4.140473902225494385e-01 2.798960208892822266e-01 1.882994538868699288e-09 1.963548362255096436e-02 1.922377198934555054e-02 3.686286476067834883e-08 3.382086077863277751e-08 nan 1.957258209586143494e-02 2.351339468142885281e+01
4.194318950176239014e-01 2.835359573364257812e-01 1.882143190604211824e-09 1.924465782940387726e-02 1.883890107274055481e-02 3.520679214830124693e-08 3.230145395605177328e-08 nan 1.918266713619232178e-02 2.287007201600354378e+01
4.248163998126983643e-01 2.871758937835693359e-01 1.881303079826970542e-09 1.886954903602600098e-02 1.847053691744804382e-02 3.365067513527719711e-08 3.087375688437532517e-08 nan 1.880859024822711945e-02 2.225953813947394622e+01
4.302009046077728271e-01 2.908158004283905029e-01 1.880473925305205483e-09 1.851064711809158325e-02 1.811923272907733917e-02 3.218947242089598149e-08 2.953313327225259854e-08 nan 1.845084689557552338e-02 2.168277628504342047e+01
4.355854094028472900e-01 2.944557368755340576e-01 1.879655436356054805e-09 1.816748827695846558e-02 1.778432913124561310e-02 3.081677846239472274e-08 2.827371226032937557e-08 nan 1.810894906520843506e-02 2.113851153573014230e+01
4.409699141979217529e-01 2.980956733226776123e-01 1.878847353036435648e-09 1.783802732825279236e-02 1.746340841054916382e-02 2.952394950739289925e-08 2.708756419167457352e-08 nan 1.778079383075237274e-02 2.062182756410646434e+01
4.463544189929962158e-01 3.017355799674987793e-01 1.878049424887222573e-09 1.751923374831676483e-02 1.715301349759101868e-02 2.830141099252614367e-08 2.596590675807419757e-08 nan 1.746328361332416534e-02 2.012566019595819355e+01
4.517388939857482910e-01 3.053754866123199463e-01 1.877261397654174740e-09 1.720858924090862274e-02 1.685025542974472046e-02 2.714118174651503068e-08 2.490142136934991868e-08 nan 1.715384423732757568e-02 1.964426636839172957e+01
4.571233987808227539e-01 3.090154230594635010e-01 1.876483026309890802e-09 1.690470427274703979e-02 1.655351556837558746e-02 2.603770532516591629e-08 2.388900277594530053e-08 nan 1.685105264186859131e-02 1.917460002416262199e+01
4.625079035758972168e-01 3.126553297042846680e-01 1.875714093387305177e-09 1.660678163170814514e-02 1.626193523406982422e-02 2.498674867013050971e-08 2.292477496723677177e-08 nan 1.655409671366214752e-02 1.871499896620169423e+01
4.678924083709716797e-01 3.162952661514282227e-01 1.874954364165268396e-09 1.631429605185985565e-02 1.597508229315280914e-02 2.398484433285830164e-08 2.200555115905444836e-08 nan 1.626247167587280273e-02 1.826444012242291137e+01
4.732769131660461426e-01 3.199352025985717773e-01 1.874203630559428286e-09 1.602746546268463135e-02 1.569338887929916382e-02 2.302984292157361779e-08 2.112936314802027482e-08 nan 1.597642526030540466e-02 1.782357449016893369e+01
4.786614179611206055e-01 3.235751092433929443e-01 1.873461691551420399e-09 1.574740186333656311e-02 1.541821379214525223e-02 2.212098770826287364e-08 2.029550927318268805e-08 nan 1.569711044430732727e-02 1.739498847649576163e+01
4.840458929538726807e-01 3.272150158882141113e-01 1.872728340933758753e-09 1.547535881400108337e-02 1.515103504061698914e-02 2.125769604788274592e-08 1.950346195656038617e-08 nan 1.542581059038639069e-02 1.698149090401802752e+01
4.894303977489471436e-01 3.308549523353576660e-01 1.872003379495005729e-09 1.521187368780374527e-02 1.489255204796791077e-02 2.043839941734404420e-08 1.875177524368609738e-08 nan 1.516308728605508804e-02 1.658425699560804745e+01
4.948149025440216064e-01 3.344948589801788330e-01 1.871286632213937058e-09 1.495677977800369263e-02 1.464266516268253326e-02 1.966065532599259313e-08 1.803821270129901677e-08 nan 1.490878965705633163e-02 1.620288530114104120e+01
5.001994371414184570e-01 3.381348252296447754e-01 1.870577900826693527e-09 1.470975484699010849e-02 1.440102141350507736e-02 1.892193246533224738e-08 1.736045085465320881e-08 nan 1.466258708387613297e-02 1.583663482707171255e+01
5.055838823318481445e-01 3.417747020721435547e-01 1.869877039368293133e-09 1.447045989334583282e-02 1.416718587279319763e-02 1.821983630634349538e-08 1.671629057398149598e-08 nan 1.442412659525871277e-02 1.548474205220789202e+01
5.109683871269226074e-01 3.454146385192871094e-01 1.869183849789121820e-09 1.423823554068803787e-02 1.394037064164876938e-02 1.755170941919459437e-08 1.610330180312757875e-08 nan 1.419272832572460175e-02 1.514577209448912498e+01
5.163528919219970703e-01 3.490545451641082764e-01 1.868498185335105332e-09 1.401200331747531891e-02 1.371937617659568787e-02 1.691457285346587014e-08 1.551873829441774433e-08 nan 1.396729703992605209e-02 1.481742756838337627e+01
5.217373967170715332e-01 3.526944816112518311e-01 1.867819876059786520e-09 1.379078067839145660e-02 1.350312586873769760e-02 1.630574963940034650e-08 1.496015933355465677e-08 nan 1.374683342874050140e-02 1.449765368578979974e+01
5.271219015121459961e-01 3.563344180583953857e-01 1.867148773833358248e-09 1.357414573431015015e-02 1.329115498811006546e-02 1.572342078759447759e-08 1.442588271061140404e-08 nan 1.353091187775135040e-02 1.418561013775779500e+01
5.325064063072204590e-01 3.599743247032165527e-01 1.866484735032350672e-09 1.336209382861852646e-02 1.308347191661596298e-02 1.516635350640171964e-08 1.391478665624390487e-08 nan 1.331952586770057678e-02 1.388133779691600900e+01
5.378909111022949219e-01 3.636142611503601074e-01 1.865827604301946768e-09 1.315459236502647400e-02 1.288009621202945709e-02 1.463336474216703209e-08 1.342578226370960692e-08 nan 1.311265490949153900e-02 1.358480894268283734e+01
5.432754158973693848e-01 3.672541677951812744e-01 1.865177252290424566e-09 1.295156031847000122e-02 1.268101949244737625e-02 1.412328121119799107e-08 1.295779306076383364e-08 nan 1.291022822260856628e-02 1.329588852595320425e+01
5.486599206924438477e-01 3.708941042423248291e-01 1.864533532427482462e-09 1.275316160172224045e-02 1.248648483306169510e-02 1.363526003217430116e-08 1.251004455582460650e-08 nan 1.271241810172796249e-02 1.301493998107297223e+01
5.540444254875183105e-01 3.745340406894683838e-01 1.863896318172137942e-09 1.255977433174848557e-02 1.229693088680505753e-02 1.316871767187421938e-08 1.208200206548326605e-08 nan 1.251961663365364075e-02 1.274274646492222018e+01
5.594289302825927734e-01 3.781739473342895508e-01 1.863265486641235488e-09 1.237155310809612274e-02 1.211254950612783432e-02 1.272285832243369441e-08 1.167293639525723847e-08 nan 1.233198307454586029e-02 1.247961447660664547e+01
5.648134350776672363e-01 3.818138837814331055e-01 1.862640903204479876e-09 1.218824554234743118e-02 1.193309109658002853e-02 1.229649981837610540e-08 1.128176307929606992e-08 nan 1.214926224201917648e-02 1.222501923539440227e+01
5.701979398727416992e-01 3.854538202285766602e-01 1.862022452330667509e-09 1.200948841869831085e-02 1.175818033516407013e-02 1.188842269073120406e-08 1.090736123643409883e-08 nan 1.197109464555978775e-02 1.197823002452901697e+01
5.755824446678161621e-01 3.890937268733978271e-01 1.861410021730888845e-09 1.183511409908533096e-02 1.158760953694581985e-02 1.149765704866467786e-08 1.054884180007320538e-08 nan 1.179730053991079330e-02 1.173890286521852211e+01
5.809668898582458496e-01 3.927336037158966064e-01 1.860803497296447543e-09 1.166496146470308304e-02 1.142118312418460846e-02 1.112329606201001297e-08 1.020537343521255025e-08 nan 1.162771694362163544e-02 1.150672006246955270e+01
5.863513946533203125e-01 3.963735401630401611e-01 1.860202753428811389e-09 1.149866450577974319e-02 1.125849969685077667e-02 1.076428812751828445e-08 9.875992468266758806e-09 nan 1.146197319030761719e-02 1.128096104179429737e+01
5.917358994483947754e-01 4.000134766101837158e-01 1.859607692406273365e-09 1.133579574525356293e-02 1.109911501407623291e-02 1.041958785918950525e-08 9.559737002007295814e-09 nan 1.129963621497154236e-02 1.106079324652190543e+01
5.971204042434692383e-01 4.036533832550048828e-01 1.859018214291441706e-09 1.117618288844823837e-02 1.094285305589437485e-02 1.008844296990218936e-08 9.255918698158893676e-09 nan 1.114053465425968170e-02 1.084590046626257021e+01
6.025049090385437012e-01 4.072933197021484375e-01 1.858434207544148841e-09 1.101989485323429108e-02 1.078979112207889557e-02 9.770358744276563812e-09 8.964083697549085628e-09 nan 1.098474022001028061e-02 1.063642555799732037e+01
6.078894138336181641e-01 4.109332561492919922e-01 1.857855577876460681e-09 1.086693909019231796e-02 1.063995994627475739e-02 9.464810268866585830e-09 8.683749719295974501e-09 nan 1.083226129412651062e-02 1.043239531460044844e+01
6.132739186286926270e-01 4.145731627941131592e-01 1.857282233477322155e-09 1.071718521416187286e-02 1.049324870109558105e-02 9.171174930600045627e-09 8.414346552854112815e-09 nan 1.068297214806079865e-02 1.023356428959576725e+01
6.186584234237670898e-01 4.182130992412567139e-01 1.856714071034082293e-09 1.057056523859500885e-02 1.034961733967065811e-02 8.888920710603542830e-09 8.155384811914245802e-09 nan 1.053680852055549622e-02 1.003980790627734976e+01
6.240429282188415527e-01 4.218530058860778809e-01 1.856151008397507339e-09 1.042717974632978439e-02 1.020918134599924088e-02 8.617679014832901885e-09 7.906526988676887413e-09 nan 1.039387471973896027e-02 9.851322039467197200e+00
6.294274330139160156e-01 4.254929423332214355e-01 1.855592947277603754e-09 1.028708461672067642e-02 1.007200125604867935e-02 8.357054603891356237e-09 7.667409818168380298e-09 nan 1.025422476232051849e-02 9.668209243247607887e+00
6.556535363197326660e-01 4.432217776775360107e-01 1.852943630635520644e-09 9.646506980061531067e-03 9.445006027817726135e-03 7.222290765440675386e-09 6.626289295041942751e-09 nan 9.615723043680191040e-03 8.843207395208684929e+00
8.039034605026245117e-01 5.434387326240539551e-01 1.839770603253567837e-09 6.972223985940217972e-03 6.826614961028099060e-03 3.472303555795974717e-09 3.185759878121530164e-09 nan 6.949977483600378036e-03 5.623973773703941248e+00
9.932619333267211914e-01 6.714450716972351074e-01 1.826201010048688587e-09 4.951685667037963867e-03 4.848302807658910751e-03 1.615399924936866682e-09 1.482092781834865036e-09 nan 4.935890901833772659e-03 3.478976728330159585e+00
1.227223634719848633e+00 8.296031951904296875e-01 1.812731498599941669e-09 3.499466693028807640e-03 3.426421433687210083e-03 7.478413444061970949e-10 6.861275436698122121e-10 nan 3.488307120278477669e-03 2.131051590602271784e+00
1.516294717788696289e+00 1.025015234947204590e+00 1.799361337301671755e-09 2.462195931002497673e-03 2.410811139270663261e-03 3.446757879110862177e-10 3.162321515759458634e-10 nan 2.454345580190420151e-03 1.293839096161417013e+00
1.873456120491027832e+00 1.266456365585327148e+00 1.786089789356977996e-09 1.725394395180046558e-03 1.689391327090561390e-03 1.582183967174799477e-10 1.451617576142538724e-10 nan 1.719894004054367542e-03 7.792137788791102526e-01
2.314746379852294922e+00 1.564768552780151367e+00 1.772916133006574509e-09 1.204647822305560112e-03 1.179513055831193924e-03 7.236175547653544982e-11 6.639024746624144768e-11 nan 1.200807746499776840e-03 4.658486901032151684e-01
2.859982252120971680e+00 1.933347940444946289e+00 1.759839636962373426e-09 8.382601081393659115e-04 8.207706268876791000e-04 3.298437217802430155e-11 3.026239328574042986e-11 nan 8.355880854651331902e-04 2.766477151453355376e-01
3.533647537231445312e+00 2.388745784759521484e+00 1.746859588797865175e-09 5.815261974930763245e-04 5.693927523680031300e-04 1.498921993470236913e-11 1.375225541083713310e-11 nan 5.796724581159651279e-04 1.632874606885958146e-01
4.365993976593017578e+00 2.951411962509155273e+00 1.733975279535418463e-09 4.022935463581234217e-04 3.938987210858613253e-04 6.792554799878169902e-12 6.232004929468404342e-12 nan 4.010109987575560808e-04 9.583964102163142207e-02
5.394398689270019531e+00 3.646613597869873047e+00 1.721185999058096773e-09 2.775882894638925791e-04 2.717942697927355766e-04 3.070234387905768081e-12 2.816863495930244099e-12 nan 2.767030964605510235e-04 5.596366424131894030e-02
6.665042877197265625e+00 4.505568981170654297e+00 1.708491050912268841e-09 1.910865394165739417e-04 1.870963023975491524e-04 1.384461230553857281e-12 1.270206812994945089e-12 nan 1.904769160319119692e-04 3.252436994799812187e-02
8.234986305236816406e+00 5.566850662231445312e+00 1.695889732548296616e-09 1.312538806814700365e-04 1.285110774915665388e-04 6.229356223561022254e-13 5.715257911029225646e-13 nan 1.308348291786387563e-04 1.881992302227053493e-02
1.017472743988037109e+01 6.878115653991699219e+00 1.683381361073609185e-09 8.997404074762016535e-05 8.809169230516999960e-05 2.797231576142505949e-13 2.566372678605710611e-13 nan 8.968644397100433707e-05 1.084607902101409997e-02
1.257137203216552734e+01 8.498247146606445312e+00 1.670965250288532184e-09 6.156141171231865883e-05 6.027118070051074028e-05 1.253718537406328659e-13 1.150241739963225873e-13 nan 6.136429146863520145e-05 6.227307437849343222e-03
1.553254413604736328e+01 1.050000000000000000e+01 1.658640709094829109e-09 4.204780270811170340e-05 4.116411219001747668e-05 5.609381841941048219e-14 5.146367205543893319e-14 nan 4.191279367660172284e-05 3.562989432322989387e-03
