# k/h [h/Mpc]            k [1/Mpc]              Primoridal             T_cdm(k)                 T_bar(k)                 T_phot(k)                T_massless neutrions(k)  T_massive neutrinos(k)   T_total(k)               Linear Pk [(Mpc/h)^3]  
1.049045658874092624e-05 7.091548468451946974e-06 2.727206404909961128e-09 1.000000000000000000e+00 1.000000000000000000e+00 1.000000000000000000e+00 1.000000000000000000e+00 nan 1.000000000000000000e+00 7.910543591296637977e+00
1.158353370556142181e-05 7.830468348402064294e-06 2.717761705682844603e-09 1.219251394271850586e+00 1.219251275062561035e+00 1.219198584556579590e+00 1.219197154045104980e+00 nan 1.219251394271850586e+00 8.704547654932428102e+00
1.279050593439023942e-05 8.646382411825470626e-06 2.708349706436794825e-09 1.486573815345764160e+00 1.486573815345764160e+00 1.486431002616882324e+00 1.486427068710327148e+00 nan 1.486573815345764160e+00 9.578244198417751321e+00
1.412324218108551577e-05 9.547311492497101426e-06 2.698970312856197758e-09 1.812506914138793945e+00 1.812506794929504395e+00 1.812216162681579590e+00 1.812208175659179688e+00 nan 1.812506794929504395e+00 1.053963836640569873e+01
1.559484553581569344e-05 1.054211588780162856e-05 2.689623392481895528e-09 2.209900856018066406e+00 2.209900856018066406e+00 2.209373474121093750e+00 2.209359169006347656e+00 nan 2.209900856018066406e+00 1.159752488085714361e+01
1.721978514979127795e-05 1.164057448477251455e-05 2.680308856040028027e-09 2.694423675537109375e+00 2.694423675537109375e+00 2.693522691726684570e+00 2.693498134613037109e+00 nan 2.694423675537109375e+00 1.276159320181122148e+01
1.901403993542771786e-05 1.285349117097212002e-05 2.671026563908324178e-09 3.285178184509277344e+00 3.285177946090698242e+00 3.283697366714477539e+00 3.283656835556030273e+00 nan 3.285178184509277344e+00 1.404249784848603255e+01
2.099525045196060091e-05 1.419278942194068804e-05 2.661776424936157355e-09 4.005455493927001953e+00 4.005455493927001953e+00 4.003080368041992188e+00 4.003015995025634766e+00 nan 4.005455493927001953e+00 1.545196390144044152e+01
2.318289807590190321e-05 1.567163963045459241e-05 2.652558315858844083e-09 4.883653640747070312e+00 4.883653163909912109e+00 4.879912853240966797e+00 4.879810333251953125e+00 nan 4.883653640747070312e+00 1.700289724325986995e+01
2.559849235694855452e-05 1.730458097881637514e-05 2.643372135990062650e-09 5.954395294189453125e+00 5.954394817352294922e+00 5.948576450347900391e+00 5.948417186737060547e+00 nan 5.954395294189453125e+00 1.870948787836227112e+01
2.826578383974265307e-05 1.910767059598583728e-05 2.634217767634683471e-09 7.259895324707031250e+00 7.259893894195556641e+00 7.250932216644287109e+00 7.250687599182128906e+00 nan 7.259895324707031250e+00 2.058735894159747559e+01
3.121100235148333013e-05 2.109863817167934030e-05 2.625095097817206075e-09 8.851623535156250000e+00 8.851621627807617188e+00 8.837918281555175781e+00 8.837544441223144531e+00 nan 8.851623535156250000e+00 2.265370104072181690e+01
3.446310074650682509e-05 2.329705603187903762e-05 2.616004033478672110e-09 1.079233169555664062e+01 1.079232883453369141e+01 1.077149486541748047e+01 1.077092552185058594e+01 nan 1.079233074188232422e+01 2.492742087744097645e+01
3.805406231549568474e-05 2.572454650362487882e-05 2.606944439452153756e-09 1.315853404998779297e+01 1.315853023529052734e+01 1.312699699401855469e+01 1.312613487243652344e+01 nan 1.315853309631347656e+01 2.742932416081289659e+01
4.201919000479392707e-05 2.840497290890198201e-05 2.597916226597658093e-09 1.604351043701171875e+01 1.604350471496582031e+01 1.599594974517822266e+01 1.599464988708496094e+01 nan 1.604351043701171875e+01 3.018230355853950542e+01
4.639747567125596106e-05 3.136469240416772664e-05 2.588919279439887767e-09 1.956100082397460938e+01 1.956099128723144531e+01 1.948947715759277344e+01 1.948752403259277344e+01 nan 1.956099891662597656e+01 3.321154127853120031e+01
5.123196388012729585e-05 3.463280881987884641e-05 2.579953483847589841e-09 2.384966850280761719e+01 2.384965324401855469e+01 2.374235725402832031e+01 2.373942565917968750e+01 nan 2.384966659545898438e+01 3.654474607069436587e+01
5.657019573845900595e-05 3.824145096587017179e-05 2.571018745591721348e-09 2.907857513427734375e+01 2.907855415344238281e+01 2.891787910461425781e+01 2.891348457336425781e+01 nan 2.907857131958007812e+01 4.021239760920489203e+01
6.246465636650100350e-05 4.222610732540488243e-05 2.562114941593048984e-09 3.545385742187500000e+01 3.545382308959960938e+01 3.521357727050781250e+01 3.520701217651367188e+01 nan 3.545384979248046875e+01 4.424803123188623744e+01
6.897329876665025949e-05 4.662595165427774191e-05 2.553241977543412439e-09 4.322680282592773438e+01 4.322675323486328125e+01 4.286801147460937500e+01 4.285821914672851562e+01 nan 4.322679138183593750e+01 4.868851710091714580e+01
7.616012590005993843e-05 5.148424679646268487e-05 2.544399743325443185e-09 5.270379638671875000e+01 5.270371627807617188e+01 5.216863632202148438e+01 5.215402984619140625e+01 nan 5.270378112792968750e+01 5.357442263793422654e+01
8.409580186707898974e-05 5.684876305167563260e-05 2.535588130685252624e-09 6.425836181640625000e+01 6.425825500488281250e+01 6.346092224121093750e+01 6.343917465209960938e+01 nan 6.425834655761718750e+01 5.895035813193054253e+01
9.285835403716191649e-05 6.277224747464060783e-05 2.526807033334104165e-09 7.834588623046875000e+01 7.834573364257812500e+01 7.715866088867187500e+01 7.712629699707031250e+01 nan 7.834587097167968750e+01 6.486538623067313836e+01
1.025339443003758788e-04 6.931294774403795600e-05 2.518056339675267213e-09 9.552156066894531250e+01 9.552131652832031250e+01 9.375542449951171875e+01 9.370733642578125000e+01 nan 9.552153015136718750e+01 7.137345717117767663e+01
1.132176985265687108e-04 7.653516513528302312e-05 2.509335958204897443e-09 1.164621353149414062e+02 1.164617919921875000e+02 1.138368682861328125e+02 1.137654647827148438e+02 nan 1.164620742797851562e+02 7.853381821337748647e+01
1.250146742677316070e-04 8.450992027064785361e-05 2.500645773867358897e-09 1.419926605224609375e+02 1.419921417236328125e+02 1.380933837890625000e+02 1.379874725341796875e+02 nan 1.419925842285156250e+02 8.641166727385638069e+01
1.380408502882346511e-04 9.331561159342527390e-05 2.491985695624705562e-09 1.731188201904296875e+02 1.731180572509765625e+02 1.673319702148437500e+02 1.671750488281250000e+02 nan 1.731186828613281250e+02 9.507858131314392836e+01
1.524243270978331566e-04 1.030388448270969093e-04 2.483355596498544299e-09 2.110666198730468750e+02 2.110654754638671875e+02 2.024859619140625000e+02 2.022537536621093750e+02 nan 2.110664367675781250e+02 1.046132308378234796e+02
1.683065347606316209e-04 1.137752187787555158e-04 2.474755379885282393e-09 2.573303222656250000e+02 2.573286437988281250e+02 2.446194458007812500e+02 2.442763061523437500e+02 nan 2.573300476074218750e+02 1.151019364480288516e+02
1.858436153270304203e-04 1.256302784895524383e-04 2.466184957973141175e-09 3.137309570312500000e+02 3.137284851074218750e+02 2.949227294921875000e+02 2.944165649414062500e+02 nan 3.137305908203125000e+02 1.266394604163895679e+02
2.052080089924857020e-04 1.387206139042973518e-04 2.457644209414643305e-09 3.824883422851562500e+02 3.824846496582031250e+02 3.546936950683593750e+02 3.539483642578125000e+02 nan 3.824877624511718750e+02 1.393297753398568943e+02
2.265901130158454180e-04 1.531749148853123188e-04 2.449133045395065615e-09 4.663068847656250000e+02 4.663014526367187500e+02 4.252946777343750000e+02 4.241998901367187500e+02 nan 4.663060302734375000e+02 1.532867386204347326e+02
2.502001880202442408e-04 1.691353245405480266e-04 2.440651351248999153e-09 5.684822387695312500e+02 5.684743041992187500e+02 5.080762329101562500e+02 5.064724731445312500e+02 nan 5.684810791015625000e+02 1.686351749349667557e+02
2.762703516054898500e-04 1.867587561719119549e-04 2.432199034655000626e-09 6.930293579101562500e+02 6.930175781250000000e+02 6.042505493164062500e+02 6.019093017578125000e+02 nan 6.930275268554687500e+02 1.855115609125634819e+02
3.050569503102451563e-04 2.062184939859434962e-04 2.423775992290330563e-09 8.448386230468750000e+02 8.448212280273437500e+02 7.146986694335937500e+02 7.112949218750000000e+02 nan 8.448358764648437500e+02 2.040650570815868150e+02
3.368430479895323515e-04 2.277058956678956747e-04 2.415382114947829304e-09 1.029865844726562500e+03 1.029840454101562500e+03 8.396909790039062500e+02 8.347669067382812500e+02 nan 1.029861938476562500e+03 2.244584386719513418e+02
3.719411906786262989e-04 2.514322404749691486e-04 2.407017301830847028e-09 1.255363159179687500e+03 1.255325927734375000e+03 9.785040283203125000e+02 9.714240112304687500e+02 nan 1.255357543945312500e+03 2.468690334259845827e+02
4.106964333914220333e-04 2.776307810563594103e-04 2.398681465071051552e-09 1.530156860351562500e+03 1.530102539062500000e+03 1.128928710937500000e+03 1.118823486328125000e+03 nan 1.530148681640625000e+03 2.714896116072546874e+02
4.534898616839200258e-04 3.065591445192694664e-04 2.390374494355455649e-09 1.864988403320312500e+03 1.864908813476562500e+03 1.286693847656250000e+03 1.272400024414062500e+03 nan 1.864976318359375000e+03 2.985293012057742885e+02
5.007422878406941891e-04 3.385017917025834322e-04 2.382096284987275655e-09 2.272922851562500000e+03 2.272807861328125000e+03 1.444876342773437500e+03 1.424878662109375000e+03 nan 2.272905273437500000e+03 3.282141355155124529e+02
5.529182380996644497e-04 3.737727238330990076e-04 2.373846756225058361e-09 2.769844238281250000e+03 2.769678466796875000e+03 1.593466674804687500e+03 1.565860229492187500e+03 nan 2.769819335937500000e+03 3.607880611208323103e+02
6.105307838879525661e-04 4.127188003621995449e-04 2.365625794166928840e-09 3.375058349609375000e+03 3.374821044921875000e+03 1.719385620117187500e+03 1.681890136718750000e+03 nan 3.375022216796875000e+03 3.965130500015138750e+02
6.741464603692293167e-04 4.557229985948652029e-04 2.357433293568910220e-09 4.112013183593750000e+03 4.111675292968750000e+03 1.807400756835937500e+03 1.757470581054687500e+03 nan 4.111961425781250000e+03 4.356693967807680110e+02
7.443906506523489952e-04 5.032080807723104954e-04 2.349269171114912410e-09 5.009165527343750000e+03 5.008690917968750000e+03 1.842518920898437500e+03 1.777601928710937500e+03 nan 5.009092773437500000e+03 4.785555079432629100e+02
8.219541050493717194e-04 5.556409596465528011e-04 2.341133324843220307e-09 6.101040527343750000e+03 6.100378906250000000e+03 1.814353759765625000e+03 1.732348266601562500e+03 nan 6.100939453125000000e+03 5.254880188362049012e+02
9.075994603335857391e-04 6.135372095741331577e-04 2.333025652639057309e-09 7.429481445312500000e+03 7.428572265625000000e+03 1.723418090820312500e+03 1.623321655273437500e+03 nan 7.429342773437500000e+03 5.768001157441091209e+02
1.002168864943087101e-03 6.774661596864461899e-04 2.324946049885245546e-09 9.045167968750000000e+03 9.043935546875000000e+03 1.587922729492187500e+03 1.470556762695312500e+03 nan 9.044979492187500000e+03 6.328414253945035171e+02
1.106592128053307533e-03 7.480562780983746052e-04 2.316894434325377400e-09 1.100942285156250000e+04 1.100778027343750000e+04 1.447304687500000000e+03 1.315819335937500000e+03 nan 1.100917285156250000e+04 6.939753531848407420e+02
1.221895916387438774e-03 8.260016329586505890e-04 2.308870708568745277e-09 1.339637988281250000e+04 1.339422949218750000e+04 1.356104980468750000e+03 1.215812500000000000e+03 nan 1.339605175781250000e+04 7.605772547842213953e+02
1.349214115180075169e-03 9.120687609538435936e-04 2.300874762407135126e-09 1.629557031250000000e+04 1.629280273437500000e+04 1.361800048828125000e+03 1.218991210937500000e+03 nan 1.629514746093750000e+04 8.330305317404263405e+02
1.489798538386821747e-03 1.007103826850652695e-03 2.292906509188567727e-09 1.981497070312500000e+04 1.981146875000000000e+04 1.468013671875000000e+03 1.328093505859375000e+03 nan 1.981443554687500000e+04 9.117211518619340040e+02
1.645031501539051533e-03 1.112041296437382698e-03 2.284965850418265676e-09 2.408463085937500000e+04 2.408025390625000000e+04 1.604414916992187500e+03 1.470936889648437500e+03 nan 2.408395898437500000e+04 9.970304773074931290e+02
1.816439209505915642e-03 1.227912958711385727e-03 2.277052691606405739e-09 2.926091015625000000e+04 2.925546679687500000e+04 1.647488891601562500e+03 1.524160766601562500e+03 nan 2.926007812500000000e+04 1.089325008392150266e+03
2.005707239732146263e-03 1.355858054012060165e-03 2.269166941709029953e-09 3.553146093750000000e+04 3.552465625000000000e+04 1.524216674804687500e+03 1.419056884765625000e+03 nan 3.553041796875000000e+04 1.188944088303890794e+03
2.214696491137146950e-03 1.497134799137711525e-03 2.261308494449764354e-09 4.312104296875000000e+04 4.311239453125000000e+04 1.334005981445312500e+03 1.258244750976562500e+03 nan 4.311972656250000000e+04 1.296185662398466548e+03
2.445461694151163101e-03 1.653132145293056965e-03 2.253477264686429142e-09 5.229827734375000000e+04 5.228704296875000000e+04 1.293838134765625000e+03 1.248306274414062500e+03 nan 5.229656640625000000e+04 1.411291790792127358e+03
2.700272016227245331e-03 1.825383864343166351e-03 2.245673160886940457e-09 6.338346484375000000e+04 6.336857421875000000e+04 1.425799926757812500e+03 1.272325317382812500e+03 nan 6.338119140625000000e+04 1.534431249279040685e+03
2.981632947921752930e-03 2.015583915635943413e-03 2.237896076485985185e-09 7.675753125000000000e+04 7.673757812500000000e+04 1.435469238281250000e+03 1.263798095703125000e+03 nan 7.675448437500000000e+04 1.665677026771511692e+03
3.292310982942581177e-03 2.225602278485894203e-03 2.230145925871712440e-09 9.287212500000000000e+04 9.284525781250000000e+04 1.272124023437500000e+03 1.254219970703125000e+03 nan 9.286801562500000000e+04 1.804982088239075210e+03
3.635360859334468842e-03 2.457503927871584892e-03 2.222422616889744185e-09 1.122610234375000000e+05 1.122248281250000000e+05 1.341804199218750000e+03 1.243489379882812500e+03 nan 1.122554921875000000e+05 1.952151623466474803e+03
4.014155361801385880e-03 2.713568974286317825e-03 2.214726058195065524e-09 1.355527968750000000e+05 1.355037031250000000e+05 1.434361328125000000e+03 1.231521240234375000e+03 nan 1.355452968750000000e+05 2.106813054428042051e+03
4.432419314980506897e-03 2.996315481141209602e-03 2.207056148657132701e-09 1.634846562500000000e+05 1.634172031250000000e+05 1.264848266601562500e+03 1.218228881835937500e+03 nan 1.634743593750000000e+05 2.268382022909432180e+03
4.894265439361333847e-03 3.308523446321487427e-03 2.199412800139309644e-09 1.969170937500000000e+05 1.968233750000000000e+05 1.409278198242187500e+03 1.203506835937500000e+03 nan 1.969027500000000000e+05 2.436028923865521392e+03
5.404234398156404495e-03 3.653262509033083916e-03 2.191795924301313793e-09 2.368495468750000000e+05 2.367187343750000000e+05 1.253776367187500000e+03 1.187269531250000000e+03 nan 2.368295625000000000e+05 2.608639586684625101e+03
5.967340432107448578e-03 4.033922217786312103e-03 2.184205430909534259e-09 2.844356250000000000e+05 2.842522812500000000e+05 1.289808715820312500e+03 1.169415649414062500e+03 nan 2.844075937500000000e+05 2.784776935573435821e+03
6.589121185243129730e-03 4.454245790839195251e-03 2.176641221197925960e-09 3.409976875000000000e+05 3.407388125000000000e+05 1.180251708984375000e+03 1.149851928710937500e+03 nan 3.409581250000000000e+05 2.962639126286348528e+03
7.275689393281936646e-03 4.918366204947233200e-03 2.169103203027300791e-09 4.080388750000000000e+05 4.076717500000000000e+05 1.230852172851562500e+03 1.128480712890625000e+03 nan 4.079827812500000000e+05 3.140018697773625263e+03
8.033796213567256927e-03 5.430846009403467178e-03 2.161591299930936394e-09 4.872507500000000000e+05 4.867287812500000000e+05 1.212980468750000000e+03 1.105208862304687500e+03 nan 4.871709687500000000e+05 3.314268221629364234e+03
8.870895951986312866e-03 5.996725521981716156e-03 2.154105401952956366e-09 5.805133750000000000e+05 5.797690000000000000e+05 1.094791015625000000e+03 1.079940551757812500e+03 nan 5.803996875000000000e+05 3.482253763356977288e+03
9.795218706130981445e-03 6.621567998081445694e-03 2.146645430474833453e-09 6.898853750000000000e+05 6.888227500000000000e+05 1.076143798828125000e+03 1.052582519531250000e+03 nan 6.897230000000000000e+05 3.640350533548524254e+03
1.081585418432950974e-02 7.311517372727394104e-03 2.139211293795359687e-09 8.175753750000000000e+05 8.160576875000000000e+05 1.036378906250000000e+03 1.023043273925781250e+03 nan 8.173435000000000000e+05 3.784411237309137050e+03
1.194283645600080490e-02 8.073357865214347839e-03 2.131802900090153706e-09 9.658925625000000000e+05 9.637269375000000000e+05 9.709055175781250000e+02 9.912352905273437500e+02 nan 9.655617500000000000e+05 3.909792087496151908e+03
1.318724639713764191e-02 8.914578706026077271e-03 2.124420174276236449e-09 1.137167750000000000e+06 1.134083500000000000e+06 9.602892456054687500e+02 9.570791625976562500e+02 nan 1.136696625000000000e+06 4.011424440881297414e+03
1.456132158637046814e-02 9.843453764915466309e-03 2.117063005254935590e-09 1.333637250000000000e+06 1.329259125000000000e+06 1.018103637695312500e+03 9.205109252929687500e+02 nan 1.332968375000000000e+06 4.083928954434967181e+03
1.607857085764408112e-02 1.086911372840404510e-02 2.109731324472420402e-09 1.557283875000000000e+06 1.551098125000000000e+06 9.330048217773437500e+02 8.814922485351562500e+02 nan 1.556338750000000000e+06 4.121846647752245190e+03
1.775391399860382080e-02 1.200164575129747391e-02 2.102425026951150955e-09 1.809645625000000000e+06 1.800961000000000000e+06 8.935949707031250000e+02 8.400281982421875000e+02 nan 1.808318750000000000e+06 4.119995353994002471e+03
1.960382424294948578e-02 1.325218472629785538e-02 2.095144031049849183e-09 2.091595750000000000e+06 2.079503000000000000e+06 7.809754028320312500e+02 7.961899414062500000e+02 nan 2.089748125000000000e+06 4.073975951835599062e+03
2.164648845791816711e-02 1.463302597403526306e-02 2.087888252770266929e-09 2.403150000000000000e+06 2.386487000000000000e+06 7.739163818359375000e+02 7.501469726562500000e+02 nan 2.400604250000000000e+06 3.980871086370708781e+03
2.390199340879917145e-02 1.615774817764759064e-02 2.080657597354892904e-09 2.743376000000000000e+06 2.720718250000000000e+06 7.657828369140625000e+02 7.022070922851562500e+02 nan 2.739914250000000000e+06 3.840080612195830781e+03
2.639251388609409332e-02 1.784133911132812500e-02 2.073451995948668221e-09 3.110540250000000000e+06 3.080236750000000000e+06 7.301832885742187500e+02 6.528585205078125000e+02 nan 3.105910750000000000e+06 3.654221529847069633e+03
2.914254181087017059e-02 1.970035769045352936e-02 2.066271340052806293e-09 3.502697500000000000e+06 3.462996750000000000e+06 5.954180908203125000e+02 6.028117675781250000e+02 nan 3.496632250000000000e+06 3.429902766876284204e+03
3.217911347746849060e-02 2.175308018922805786e-02 2.059115554147728899e-09 3.918920000000000000e+06 3.868228000000000000e+06 5.707924194335937500e+02 5.530200805664062500e+02 nan 3.911175500000000000e+06 3.178064946236534524e+03
3.553209081292152405e-02 2.401969395577907562e-02 2.051984539888671147e-09 4.361321500000000000e+06 4.298632500000000000e+06 5.412601928710937500e+02 5.046610412597656250e+02 nan 4.351744000000000000e+06 2.913529207407470494e+03
3.923443704843521118e-02 2.652247995138168335e-02 2.044878229365854235e-09 4.837684500000000000e+06 4.763177000000000000e+06 4.899360351562500000e+02 4.590453186035156250e+02 nan 4.826301000000000000e+06 2.653454428994181399e+03
4.332255572080612183e-02 2.928604744374752045e-02 2.037796533657790378e-09 5.363836500000000000e+06 5.279525000000000000e+06 4.592583312988281250e+02 4.174268493652343750e+02 nan 5.350955500000000000e+06 2.414577522135049094e+03
4.765481501817703247e-02 3.221465647220611572e-02 2.031010053452367756e-09 5.937438500000000000e+06 5.847669000000000000e+06 3.968923950195312500e+02 3.819118652343750000e+02 nan 5.923724000000000000e+06 2.215446871995232414e+03
5.198707059025764465e-02 3.514325991272926331e-02 2.024834231214258902e-09 6.545293000000000000e+06 6.455378500000000000e+06 3.677267761230468750e+02 3.538468017578125000e+02 nan 6.531556500000000000e+06 2.067440570073967592e+03
5.631932616233825684e-02 3.807186335325241089e-02 2.019169610001785353e-09 7.182030500000000000e+06 7.096228500000000000e+06 3.439117431640625000e+02 3.309303283691406250e+02 nan 7.168922000000000000e+06 1.952389204989780637e+03
6.065158173441886902e-02 4.100047051906585693e-02 2.013939112582009273e-09 7.839091000000000000e+06 7.759498000000000000e+06 3.237601318359375000e+02 3.115390319824218750e+02 nan 7.826930500000000000e+06 1.857474141598441520e+03
6.498383730649948120e-02 4.392907395958900452e-02 2.009081821590703985e-09 8.494933000000000000e+06 8.420852000000000000e+06 3.056977233886718750e+02 2.941582336425781250e+02 nan 8.483615000000000000e+06 1.769183261529777155e+03
6.931609660387039185e-02 4.685768112540245056e-02 2.004548729015451583e-09 9.122777000000000000e+06 9.050719000000000000e+06 2.885753784179687500e+02 2.776821594238281250e+02 nan 9.111769000000000000e+06 1.677412662772325348e+03
7.364834845066070557e-02 4.978628456592559814e-02 2.000299865353250301e-09 9.697236000000000000e+06 9.621571000000000000e+06 2.717240295410156250e+02 2.614669189453125000e+02 nan 9.685676000000000000e+06 1.576788607376149230e+03
7.798060774803161621e-02 5.271489173173904419e-02 1.996302173696350216e-09 1.020242900000000000e+07 1.011657900000000000e+07 2.549717559814453125e+02 2.453471221923828125e+02 nan 1.018931300000000000e+07 1.467387864723425309e+03
8.231285959482192993e-02 5.564349144697189331e-02 1.992528044667567094e-09 1.063594000000000000e+07 1.053383100000000000e+07 2.385158996582031250e+02 2.295126190185546875e+02 nan 1.062034000000000000e+07 1.353395228131212207e+03
8.664511889219284058e-02 5.857209861278533936e-02 1.988954134422163219e-09 1.100815200000000000e+07 1.088560500000000000e+07 2.227378540039062500e+02 2.143303680419921875e+02 nan 1.098942900000000000e+07 1.240774189783011934e+03
9.097737073898315430e-02 6.150070205330848694e-02 1.985560585482697045e-09 1.133835200000000000e+07 1.119408300000000000e+07 2.080358428955078125e+02 2.001834411621093750e+02 nan 1.131631200000000000e+07 1.135152881235141649e+03
9.636187553405761719e-02 6.514062732458114624e-02 1.981568674123380254e-09 1.173044800000000000e+07 1.156233100000000000e+07 1.917986907958984375e+02 1.845593414306640625e+02 nan 1.170476300000000000e+07 1.020455384815184743e+03
1.017463728785514832e-01 6.878054887056350708e-02 1.977801256732118934e-09 1.215719000000000000e+07 1.197380700000000000e+07 1.782725677490234375e+02 1.715437774658203125e+02 nan 1.212917200000000000e+07 9.293166991405705630e+02
1.071308776736259460e-01 7.242047041654586792e-02 1.974234781265857972e-09 1.266473900000000000e+07 1.247768700000000000e+07 1.675250091552734375e+02 1.612018585205078125e+02 nan 1.263616000000000000e+07 8.624199777992806730e+02
1.125153750181198120e-01 7.606039196252822876e-02 1.970849203820953451e-09 1.326325900000000000e+07 1.308365600000000000e+07 1.590843200683593750e+02 1.530796203613281250e+02 nan 1.323582000000000000e+07 8.150604651404099741e+02
1.178998723626136780e-01 7.970031350851058960e-02 1.967627323526894450e-09 1.392531100000000000e+07 1.376043100000000000e+07 1.521599273681640625e+02 1.464164581298828125e+02 nan 1.390012000000000000e+07 7.796219306226319077e+02
1.232843771576881409e-01 8.334024250507354736e-02 1.964554264128985100e-09 1.460270200000000000e+07 1.445382100000000000e+07 1.459674224853515625e+02 1.404575500488281250e+02 nan 1.457995600000000000e+07 7.486481602628167593e+02
1.286688745021820068e-01 8.698015660047531128e-02 1.961617102724775952e-09 1.524192700000000000e+07 1.510400200000000000e+07 1.398983154296875000e+02 1.346174774169921875e+02 nan 1.522085500000000000e+07 7.163825349638109401e+02
1.340533792972564697e-01 9.062008559703826904e-02 1.958804483640675406e-09 1.579609400000000000e+07 1.565936900000000000e+07 1.335798797607421875e+02 1.285375061035156250e+02 nan 1.577520500000000000e+07 6.794048961223387550e+02
1.394378840923309326e-01 9.426000714302062988e-02 1.956106446915437174e-09 1.623929900000000000e+07 1.609227600000000000e+07 1.269181137084960938e+02 1.221272583007812500e+02 nan 1.621683700000000000e+07 6.371713298731705208e+02
1.448223739862442017e-01 9.789992123842239380e-02 1.953514161287429418e-09 1.657573000000000000e+07 1.640856500000000000e+07 1.200730056762695312e+02 1.155406188964843750e+02 nan 1.655019000000000000e+07 5.917338549586861518e+02
1.502068787813186646e-01 1.015398502349853516e-01 1.951019758654691563e-09 1.683602800000000000e+07 1.664336200000000000e+07 1.133463211059570312e+02 1.090679092407226562e+02 nan 1.680659000000000000e+07 5.464404571936589718e+02
1.555913835763931274e-01 1.051797717809677124e-01 1.948616241255242070e-09 1.706801200000000000e+07 1.685039000000000000e+07 1.070697326660156250e+02 1.030283279418945312e+02 nan 1.703476600000000000e+07 5.046695926602232021e+02
1.609758734703063965e-01 1.088196933269500732e-01 1.946297314463125787e-09 1.732618800000000000e+07 1.708974000000000000e+07 1.015250167846679688e+02 9.769293975830078125e+01 nan 1.729006600000000000e+07 4.690339808901657648e+02
1.663603782653808594e-01 1.124596148729324341e-01 1.944057316713681798e-09 1.765511000000000000e+07 1.740966000000000000e+07 9.686006164550781250e+01 9.320406341552734375e+01 nan 1.761761200000000000e+07 4.407290679162475158e+02
1.717448830604553223e-01 1.160995438694953918e-01 1.941891129256332855e-09 1.807211200000000000e+07 1.782831000000000000e+07 9.303475952148437500e+01 8.952313232421875000e+01 nan 1.803486400000000000e+07 4.192399362630080759e+02
1.771293878555297852e-01 1.197394654154777527e-01 1.939794125595426991e-09 1.856401200000000000e+07 1.833037400000000000e+07 8.985852050781250000e+01 8.646673583984375000e+01 nan 1.852832000000000000e+07 4.028087745253662320e+02
1.825138777494430542e-01 1.233793795108795166e-01 1.937762091126241291e-09 1.909750200000000000e+07 1.887821000000000000e+07 8.708268737792968750e+01 8.379561614990234375e+01 nan 1.906399800000000000e+07 3.892578557527234580e+02
1.878983825445175171e-01 1.270193010568618774e-01 1.935791175107242678e-09 1.962958600000000000e+07 1.942361800000000000e+07 8.446606445312500000e+01 8.127772521972656250e+01 nan 1.959811800000000000e+07 3.765157593461834153e+02
1.932828873395919800e-01 1.306592375040054321e-01 1.933877861004656685e-09 2.011579800000000000e+07 1.991751200000000000e+07 8.181113433837890625e+01 7.872298431396484375e+01 nan 2.008550400000000000e+07 3.629065444302326569e+02
1.986673772335052490e-01 1.342991441488265991e-01 1.932018951816384183e-09 2.052276200000000000e+07 2.032372000000000000e+07 7.900515747070312500e+01 7.602292633056640625e+01 nan 2.049235400000000000e+07 3.475160106519794567e+02
2.040518820285797119e-01 1.379390656948089600e-01 1.930211465507478933e-09 2.084048400000000000e+07 2.063191400000000000e+07 7.604611968994140625e+01 7.317559814453125000e+01 nan 2.080861800000000000e+07 3.304229449851523555e+02
2.094363868236541748e-01 1.415790021419525146e-01 1.928452677645768952e-09 2.108313800000000000e+07 2.085833000000000000e+07 7.301879882812500000e+01 7.026258087158203125e+01 nan 2.104879400000000000e+07 3.124600249335263129e+02
2.148208767175674438e-01 1.452189087867736816e-01 1.926740094380007882e-09 2.128058800000000000e+07 2.103655200000000000e+07 7.004499053955078125e+01 6.740106201171875000e+01 nan 2.124330400000000000e+07 2.947354799456626893e+02
2.202053815126419067e-01 1.488588303327560425e-01 1.925071368159055733e-09 2.146989400000000000e+07 2.120790800000000000e+07 6.724631500244140625e+01 6.470805358886718750e+01 nan 2.142986800000000000e+07 2.782879935727183920e+02
2.255898863077163696e-01 1.524987667798995972e-01 1.923444343781293656e-09 2.168722600000000000e+07 2.141218800000000000e+07 6.471805572509765625e+01 6.227523040771484375e+01 nan 2.164520600000000000e+07 2.638762089124258523e+02
2.309743911027908325e-01 1.561386883258819580e-01 1.921857033120720865e-09 2.195755800000000000e+07 2.167646000000000000e+07 6.250414276123046875e+01 6.014488983154296875e+01 nan 2.191461200000000000e+07 2.518077355558787076e+02
2.363588809967041016e-01 1.597786098718643188e-01 1.920307567935778733e-09 2.228761600000000000e+07 2.200756400000000000e+07 6.058837890625000000e+01 5.830141830444335938e+01 nan 2.224483400000000000e+07 2.419098936205341488e+02
2.417433857917785645e-01 1.634185314178466797e-01 1.918794213956308179e-09 2.266721200000000000e+07 2.239357200000000000e+07 5.891063690185546875e+01 5.668698501586914062e+01 nan 2.262540800000000000e+07 2.336857395084434756e+02
2.471278905868530273e-01 1.670584529638290405e-01 1.917315352832477265e-09 2.307414200000000000e+07 2.280930600000000000e+07 5.738906097412109375e+01 5.522283172607421875e+01 nan 2.303368200000000000e+07 2.264909695515052306e+02
2.525123953819274902e-01 1.706983745098114014e-01 1.915869472055197894e-09 2.347835800000000000e+07 2.322139800000000000e+07 5.593545532226562500e+01 5.382407760620117188e+01 nan 2.343910000000000000e+07 2.196467473935911698e+02
2.578969001770019531e-01 1.743383109569549561e-01 1.914455150219987163e-09 2.384918000000000000e+07 2.359638400000000000e+07 5.447414016723632812e+01 5.241791152954101562e+01 nan 2.381055800000000000e+07 2.125813563283561223e+02
2.632813751697540283e-01 1.779782027006149292e-01 1.913071083197014340e-09 2.416673000000000000e+07 2.391280400000000000e+07 5.296549606323242188e+01 5.096620941162109375e+01 nan 2.412793600000000000e+07 2.050114035903543765e+02
2.686658799648284912e-01 1.816181391477584839e-01 1.911715991580206360e-09 2.442864000000000000e+07 2.416824800000000000e+07 5.141368484497070312e+01 4.947298049926757812e+01 nan 2.438885600000000000e+07 1.969952912775467837e+02
2.740503847599029541e-01 1.852580606937408447e-01 1.910388727493893778e-09 2.464603800000000000e+07 2.437517000000000000e+07 4.985022735595703125e+01 4.796854782104492188e+01 nan 2.460465200000000000e+07 1.887974885466081219e+02
2.794348895549774170e-01 1.888979822397232056e-01 1.909088184011114833e-09 2.483617000000000000e+07 2.455306800000000000e+07 4.831424713134765625e+01 4.649055480957031250e+01 nan 2.479291800000000000e+07 1.807277549436647064e+02
2.848193943500518799e-01 1.925379037857055664e-01 1.907813323590368924e-09 2.501938800000000000e+07 2.472476400000000000e+07 4.684494018554687500e+01 4.507672500610351562e+01 nan 2.497437800000000000e+07 1.730820657538479566e+02
2.902038991451263428e-01 1.961778402328491211e-01 1.906563162582237113e-09 2.521731600000000000e+07 2.491397400000000000e+07 4.547782135009765625e+01 4.376121520996093750e+01 nan 2.517097200000000000e+07 1.661156473516933829e+02
2.955884039402008057e-01 1.998177617788314819e-01 1.905336787226579552e-09 2.544648200000000000e+07 2.513841200000000000e+07 4.423387145996093750e+01 4.256421661376953125e+01 nan 2.539941800000000000e+07 1.599692779833086149e+02
3.009728789329528809e-01 2.034576684236526489e-01 1.904133323856378078e-09 2.571128200000000000e+07 2.540251800000000000e+07 4.311000061035156250e+01 4.148276138305664062e+01 nan 2.566411000000000000e+07 1.546087988834904934e+02
3.063573837280273438e-01 2.070975899696350098e-01 1.902951936232507350e-09 2.600390800000000000e+07 2.569755000000000000e+07 4.208304214477539062e+01 4.049456405639648438e+01 nan 2.595710400000000000e+07 1.498619571425991239e+02
3.117418885231018066e-01 2.107375115156173706e-01 1.901791846628511990e-09 2.631043200000000000e+07 2.600794600000000000e+07 4.112284851074218750e+01 3.957060623168945312e+01 nan 2.626422000000000000e+07 1.455140487998875187e+02
3.171263933181762695e-01 2.143774479627609253e-01 1.900652308391623192e-09 2.661576200000000000e+07 2.631680400000000000e+07 4.020113754272460938e+01 3.868368530273437500e+01 nan 2.657008800000000000e+07 1.413691607072319982e+02
3.225108981132507324e-01 2.180173695087432861e-01 1.899532626729035332e-09 2.690524600000000000e+07 2.660794000000000000e+07 3.929391479492187500e+01 3.781069946289062500e+01 nan 2.685982400000000000e+07 1.372647122571753471e+02
3.278954029083251953e-01 2.216572910547256470e-01 1.898432128189829179e-09 2.716712800000000000e+07 2.686871600000000000e+07 3.838439941406250000e+01 3.693552017211914062e+01 nan 2.712153600000000000e+07 1.330907920491502239e+02
3.332799077033996582e-01 2.252972126007080078e-01 1.897350177081271127e-09 2.739694800000000000e+07 2.709456600000000000e+07 3.746810913085937500e+01 3.605381774902343750e+01 nan 2.735075200000000000e+07 1.288237645022763900e+02
3.386643826961517334e-01 2.289371192455291748e-01 1.896286172945125672e-09 2.759952800000000000e+07 2.729095000000000000e+07 3.655360031127929688e+01 3.517382812500000000e+01 nan 2.755238200000000000e+07 1.245288736015396438e+02
3.440488874912261963e-01 2.325770407915115356e-01 1.895239531240720810e-09 2.778580000000000000e+07 2.746993400000000000e+07 3.565634918212890625e+01 3.431044769287109375e+01 nan 2.773754400000000000e+07 1.203153324071375607e+02
3.494333922863006592e-01 2.362169772386550903e-01 1.894209703480833635e-09 2.796760000000000000e+07 2.764463200000000000e+07 3.479107666015625000e+01 3.347784423828125000e+01 nan 2.791825600000000000e+07 1.162831140771025957e+02
3.548178970813751221e-01 2.398568987846374512e-01 1.893196174858241155e-09 2.815484000000000000e+07 2.782606800000000000e+07 3.396834945678710938e+01 3.268616867065429688e+01 nan 2.810461200000000000e+07 1.125010727842618650e+02
3.602024018764495850e-01 2.434968203306198120e-01 1.892198441798694543e-09 2.835494800000000000e+07 2.802232800000000000e+07 3.319436264038085938e+01 3.194139671325683594e+01 nan 2.830413200000000000e+07 1.090074332641461723e+02
3.655869066715240479e-01 2.471367418766021729e-01 1.891216027459402332e-09 2.857165600000000000e+07 2.823726400000000000e+07 3.247019195556640625e+01 3.124456024169921875e+01 nan 2.852057000000000000e+07 1.058063087743129671e+02
3.709714114665985107e-01 2.507766783237457275e-01 1.890248472221847833e-09 2.880327200000000000e+07 2.846878000000000000e+07 3.179055404663085938e+01 3.059057807922363281e+01 nan 2.875217000000000000e+07 1.028614457480332902e+02
3.763558864593505859e-01 2.544165849685668945e-01 1.889295352117686434e-09 2.904313200000000000e+07 2.870946200000000000e+07 3.114525985717773438e+01 2.996963882446289062e+01 nan 2.899215400000000000e+07 1.001064327802926215e+02
3.817403912544250488e-01 2.580564916133880615e-01 1.888356242191734645e-09 2.928283000000000000e+07 2.895000800000000000e+07 3.052330207824707031e+01 2.937115478515625000e+01 nan 2.923198000000000000e+07 9.747139300158848130e+01
3.871248960494995117e-01 2.616964280605316162e-01 1.887430735669950155e-09 2.951513400000000000e+07 2.918240000000000000e+07 2.991601943969726562e+01 2.878679275512695312e+01 nan 2.946430000000000000e+07 9.490271469149814720e+01
3.925094008445739746e-01 2.653363645076751709e-01 1.886518457772270655e-09 2.973477000000000000e+07 2.940087000000000000e+07 2.931762504577636719e+01 2.821098899841308594e+01 nan 2.968376000000000000e+07 9.236584240408475921e+01
3.978939056396484375e-01 2.689762711524963379e-01 1.885619049100158659e-09 2.993875800000000000e+07 2.960230400000000000e+07 2.872518730163574219e+01 2.764091110229492188e+01 nan 2.988735200000000000e+07 8.984441613437704177e+01
4.032784104347229004e-01 2.726162075996398926e-01 1.884732143174389957e-09 3.012770200000000000e+07 2.978754600000000000e+07 2.813947486877441406e+01 2.707730674743652344e+01 nan 3.007573200000000000e+07 8.734502677921693703e+01
4.086629152297973633e-01 2.762561440467834473e-01 1.883857409814700777e-09 3.030620600000000000e+07 2.996168000000000000e+07 2.756484222412109375e+01 2.652436828613281250e+01 nan 3.025356800000000000e+07 8.489591675848041064e+01
4.140473902225494385e-01 2.798960208892822266e-01 1.882994538868699288e-09 3.048051400000000000e+07 3.013156200000000000e+07 2.700665664672851562e+01 2.598725128173828125e+01 nan 3.042720200000000000e+07 8.253059994567819047e+01
4.194318950176239014e-01 2.835359573364257812e-01 1.882143190604211824e-09 3.065562600000000000e+07 3.030272200000000000e+07 2.646862983703613281e+01 2.546953201293945312e+01 nan 3.060171000000000000e+07 8.027127910506244746e+01
4.248163998126983643e-01 2.871758937835693359e-01 1.881303079826970542e-09 3.083467200000000000e+07 3.047867400000000000e+07 2.595246505737304688e+01 2.497285461425781250e+01 nan 3.078028200000000000e+07 7.812770441338565774e+01
4.302009046077728271e-01 2.908158004283905029e-01 1.880473925305205483e-09 3.101983200000000000e+07 3.066170600000000000e+07 2.545884513854980469e+01 2.449786567687988281e+01 nan 3.096511800000000000e+07 7.610335554848060724e+01
4.355854094028472900e-01 2.944557368755340576e-01 1.879655436356054805e-09 3.121177400000000000e+07 3.085237000000000000e+07 2.498709869384765625e+01 2.404392623901367188e+01 nan 3.115686400000000000e+07 7.419362594617683726e+01
4.409699141979217529e-01 2.980956733226776123e-01 1.878847353036435648e-09 3.140829600000000000e+07 3.104817000000000000e+07 2.453432083129882812e+01 2.360823822021484375e+01 nan 3.135327600000000000e+07 7.238102297740093150e+01
4.463544189929962158e-01 3.017355799674987793e-01 1.878049424887222573e-09 3.160510800000000000e+07 3.124440000000000000e+07 2.409622192382812500e+01 2.318667602539062500e+01 nan 3.155000000000000000e+07 7.064047257614807052e+01
4.517388939857482910e-01 3.053754866123199463e-01 1.877261397654174740e-09 3.179839600000000000e+07 3.143688400000000000e+07 2.366926002502441406e+01 2.277582931518554688e+01 nan 3.174316600000000000e+07 6.895157768100087026e+01
4.571233987808227539e-01 3.090154230594635010e-01 1.876483026309890802e-09 3.198607600000000000e+07 3.162327400000000000e+07 2.325146484375000000e+01 2.237380599975585938e+01 nan 3.193065000000000000e+07 6.730350860359689591e+01
4.625079035758972168e-01 3.126553297042846680e-01 1.875714093387305177e-09 3.216699200000000000e+07 3.180229800000000000e+07 2.284172058105468750e+01 2.197952461242675781e+01 nan 3.211127600000000000e+07 6.569035735899709039e+01
4.678924083709716797e-01 3.162952661514282227e-01 1.874954364165268396e-09 3.234046000000000000e+07 3.197332600000000000e+07 2.243932533264160156e+01 2.159232139587402344e+01 nan 3.228437200000000000e+07 6.410864985187657794e+01
4.732769131660461426e-01 3.199352025985717773e-01 1.874203630559428286e-09 3.250722000000000000e+07 3.213727200000000000e+07 2.204462814331054688e+01 2.121252250671386719e+01 nan 3.245070000000000000e+07 6.256073876634729913e+01
4.786614179611206055e-01 3.235751092433929443e-01 1.873461691551420399e-09 3.266993800000000000e+07 3.229705800000000000e+07 2.165921211242675781e+01 2.084165382385253906e+01 nan 3.261297000000000000e+07 6.105590451115548944e+01
4.840458929538726807e-01 3.272150158882141113e-01 1.872728340933758753e-09 3.283180000000000000e+07 3.245612600000000000e+07 2.128485870361328125e+01 2.048143386840820312e+01 nan 3.277440600000000000e+07 5.960409048586501513e+01
4.894303977489471436e-01 3.308549523353576660e-01 1.872003379495005729e-09 3.299472000000000000e+07 3.261657000000000000e+07 2.092234802246093750e+01 2.013260650634765625e+01 nan 3.293694600000000000e+07 5.820953762485289928e+01
4.948149025440216064e-01 3.344948589801788330e-01 1.871286632213937058e-09 3.315913600000000000e+07 3.277892000000000000e+07 2.057146072387695312e+01 1.979496192932128906e+01 nan 3.310104400000000000e+07 5.687087763586092137e+01
5.001994371414184570e-01 3.381348252296447754e-01 1.870577900826693527e-09 3.332512600000000000e+07 3.294324600000000000e+07 2.023175048828125000e+01 1.946807479858398438e+01 nan 3.326678200000000000e+07 5.558546784624040527e+01
5.055838823318481445e-01 3.417747020721435547e-01 1.869877039368293133e-09 3.349266000000000000e+07 3.310941600000000000e+07 1.990271568298339844e+01 1.915146064758300781e+01 nan 3.343411200000000000e+07 5.435057349623137668e+01
5.109683871269226074e-01 3.454146385192871094e-01 1.869183849789121820e-09 3.366094000000000000e+07 3.327647600000000000e+07 1.958343505859375000e+01 1.884423065185546875e+01 nan 3.360220400000000000e+07 5.316109086974279307e+01
5.163528919219970703e-01 3.490545451641082764e-01 1.868498185335105332e-09 3.382802000000000000e+07 3.344230800000000000e+07 1.927238273620605469e+01 1.854491996765136719e+01 nan 3.376909200000000000e+07 5.200887784386867452e+01
5.217373967170715332e-01 3.526944816112518311e-01 1.867819876059786520e-09 3.399199600000000000e+07 3.360489200000000000e+07 1.896818542480468750e+01 1.825220298767089844e+01 nan 3.393285600000000000e+07 5.088666216712664436e+01
5.271219015121459961e-01 3.563344180583953857e-01 1.867148773833358248e-09 3.415221200000000000e+07 3.376348000000000000e+07 1.867025375366210938e+01 1.796551513671875000e+01 nan 3.409282800000000000e+07 4.979146505779840481e+01
5.325064063072204590e-01 3.599743247032165527e-01 1.866484735032350672e-09 3.430901600000000000e+07 3.391842400000000000e+07 1.837857627868652344e+01 1.768485069274902344e+01 nan 3.424934400000000000e+07 4.872343904075638221e+01
5.378909111022949219e-01 3.636142611503601074e-01 1.865827604301946768e-09 3.446271200000000000e+07 3.407008400000000000e+07 1.809313392639160156e+01 1.741018104553222656e+01 nan 3.440272800000000000e+07 4.768252281679330906e+01
5.432754158973693848e-01 3.672541677951812744e-01 1.865177252290424566e-09 3.461347200000000000e+07 3.421871200000000000e+07 1.781381416320800781e+01 1.714140510559082031e+01 nan 3.455316000000000000e+07 4.666828020950570988e+01
5.486599206924438477e-01 3.708941042423248291e-01 1.864533532427482462e-09 3.476214800000000000e+07 3.436528000000000000e+07 1.754087257385253906e+01 1.687876701354980469e+01 nan 3.470151600000000000e+07 4.568201022512506881e+01
5.540444254875183105e-01 3.745340406894683838e-01 1.863896318172137942e-09 3.491024000000000000e+07 3.451136000000000000e+07 1.727484130859375000e+01 1.662277793884277344e+01 nan 3.484930000000000000e+07 4.472651065267081094e+01
5.594289302825927734e-01 3.781739473342895508e-01 1.863265486641235488e-09 3.505868400000000000e+07 3.465796000000000000e+07 1.701593780517578125e+01 1.637364768981933594e+01 nan 3.499746400000000000e+07 4.380288873813633188e+01
5.648134350776672363e-01 3.818138837814331055e-01 1.862640903204479876e-09 3.520730800000000000e+07 3.480490000000000000e+07 1.676381683349609375e+01 1.613104438781738281e+01 nan 3.514582800000000000e+07 4.290927280987233416e+01
5.701979398727416992e-01 3.854538202285766602e-01 1.862022452330667509e-09 3.535556000000000000e+07 3.495162800000000000e+07 1.651798057556152344e+01 1.589448451995849609e+01 nan 3.529384400000000000e+07 4.204310529589919554e+01
5.755824446678161621e-01 3.890937268733978271e-01 1.861410021730888845e-09 3.550338400000000000e+07 3.509802000000000000e+07 1.627817535400390625e+01 1.566373252868652344e+01 nan 3.544145600000000000e+07 4.120314355863245481e+01
5.809668898582458496e-01 3.927336037158966064e-01 1.860803497296447543e-09 3.565075200000000000e+07 3.524398400000000000e+07 1.604417800903320312e+01 1.543856811523437500e+01 nan 3.558861200000000000e+07 4.038827185199123448e+01
5.863513946533203125e-01 3.963735401630401611e-01 1.860202753428811389e-09 3.579698000000000000e+07 3.538877600000000000e+07 1.581548118591308594e+01 1.521850490570068359e+01 nan 3.573461600000000000e+07 3.959593474680104919e+01
5.917358994483947754e-01 4.000134766101837158e-01 1.859607692406273365e-09 3.594108000000000000e+07 3.553137600000000000e+07 1.559148788452148438e+01 1.500296497344970703e+01 nan 3.587849200000000000e+07 3.882319280236641390e+01
5.971204042434692383e-01 4.036533832550048828e-01 1.859018214291441706e-09 3.608283200000000000e+07 3.567154000000000000e+07 1.537195396423339844e+01 1.479171752929687500e+01 nan 3.601999200000000000e+07 3.806892861406561224e+01
6.025049090385437012e-01 4.072933197021484375e-01 1.858434207544148841e-09 3.622278400000000000e+07 3.580983200000000000e+07 1.515698528289794922e+01 1.458486366271972656e+01 nan 3.615969200000000000e+07 3.733366119323610377e+01
6.078894138336181641e-01 4.109332561492919922e-01 1.857855577876460681e-09 3.636130400000000000e+07 3.594664800000000000e+07 1.494659423828125000e+01 1.438241481781005859e+01 nan 3.629795600000000000e+07 3.661748425200817536e+01
6.132739186286926270e-01 4.145731627941131592e-01 1.857282233477322155e-09 3.649828400000000000e+07 3.608191200000000000e+07 1.474059963226318359e+01 1.418419456481933594e+01 nan 3.643467200000000000e+07 3.591954879815411772e+01
6.186584234237670898e-01 4.182130992412567139e-01 1.856714071034082293e-09 3.663385600000000000e+07 3.621579600000000000e+07 1.453892135620117188e+01 1.399012947082519531e+01 nan 3.656998400000000000e+07 3.523943551039403843e+01
6.240429282188415527e-01 4.218530058860778809e-01 1.856151008397507339e-09 3.676869200000000000e+07 3.634900000000000000e+07 1.434169673919677734e+01 1.380034828186035156e+01 nan 3.670457200000000000e+07 3.457783062311011690e+01
6.294274330139160156e-01 4.254929423332214355e-01 1.855592947277603754e-09 3.690337200000000000e+07 3.648211600000000000e+07 1.414900493621826172e+01 1.361493110656738281e+01 nan 3.683901200000000000e+07 3.393510476731615455e+01
6.556535363197326660e-01 4.432217776775360107e-01 1.852943630635520644e-09 3.754930400000000000e+07 3.712106800000000000e+07 1.326798439025878906e+01 1.276716423034667969e+01 nan 3.748388000000000000e+07 3.103946761641602947e+01
8.039034605026245117e-01 5.434387326240539551e-01 1.839770603253567837e-09 4.080019600000000000e+07 4.033499600000000000e+07 9.589735031127929688e+00 9.227756500244140625e+00 nan 4.072912000000000000e+07 1.974003470010076811e+01
9.932619333267211914e-01 6.714450716972351074e-01 1.826201010048688587e-09 4.423478400000000000e+07 4.373057600000000000e+07 6.810652256011962891e+00 6.553574562072753906e+00 nan 4.415775200000000000e+07 1.221114688279999605e+01
1.227223634719848633e+00 8.296031951904296875e-01 1.812731498599941669e-09 4.772355200000000000e+07 4.717971600000000000e+07 4.813245296478271484e+00 4.631562709808349609e+00 nan 4.764046800000000000e+07 7.479959656740132523e+00
1.516294717788696289e+00 1.025015234947204590e+00 1.799361337301671755e-09 5.125938400000000000e+07 5.067538800000000000e+07 3.386562347412109375e+00 3.258731365203857422e+00 nan 5.117016400000000000e+07 4.541358379325474814e+00
1.873456120491027832e+00 1.266456365585327148e+00 1.786089789356977996e-09 5.483516000000000000e+07 5.421053600000000000e+07 2.373149871826171875e+00 2.283571720123291016e+00 nan 5.473972800000000000e+07 2.735031477769188868e+00
2.314746379852294922e+00 1.564768552780151367e+00 1.772916133006574509e-09 5.844544000000000000e+07 5.777980800000000000e+07 1.656903147697448730e+00 1.594360828399658203e+00 nan 5.834374800000000000e+07 1.635123814483659288e+00
2.859982252120971680e+00 1.933347940444946289e+00 1.759839636962373426e-09 6.208536000000000000e+07 6.137837600000000000e+07 1.152965188026428223e+00 1.109444499015808105e+00 nan 6.197734800000000000e+07 9.710307789153411751e-01
3.533647537231445312e+00 2.388745784759521484e+00 1.746859588797865175e-09 6.575056000000000000e+07 6.500195200000000000e+07 7.998471260070800781e-01 7.696555256843566895e-01 nan 6.563618400000000000e+07 5.731372782765011831e-01
4.365993976593017578e+00 2.951411962509155273e+00 1.733975279535418463e-09 6.943732000000000000e+07 6.864685600000000000e+07 5.533260703086853027e-01 5.324397683143615723e-01 nan 6.931655200000000000e+07 3.363960169484819795e-01
5.394398689270019531e+00 3.646613597869873047e+00 1.721185999058096773e-09 7.314264800000000000e+07 7.231014400000000000e+07 3.818034231662750244e-01 3.673914372920989990e-01 nan 7.301546400000000000e+07 1.964316494870931018e-01
6.665042877197265625e+00 4.505568981170654297e+00 1.708491050912268841e-09 7.686332800000000000e+07 7.598864000000000000e+07 2.628267109394073486e-01 2.529056668281555176e-01 nan 7.672969600000000000e+07 1.141599310411139656e-01
8.234986305236816406e+00 5.566850662231445312e+00 1.695889732548296616e-09 8.059734400000000000e+07 7.968037600000000000e+07 1.805313825607299805e-01 1.737166941165924072e-01 nan 8.045724800000000000e+07 6.605745804289044065e-02
1.017472743988037109e+01 6.878115653991699219e+00 1.683381361073609185e-09 8.434218400000000000e+07 8.338293600000000000e+07 1.237540245056152344e-01 1.190824508666992188e-01 nan 8.419564000000000000e+07 3.806934295896045872e-02
1.257137203216552734e+01 8.498247146606445312e+00 1.670965250288532184e-09 8.809574400000000000e+07 8.709428000000000000e+07 8.467458188533782959e-02 8.147811144590377808e-02 nan 8.794274400000000000e+07 2.185751241467982081e-02
1.553254413604736328e+01 1.050000000000000000e+01 1.658640709094829109e-09 9.185607200000000000e+07 9.081256000000000000e+07 5.783508718013763428e-02 5.565171316266059875e-02 nan 9.169665600000000000e+07 1.250580684396456962e-02
