# k/h [h/Mpc]            k [1/Mpc]              Primoridal             T_cdm(k)                 T_bar(k)                 T_phot(k)                T_massless neutrions(k)  T_massive neutrinos(k)   T_total(k)               Linear Pk [(Mpc/h)^3]  
1.049045658874092624e-05 7.091548468451946974e-06 2.727206404909961128e-09 1.000000000000000000e+00 1.000000000000000000e+00 1.000000000000000000e+00 1.000000000000000000e+00 nan 1.000000000000000000e+00 2.792725682471515203e+00
1.158353370556142181e-05 7.830468348402064294e-06 2.717761705682844603e-09 9.999998211860656738e-01 9.999998211860656738e-01 9.999743103981018066e-01 9.999737739562988281e-01 nan 9.999998211860656738e-01 3.073039674040537683e+00
1.279050593439023942e-05 8.646382411825470626e-06 2.708349706436794825e-09 9.999994635581970215e-01 9.999994635581970215e-01 9.999429583549499512e-01 9.999418258666992188e-01 nan 9.999994635581970215e-01 3.381488554677540392e+00
1.412324218108551577e-05 9.547311492497101426e-06 2.698970312856197758e-09 9.999992847442626953e-01 9.999992847442626953e-01 9.999048113822937012e-01 9.999028444290161133e-01 nan 9.999992847442626953e-01 3.720898114918751887e+00
1.559484553581569344e-05 1.054211588780162856e-05 2.689623392481895528e-09 9.999988675117492676e-01 9.999987483024597168e-01 9.998582005500793457e-01 9.998552799224853516e-01 nan 9.999988675117492676e-01 4.094373615658699173e+00
1.721978514979127795e-05 1.164057448477251455e-05 2.680308856040028027e-09 9.999983310699462891e-01 9.999983310699462891e-01 9.998013973236083984e-01 9.997972846031188965e-01 nan 9.999983310699462891e-01 4.505334352300245371e+00
1.901403993542771786e-05 1.285349117097212002e-05 2.671026563908324178e-09 9.999978542327880859e-01 9.999977350234985352e-01 9.997321963310241699e-01 9.997266530990600586e-01 nan 9.999978542327880859e-01 4.957544751170493313e+00
2.099525045196060091e-05 1.419278942194068804e-05 2.661776424936157355e-09 9.999971389770507812e-01 9.999970197677612305e-01 9.996477365493774414e-01 9.996404647827148438e-01 nan 9.999971389770507812e-01 5.455141426695329976e+00
2.318289807590190321e-05 1.567163963045459241e-05 2.652558315858844083e-09 9.999963045120239258e-01 9.999961853027343750e-01 9.995447993278503418e-01 9.995355010032653809e-01 nan 9.999963045120239258e-01 6.002682251746760400e+00
2.559849235694855452e-05 1.730458097881637514e-05 2.643372135990062650e-09 9.999952912330627441e-01 9.999951720237731934e-01 9.994193315505981445e-01 9.994074702262878418e-01 nan 9.999952912330627441e-01 6.605177011816269150e+00
2.826578383974265307e-05 1.910767059598583728e-05 2.634217767634683471e-09 9.999940395355224609e-01 9.999938607215881348e-01 9.992663860321044922e-01 9.992513656616210938e-01 nan 9.999940395355224609e-01 7.268142526970905237e+00
3.121100235148333013e-05 2.109863817167934030e-05 2.625095097817206075e-09 9.999924898147583008e-01 9.999923110008239746e-01 9.990798830986022949e-01 9.990610480308532715e-01 nan 9.999924898147583008e-01 7.997645283185851106e+00
3.446310074650682509e-05 2.329705603187903762e-05 2.616004033478672110e-09 9.999906420707702637e-01 9.999904632568359375e-01 9.988526701927185059e-01 9.988291859626770020e-01 nan 9.999905228614807129e-01 8.800361731004262111e+00
3.805406231549568474e-05 2.572454650362487882e-05 2.606944439452153756e-09 9.999883770942687988e-01 9.999881982803344727e-01 9.985755085945129395e-01 9.985464811325073242e-01 nan 9.999882578849792480e-01 9.683639294216359161e+00
4.201919000479392707e-05 2.840497290890198201e-05 2.597916226597658093e-09 9.999856352806091309e-01 9.999852776527404785e-01 9.982379078865051270e-01 9.982017874717712402e-01 nan 9.999856352806091309e-01 1.065555805229585218e+01
4.639747567125596106e-05 3.136469240416772664e-05 2.588919279439887767e-09 9.999822378158569336e-01 9.999818205833435059e-01 9.978261590003967285e-01 9.977816939353942871e-01 nan 9.999821186065673828e-01 1.172501262709238112e+01
5.123196388012729585e-05 3.463280881987884641e-05 2.579953483847589841e-09 9.999781250953674316e-01 9.999777078628540039e-01 9.973245263099670410e-01 9.972698092460632324e-01 nan 9.999781250953674316e-01 1.290178382029785631e+01
5.657019573845900595e-05 3.824145096587017179e-05 2.571018745591721348e-09 9.999730587005615234e-01 9.999725818634033203e-01 9.967132806777954102e-01 9.966459870338439941e-01 nan 9.999730587005615234e-01 1.419663509854089689e+01
6.246465636650100350e-05 4.222610732540488243e-05 2.562114941593048984e-09 9.999670386314392090e-01 9.999665021896362305e-01 9.959683418273925781e-01 9.958859682083129883e-01 nan 9.999669194221496582e-01 1.562140853677753327e+01
6.897329876665025949e-05 4.662595165427774191e-05 2.553241977543412439e-09 9.999595284461975098e-01 9.999588727951049805e-01 9.950609207153320312e-01 9.949599504470825195e-01 nan 9.999595284461975098e-01 1.718912222944479851e+01
7.616012590005993843e-05 5.148424679646268487e-05 2.544399743325443185e-09 9.999504685401916504e-01 9.999495744705200195e-01 9.939554929733276367e-01 9.938320517539978027e-01 nan 9.999502897262573242e-01 1.891410850521341303e+01
8.409580186707898974e-05 5.684876305167563260e-05 2.535588130685252624e-09 9.999393820762634277e-01 9.999384284019470215e-01 9.926093220710754395e-01 9.924584031105041504e-01 nan 9.999392628669738770e-01 2.081211662954918040e+01
9.285835403716191649e-05 6.277224747464060783e-05 2.526807033334104165e-09 9.999259114265441895e-01 9.999246001243591309e-01 9.909703135490417480e-01 9.907860755920410156e-01 nan 9.999257922172546387e-01 2.290048021516901144e+01
1.025339443003758788e-04 6.931294774403795600e-05 2.518056339675267213e-09 9.999094605445861816e-01 9.999079108238220215e-01 9.889754652976989746e-01 9.887506961822509766e-01 nan 9.999092817306518555e-01 2.519824923923932758e+01
1.132176985265687108e-04 7.653516513528302312e-05 2.509335958204897443e-09 9.998894333839416504e-01 9.998875856399536133e-01 9.865483045578002930e-01 9.862743020057678223e-01 nan 9.998891353607177734e-01 2.772636937834812088e+01
1.250146742677316070e-04 8.450992027064785361e-05 2.500645773867358897e-09 9.998649954795837402e-01 9.998627305030822754e-01 9.835966825485229492e-01 9.832629561424255371e-01 nan 9.998646974563598633e-01 3.050786167824437456e+01
1.380408502882346511e-04 9.331561159342527390e-05 2.491985695624705562e-09 9.998353123664855957e-01 9.998323917388916016e-01 9.800091981887817383e-01 9.796029925346374512e-01 nan 9.998347759246826172e-01 3.356804064471595694e+01
1.524243270978331566e-04 1.030388448270969093e-04 2.483355596498544299e-09 9.997990131378173828e-01 9.997955560684204102e-01 9.756519198417663574e-01 9.751579165458679199e-01 nan 9.997985363006591797e-01 3.693469433804916235e+01
1.683065347606316209e-04 1.137752187787555158e-04 2.474755379885282393e-09 9.997547268867492676e-01 9.997506141662597656e-01 9.703639745712280273e-01 9.697639942169189453e-01 nan 9.997542500495910645e-01 4.063835215328232664e+01
1.858436153270304203e-04 1.256302784895524383e-04 2.466184957973141175e-09 9.997010231018066406e-01 9.996959567070007324e-01 9.639535546302795410e-01 9.632253646850585938e-01 nan 9.997003078460693359e-01 4.471255064630602050e+01
2.052080089924857020e-04 1.387206139042973518e-04 2.457644209414643305e-09 9.996355772018432617e-01 9.996293783187866211e-01 9.561917185783386230e-01 9.553093910217285156e-01 nan 9.996345043182373047e-01 4.919405143079420384e+01
2.265901130158454180e-04 1.531749148853123188e-04 2.449133045395065615e-09 9.995557069778442383e-01 9.995483160018920898e-01 9.468084573745727539e-01 9.457408189773559570e-01 nan 9.995545744895935059e-01 5.412317251745131585e+01
2.502001880202442408e-04 1.691353245405480266e-04 2.440651351248999153e-09 9.994586110115051270e-01 9.994496703147888184e-01 9.354858994483947754e-01 9.341966509819030762e-01 nan 9.994572997093200684e-01 5.954412244118705644e+01
2.762703516054898500e-04 1.867587561719119549e-04 2.432199034655000626e-09 9.993405938148498535e-01 9.993296861648559570e-01 9.218548536300659180e-01 9.203013777732849121e-01 nan 9.993389248847961426e-01 6.550528388519568068e+01
3.050569503102451563e-04 2.062184939859434962e-04 2.423775992290330563e-09 9.991969466209411621e-01 9.991836547851562500e-01 9.054906368255615234e-01 9.036238193511962891e-01 nan 9.991949796676635742e-01 7.205953792909693334e+01
3.368430479895323515e-04 2.277058956678956747e-04 2.415382114947829304e-09 9.990224838256835938e-01 9.990064501762390137e-01 8.859125375747680664e-01 8.836767077445983887e-01 nan 9.990199804306030273e-01 7.926469904115258203e+01
3.719411906786262989e-04 2.514322404749691486e-04 2.407017301830847028e-09 9.988105893135070801e-01 9.987911581993103027e-01 8.625877499580383301e-01 8.599206209182739258e-01 nan 9.988074898719787598e-01 8.718377460503181453e+01
4.106964333914220333e-04 2.776307810563594103e-04 2.398681465071051552e-09 9.985533952713012695e-01 9.985300898551940918e-01 8.349428176879882812e-01 8.317764997482299805e-01 nan 9.985498189926147461e-01 9.588529099280509627e+01
4.534898616839200258e-04 3.065591445192694664e-04 2.390374494355455649e-09 9.982416033744812012e-01 9.982136487960815430e-01 8.023846745491027832e-01 7.986480593681335449e-01 nan 9.982373714447021484e-01 1.054437212332298657e+02
5.007422878406941891e-04 3.385017917025834322e-04 2.382096284987275655e-09 9.978643059730529785e-01 9.978308081626892090e-01 7.643387317657470703e-01 7.599605321884155273e-01 nan 9.978591799736022949e-01 1.159397692687870602e+02
5.529182380996644497e-04 3.737727238330990076e-04 2.373846756225058361e-09 9.974079728126525879e-01 9.973682165145874023e-01 7.203063368797302246e-01 7.152211666107177734e-01 nan 9.974020123481750488e-01 1.274603647435032201e+02
6.105307838879525661e-04 4.127188003621995449e-04 2.365625794166928840e-09 9.968575835227966309e-01 9.968103170394897461e-01 6.699492931365966797e-01 6.641055345535278320e-01 nan 9.968503713607788086e-01 1.400992182535347297e+02
6.741464603692293167e-04 4.557229985948652029e-04 2.357433293568910220e-09 9.961947798728942871e-01 9.961389899253845215e-01 6.132044792175292969e-01 6.065752506256103516e-01 nan 9.961861371994018555e-01 1.539565064523343381e+02
7.443906506523489952e-04 5.032080807723104954e-04 2.349269171114912410e-09 9.953983426094055176e-01 9.953331351280212402e-01 5.504291653633117676e-01 5.430259704589843750e-01 nan 9.953883886337280273e-01 1.691388646303398673e+02
8.219541050493717194e-04 5.556409596465528011e-04 2.341133324843220307e-09 9.944446682929992676e-01 9.943689107894897461e-01 4.825678467750549316e-01 4.744552373886108398e-01 nan 9.944330453872680664e-01 1.857594136563591292e+02
9.075994603335857391e-04 6.135372095741331577e-04 2.333025652639057309e-09 9.933063387870788574e-01 9.932190775871276855e-01 4.113150537014007568e-01 4.026240110397338867e-01 nan 9.932929873466491699e-01 2.039370086365389625e+02
1.002168864943087101e-03 6.774661596864461899e-04 2.324946049885245546e-09 9.919528365135192871e-01 9.918535947799682617e-01 3.392255306243896484e-01 3.301607072353363037e-01 nan 9.919376373291015625e-01 2.237956937057805646e+02
1.106592128053307533e-03 7.480562780983746052e-04 2.316894434325377400e-09 9.903507828712463379e-01 9.902392029762268066e-01 2.696920931339263916e-01 2.605249583721160889e-01 nan 9.903337359428405762e-01 2.454640154221553416e+02
1.221895916387438774e-03 8.260016329586505890e-04 2.308870708568745277e-09 9.884639382362365723e-01 9.883401393890380859e-01 2.066848427057266235e-01 1.977249830961227417e-01 nan 9.884450435638427734e-01 2.690737921394850218e+02
1.349214115180075169e-03 9.120687609538435936e-04 2.300874762407135126e-09 9.862535595893859863e-01 9.861181974411010742e-01 1.541486084461212158e-01 1.456878930330276489e-01 nan 9.862328767776489258e-01 2.947588795065908016e+02
1.489798538386821747e-03 1.007103826850652695e-03 2.292906509188567727e-09 9.836792349815368652e-01 9.835330247879028320e-01 1.150267943739891052e-01 1.072620823979377747e-01 nan 9.836568236351013184e-01 3.226538001194186904e+02
1.645031501539051533e-03 1.112041296437382698e-03 2.284965850418265676e-09 9.806984066963195801e-01 9.805421233177185059e-01 9.007231146097183228e-02 8.303266018629074097e-02 nan 9.806745648384094238e-01 3.528911353656220058e+02
1.816439209505915642e-03 1.227912958711385727e-03 2.277052691606405739e-09 9.772673845291137695e-01 9.771007299423217773e-01 7.692386955022811890e-02 7.045234739780426025e-02 nan 9.772418737411499023e-01 3.855996690152221049e+02
2.005707239732146263e-03 1.355858054012060165e-03 2.269166941709029953e-09 9.733394384384155273e-01 9.731609821319580078e-01 7.024235278367996216e-02 6.408814340829849243e-02 nan 9.733121395111083984e-01 4.208995978128647266e+02
2.214696491137146950e-03 1.497134799137711525e-03 2.261308494449764354e-09 9.688646793365478516e-01 9.686707854270935059e-01 6.364043056964874268e-02 5.766514316201210022e-02 nan 9.688351154327392578e-01 4.588980048057830459e+02
2.445461694151163101e-03 1.653132145293056965e-03 2.253477264686429142e-09 9.637891650199890137e-01 9.635737538337707520e-01 5.316379293799400330e-02 4.753802344202995300e-02 nan 9.637562036514282227e-01 4.996823697212613524e+02
2.700272016227245331e-03 1.825383864343166351e-03 2.245673160886940457e-09 9.580537080764770508e-01 9.578096866607666016e-01 4.013242200016975403e-02 3.528022021055221558e-02 nan 9.580164551734924316e-01 5.433124935356389642e+02
2.981632947921752930e-03 2.015583915635943413e-03 2.237896076485985185e-09 9.515957832336425781e-01 9.513155817985534668e-01 2.984331361949443817e-02 2.602321840822696686e-02 nan 9.515529274940490723e-01 5.898138582187452812e+02
3.292310982942581177e-03 2.225602278485894203e-03 2.230145925871712440e-09 9.443498253822326660e-01 9.440270662307739258e-01 2.536625973880290985e-02 2.229816280305385590e-02 nan 9.443004727363586426e-01 6.391691655742375815e+02
3.635360859334468842e-03 2.457503927871584892e-03 2.222422616889744185e-09 9.362490177154541016e-01 9.358771443367004395e-01 2.299804985523223877e-02 1.869041100144386292e-02 nan 9.361922144889831543e-01 6.913099328634910989e+02
4.014155361801385880e-03 2.713568974286317825e-03 2.214726058195065524e-09 9.272246360778808594e-01 9.267946481704711914e-01 1.789193972945213318e-02 1.518310979008674622e-02 nan 9.271588325500488281e-01 7.461050288543768829e+02
4.432419314980506897e-03 2.996315481141209602e-03 2.207056148657132701e-09 9.172061681747436523e-01 9.167045354843139648e-01 1.279214490205049515e-02 1.231925841420888901e-02 nan 9.171295166015625000e-01 8.033485378236334782e+02
4.894265439361333847e-03 3.308523446321487427e-03 2.199412800139309644e-09 9.061218500137329102e-01 9.055325388908386230e-01 1.133538316935300827e-02 9.982353076338768005e-03 nan 9.060318470001220703e-01 8.627468788142560925e+02
5.404234398156404495e-03 3.653262509033083916e-03 2.191795924301313793e-09 8.938999772071838379e-01 8.932058215141296387e-01 9.138784371316432953e-03 8.077156729996204376e-03 nan 8.937939405441284180e-01 9.239065068943290271e+02
5.967340432107448578e-03 4.033922217786312103e-03 2.184205430909534259e-09 8.804684281349182129e-01 8.796498775482177734e-01 6.798065267503261566e-03 6.525319535285234451e-03 nan 8.803433179855346680e-01 9.863199053426664022e+02
6.589121185243129730e-03 4.454245790839195251e-03 2.176641221197925960e-09 8.657550215721130371e-01 8.647867441177368164e-01 6.480966228991746902e-03 5.262496881186962128e-03 nan 8.656070828437805176e-01 1.049349764595295255e+03
7.275689393281936646e-03 4.918366204947233200e-03 2.169103203027300791e-09 8.496884703636169434e-01 8.485408425331115723e-01 4.502038937062025070e-03 4.236064385622739792e-03 nan 8.495131731033325195e-01 1.112217480738065888e+03
8.033796213567256927e-03 5.430846009403467178e-03 2.161591299930936394e-09 8.321974277496337891e-01 8.308373689651489258e-01 3.855468239635229111e-03 3.402729053050279617e-03 nan 8.319895863533020020e-01 1.173986200630525673e+03
8.870895951986312866e-03 5.996725521981716156e-03 2.154105401952956366e-09 8.132107853889465332e-01 8.115983009338378906e-01 3.110424615442752838e-03 2.727069426327943802e-03 nan 8.129644393920898438e-01 1.233549535888360424e+03
9.795218706130981445e-03 6.621567998081445694e-03 2.146645430474833453e-09 7.926595807075500488e-01 7.907497882843017578e-01 2.280160784721374512e-03 2.180041279643774033e-03 nan 7.923678159713745117e-01 1.289625966531818221e+03
1.081585418432950974e-02 7.311517372727394104e-03 2.139211293795359687e-09 7.704754471778869629e-01 7.682166099548339844e-01 2.059621037915349007e-03 1.737851416692137718e-03 nan 7.701303958892822266e-01 1.340750527769542714e+03
1.194283645600080490e-02 8.073357865214347839e-03 2.131802900090153706e-09 7.465930581092834473e-01 7.439281344413757324e-01 1.445975154638290405e-03 1.381036709062755108e-03 nan 7.461858987808227539e-01 1.385282342603187544e+03
1.318724639713764191e-02 8.914578706026077271e-03 2.124420174276236449e-09 7.209538221359252930e-01 7.178200483322143555e-01 1.216941047459840775e-03 1.093665719963610172e-03 nan 7.204750776290893555e-01 1.421429483291329916e+03
1.456132158637046814e-02 9.843453764915466309e-03 2.117063005254935590e-09 6.935095191001892090e-01 6.898408532142639160e-01 9.142018388956785202e-04 8.627266506664454937e-04 nan 6.929490566253662109e-01 1.447289248629364920e+03
1.607857085764408112e-02 1.086911372840404510e-02 2.109731324472420402e-09 6.642317175865173340e-01 6.599609851837158203e-01 6.853468366898596287e-04 6.775936926715075970e-04 nan 6.635792851448059082e-01 1.460930907134426207e+03
1.775391399860382080e-02 1.200164575129747391e-02 2.102425026951150955e-09 6.331232190132141113e-01 6.281868219375610352e-01 5.855700001120567322e-04 5.296025774441659451e-04 nan 6.323690414428710938e-01 1.460518253116732240e+03
1.960382424294948578e-02 1.325218472629785538e-02 2.095144031049849183e-09 6.002360582351684570e-01 5.945808887481689453e-01 4.529452126007527113e-04 4.116967902518808842e-04 nan 5.993720889091491699e-01 1.444490806109748291e+03
2.164648845791816711e-02 1.463302597403526306e-02 2.087888252770266929e-09 5.656948685646057129e-01 5.592873692512512207e-01 3.318655362818390131e-04 3.181346983183175325e-04 nan 5.647159218788146973e-01 1.411806108419888687e+03
2.390199340879917145e-02 1.615774817764759064e-02 2.080657597354892904e-09 5.297257900238037109e-01 5.225648283958435059e-01 2.562632435001432896e-04 2.442490367684513330e-04 nan 5.286318063735961914e-01 1.362237741740765841e+03
2.639251388609409332e-02 1.784133911132812500e-02 2.073451995948668221e-09 4.926892817020416260e-01 4.848206341266632080e-01 2.152227389160543680e-04 1.862469362094998360e-04 nan 4.914871752262115479e-01 1.296692107680848949e+03
2.914254181087017059e-02 1.970035769045352936e-02 2.066271340052806293e-09 4.551097750663757324e-01 4.466427862644195557e-01 1.609355240361765027e-04 1.410437544109299779e-04 nan 4.538161754608154297e-01 1.217483206958823985e+03
3.217911347746849060e-02 2.175308018922805786e-02 2.059115554147728899e-09 4.176923930644989014e-01 4.088150858879089355e-01 1.156342186732217669e-04 1.061244038282893598e-04 nan 4.163361489772796631e-01 1.128453901574040628e+03
3.553209081292152405e-02 2.401969395577907562e-02 2.051984539888671147e-09 3.813098073005676270e-01 3.722969591617584229e-01 7.704711606493219733e-05 7.942864613141864538e-05 nan 3.799328505992889404e-01 1.034824474036820675e+03
3.923443704843521118e-02 2.652247995138168335e-02 2.044878229365854235e-09 3.469361364841461182e-01 3.381434082984924316e-01 6.993436545599251986e-05 5.925676305196247995e-05 nan 3.455927670001983643e-01 9.426486690062858997e+02
4.332255572080612183e-02 2.928604744374752045e-02 2.037796533657790378e-09 3.155070543289184570e-01 3.073412477970123291e-01 5.142541340319439769e-05 4.419475953909568489e-05 nan 3.142594993114471436e-01 8.578453078481255716e+02
4.765481501817703247e-02 3.221465647220611572e-02 2.031010053452367756e-09 2.886172533035278320e-01 2.814283370971679688e-01 3.597983959480188787e-05 3.341742922202683985e-05 nan 2.875189483165740967e-01 7.870083339532644686e+02
5.198707059025764465e-02 3.514325991272926331e-02 2.024834231214258902e-09 2.673105597496032715e-01 2.612583041191101074e-01 2.801195114443544298e-05 2.601689448056276888e-05 nan 2.663859128952026367e-01 7.342313181959505073e+02
5.631932616233825684e-02 3.807186335325241089e-02 2.019169610001785353e-09 2.498808950185775757e-01 2.449593245983123779e-01 2.232291444670408964e-05 2.073294672300107777e-05 nan 2.491289824247360229e-01 6.931260661851473515e+02
6.065158173441886902e-02 4.100047051906585693e-02 2.013939112582009273e-09 2.351281493902206421e-01 2.311921864748001099e-01 1.812036680348683149e-05 1.682965557847637683e-05 nan 2.345268279314041138e-01 6.591945801743335096e+02
6.498383730649948120e-02 4.392907395958900452e-02 2.009081821590703985e-09 2.219270616769790649e-01 2.187371850013732910e-01 1.490445265517337248e-05 1.384276765747927129e-05 nan 2.214397192001342773e-01 6.276815327591242522e+02
6.931609660387039185e-02 4.685768112540245056e-02 2.004548729015451583e-09 2.094517648220062256e-01 2.067263573408126831e-01 1.236598563991719857e-05 1.148510636994615197e-05 nan 2.090354114770889282e-01 5.950242423534771206e+02
7.364834845066070557e-02 4.978628456592559814e-02 2.000299865353250301e-09 1.972161531448364258e-01 1.946825534105300903e-01 1.031428200803929940e-05 9.579557627148460597e-06 nan 1.968290805816650391e-01 5.593182276895475979e+02
7.798060774803161621e-02 5.271489173173904419e-02 1.996302173696350216e-09 1.850874125957489014e-01 1.825240403413772583e-01 8.632800017949193716e-06 8.017869731702376157e-06 nan 1.846957951784133911e-01 5.205741089383792541e+02
8.231285959482192993e-02 5.564349144697189331e-02 1.992528044667567094e-09 1.731960624456405640e-01 1.704596281051635742e-01 7.247831945278448984e-06 6.731577741447836161e-06 nan 1.727780103683471680e-01 4.802463293986206736e+02
8.664511889219284058e-02 5.857209861278533936e-02 1.988954134422163219e-09 1.618041843175888062e-01 1.588395237922668457e-01 6.108348770794691518e-06 5.673281066265190020e-06 nan 1.613512635231018066e-01 4.404171945020993348e+02
9.097737073898315430e-02 6.150070205330848694e-02 1.985560585482697045e-09 1.511873751878738403e-01 1.480206400156021118e-01 5.174655598239041865e-06 4.806108336197212338e-06 nan 1.507035642862319946e-01 4.030542245536618111e+02
9.636187553405761719e-02 6.514062732458114624e-02 1.981568674123380254e-09 1.394460350275039673e-01 1.361553519964218140e-01 4.252437065588310361e-06 3.949585334339644760e-06 nan 1.389432996511459351e-01 3.624454195838533792e+02
1.017463728785514832e-01 6.878054887056350708e-02 1.977801256732118934e-09 1.296374052762985229e-01 1.264166086912155151e-01 3.545249455783050507e-06 3.292766677986946888e-06 nan 1.291453391313552856e-01 3.301247997656234361e+02
1.071308776736259460e-01 7.242047041654586792e-02 1.974234781265857972e-09 1.218116655945777893e-01 1.188475191593170166e-01 3.005062353622633964e-06 2.791046426864340901e-06 nan 1.213588193058967590e-01 3.063423792998501654e+02
1.125153750181198120e-01 7.606039196252822876e-02 1.970849203820953451e-09 1.156367436051368713e-01 1.130560636520385742e-01 2.587104972917586565e-06 2.402847030680277385e-06 nan 1.152424737811088562e-01 2.894495475314821533e+02
1.178998723626136780e-01 7.970031350851058960e-02 1.967627323526894450e-09 1.105539351701736450e-01 1.083962321281433105e-01 2.253684442621306516e-06 2.093164084726595320e-06 nan 1.102242842316627502e-01 2.767709442815739180e+02
1.232843771576881409e-01 8.334024250507354736e-02 1.964554264128985100e-09 1.060088351368904114e-01 1.042272076010704041e-01 1.977277406695066020e-06 1.836436922530992888e-06 nan 1.057366430759429932e-01 2.656880878612408310e+02
1.286688745021820068e-01 8.698015660047531128e-02 1.961617102724775952e-09 1.015706285834312439e-01 1.000558733940124512e-01 1.739797085065220017e-06 1.615868313820101321e-06 nan 1.013392060995101929e-01 2.541791463615138298e+02
1.340533792972564697e-01 9.062008559703826904e-02 1.958804483640675406e-09 9.697327762842178345e-02 9.559044986963272095e-02 1.530451868347881828e-06 1.421434490112005733e-06 nan 9.676201641559600830e-02 2.410398840126258335e+02
1.394378840923309326e-01 9.426000714302062988e-02 1.956106446915437174e-09 9.214686602354049683e-02 9.077283740043640137e-02 1.343982148682698607e-06 1.248249077434593346e-06 nan 9.193693846464157104e-02 2.260738395861744436e+02
1.448223739862442017e-01 9.789992123842239380e-02 1.953514161287429418e-09 8.720079809427261353e-02 8.575260639190673828e-02 1.178690240521973465e-06 1.094734102480288129e-06 nan 8.697954565286636353e-02 2.099950341705949768e+02
1.502068787813186646e-01 1.015398502349853516e-01 1.951019758654691563e-09 8.234507590532302856e-02 8.079325407743453979e-02 1.034299089042178821e-06 9.606309276932734065e-07 nan 8.210799843072891235e-02 1.939736135356143905e+02
1.555913835763931274e-01 1.051797717809677124e-01 1.948616241255242070e-09 7.781191915273666382e-02 7.617791742086410522e-02 9.105579579227196518e-07 8.457059834654501174e-07 nan 7.756227254867553711e-02 1.791925719795996770e+02
1.609758734703063965e-01 1.088196933269500732e-01 1.946297314463125787e-09 7.379969954490661621e-02 7.214073836803436279e-02 8.066021450758853462e-07 7.491555038541264366e-07 nan 7.354623824357986450e-02 1.665693148252640867e+02
1.663603782653808594e-01 1.124596148729324341e-01 1.944057316713681798e-09 7.041335105895996094e-02 6.880062073469161987e-02 7.205302381407818757e-07 6.692138754260668065e-07 nan 7.016696035861968994e-02 1.565254164874768605e+02
1.717448830604553223e-01 1.160995438694953918e-01 1.941891129256332855e-09 6.762512773275375366e-02 6.612189114093780518e-02 6.493630735349142924e-07 6.031145289853157010e-07 nan 6.739546358585357666e-02 1.488815198867011986e+02
1.771293878555297852e-01 1.197394654154777527e-01 1.939794125595426991e-09 6.530081480741500854e-02 6.394641101360321045e-02 5.896483799006091431e-07 5.476514388647046871e-07 nan 6.509388983249664307e-02 1.430208467729993060e+02
1.825138777494430542e-01 1.233793795108795166e-01 1.937762091126241291e-09 6.326524168252944946e-02 6.206795945763587952e-02 5.382213430493720807e-07 4.998858571525488514e-07 nan 6.308232992887496948e-02 1.381791744407196063e+02
1.878983825445175171e-01 1.270193010568618774e-01 1.935791175107242678e-09 6.134831905364990234e-02 6.028744578361511230e-02 4.925632310914807022e-07 4.574787340061448049e-07 nan 6.118624284863471985e-02 1.336296342400324875e+02
1.932828873395919800e-01 1.306592375040054321e-01 1.933877861004656685e-09 5.941012129187583923e-02 5.844511091709136963e-02 4.508730171437491663e-07 4.187575086689321324e-07 nan 5.926268547773361206e-02 1.287831921385580358e+02
1.986673772335052490e-01 1.342991441488265991e-01 1.932018951816384183e-09 5.737011134624481201e-02 5.645339190959930420e-02 4.121273207147169160e-07 3.827715886473015416e-07 nan 5.723005905747413635e-02 1.233176446566220363e+02
2.040518820285797119e-01 1.379390656948089600e-01 1.930211465507478933e-09 5.522590503096580505e-02 5.431541427969932556e-02 3.760303002309228759e-07 3.492460791676421650e-07 nan 5.508679524064064026e-02 1.172592311813444894e+02
2.094363868236541748e-01 1.415790021419525146e-01 1.928452677645768952e-09 5.303655564785003662e-02 5.210500210523605347e-02 3.427313117754238192e-07 3.183194792200083612e-07 nan 5.289423838257789612e-02 1.108989999430821598e+02
2.148208767175674438e-01 1.452189087867736816e-01 1.926740094380007882e-09 5.088733509182929993e-02 4.992609471082687378e-02 3.124952172584016807e-07 2.902376365909731248e-07 nan 5.074048042297363281e-02 1.046248715355039138e+02
2.202053815126419067e-01 1.488588303327560425e-01 1.925071368159055733e-09 4.886354506015777588e-02 4.788132011890411377e-02 2.855145737612474477e-07 2.651791533025971148e-07 nan 4.871348664164543152e-02 9.880082938107629786e+01
2.255898863077163696e-01 1.524987667798995972e-01 1.923444343781293656e-09 4.703232645988464355e-02 4.604968056082725525e-02 2.618180872104858281e-07 2.431706320749071892e-07 nan 4.688219726085662842e-02 9.369319119764236348e+01
2.309743911027908325e-01 1.561386883258819580e-01 1.921857033120720865e-09 4.542482644319534302e-02 4.446671158075332642e-02 2.412094772807904519e-07 2.240298471178903128e-07 nan 4.527845233678817749e-02 8.941026298194481114e+01
2.363588809967041016e-01 1.597786098718643188e-01 1.920307567935778733e-09 4.402979463338851929e-02 4.311817139387130737e-02 2.232853262285061646e-07 2.073821718795443303e-07 nan 4.389052093029022217e-02 8.589185141934187584e+01
2.417433857917785645e-01 1.634185314178466797e-01 1.918794213956308179e-09 4.280500486493110657e-02 4.195347428321838379e-02 2.075400686862849398e-07 1.927580939309336827e-07 nan 4.267491027712821960e-02 8.296367039550457889e+01
2.471278905868530273e-01 1.670584529638290405e-01 1.917315352832477265e-09 4.169289767742156982e-02 4.090430960059165955e-02 1.934666755687430850e-07 1.796867934444890125e-07 nan 4.157241806387901306e-02 8.039986881246565531e+01
2.525123953819274902e-01 1.706983745098114014e-01 1.915869472055197894e-09 4.063116759061813354e-02 3.989837318658828735e-02 1.806113090196959092e-07 1.677468901561951498e-07 nan 4.051921516656875610e-02 7.796202245968768807e+01
2.578969001770019531e-01 1.743383109569549561e-01 1.914455150219987163e-09 3.956609964370727539e-02 3.887502476572990417e-02 1.686253483512700768e-07 1.566145186870926409e-07 nan 3.946051746606826782e-02 7.544902929278056547e+01
2.632813751697540283e-01 1.779782027006149292e-01 1.913071083197014340e-09 3.846941515803337097e-02 3.780342638492584229e-02 1.573177712543838425e-07 1.461123417811904801e-07 nan 3.836766630411148071e-02 7.276093814004039473e+01
2.686658799648284912e-01 1.816181391477584839e-01 1.911715991580206360e-09 3.734381124377250671e-02 3.668800368905067444e-02 1.466485173295950517e-07 1.362030985774254077e-07 nan 3.724361956119537354e-02 6.991801528261117937e+01
2.740503847599029541e-01 1.852580606937408447e-01 1.910388727493893778e-09 3.621136769652366638e-02 3.555572405457496643e-02 1.366559274629253196e-07 1.269223588451495743e-07 nan 3.611119836568832397e-02 6.701282259289533272e+01
2.794348895549774170e-01 1.888979822397232056e-01 1.909088184011114833e-09 3.509939834475517273e-02 3.444026038050651550e-02 1.273895975373307010e-07 1.183161728590675921e-07 nan 3.499869629740715027e-02 6.415371797153524369e+01
2.848193943500518799e-01 1.925379037857055664e-01 1.907813323590368924e-09 3.403534740209579468e-02 3.337504342198371887e-02 1.188890337289194576e-07 1.104211619917805365e-07 nan 3.393446654081344604e-02 6.144431316261037068e+01
2.902038991451263428e-01 1.961778402328491211e-01 1.906563162582237113e-09 3.304424509406089783e-02 3.238936141133308411e-02 1.111757725880124781e-07 1.032573351267274120e-07 nan 3.294419497251510620e-02 5.897420019643752198e+01
2.955884039402008057e-01 1.998177617788314819e-01 1.905336787226579552e-09 3.214104846119880676e-02 3.149990737438201904e-02 1.042310131538215501e-07 9.680722712346323533e-08 nan 3.204309195280075073e-02 5.679303593228963365e+01
3.009728789329528809e-01 2.034576684236526489e-01 1.904133323856378078e-09 3.132361173629760742e-02 3.070380166172981262e-02 9.798074529498990159e-08 9.100209297230321681e-08 nan 3.122891671955585480e-02 5.488886726710730102e+01
3.063573837280273438e-01 2.070975899696350098e-01 1.902951936232507350e-09 3.057559579610824585e-02 2.998203411698341370e-02 9.231434461298704264e-08 8.573922372079323395e-08 nan 3.048491105437278748e-02 5.320125951625232119e+01
3.117418885231018066e-01 2.107375115156173706e-01 1.901791846628511990e-09 2.987572364509105682e-02 2.930974215269088745e-02 8.711904087022048770e-08 8.091389958053696319e-08 nan 2.978925406932830811e-02 5.165482215815778488e+01
3.171263933181762695e-01 2.143774479627609253e-01 1.900652308391623192e-09 2.920407429337501526e-02 2.866354584693908691e-02 8.229909553847392090e-08 7.643722454986345838e-08 nan 2.912149019539356232e-02 5.018082788895407731e+01
3.225108981132507324e-01 2.180173695087432861e-01 1.899532626729035332e-09 2.854365296661853790e-02 2.802394330501556396e-02 7.777837396361064748e-08 7.223846409942780156e-08 nan 2.846425212919712067e-02 4.872211707438406592e+01
3.278954029083251953e-01 2.216572910547256470e-01 1.898432128189829179e-09 2.788249589502811432e-02 2.737785689532756805e-02 7.350328701249964070e-08 6.826787313229942811e-08 nan 2.780539728701114655e-02 4.723997016930319148e+01
3.332799077033996582e-01 2.252972126007080078e-01 1.897350177081271127e-09 2.721728198230266571e-02 2.672233246266841888e-02 6.944896568938929704e-08 6.450233769328406197e-08 nan 2.714166231453418732e-02 4.572587306333794288e+01
3.386643826961517334e-01 2.289371192455291748e-01 1.896286172945125672e-09 2.655397728085517883e-02 2.606482431292533875e-02 6.561642607039175346e-08 6.094279569879290648e-08 nan 2.647924423217773438e-02 4.420266508194873722e+01
3.440488874912261963e-01 2.325770407915115356e-01 1.895239531240720810e-09 2.590345405042171478e-02 2.541829273104667664e-02 6.201789659598944127e-08 5.760060872717076563e-08 nan 2.582933194935321808e-02 4.270861642655398072e+01
3.494333922863006592e-01 2.362169772386550903e-01 1.894209703480833635e-09 2.527604810893535614e-02 2.479514107108116150e-02 5.866223773409728892e-08 5.448398354701566859e-08 nan 2.520257607102394104e-02 4.127876574351105177e+01
3.548178970813751221e-01 2.398568987846374512e-01 1.893196174858241155e-09 2.467916533350944519e-02 2.420434355735778809e-02 5.554977988708742487e-08 5.159322924441767100e-08 nan 2.460662275552749634e-02 3.993723124336336383e+01
3.602024018764495850e-01 2.434968203306198120e-01 1.892198441798694543e-09 2.411717548966407776e-02 2.365103550255298615e-02 5.267322222834991408e-08 4.892156368896394270e-08 nan 2.404595911502838135e-02 3.869742315386510967e+01
3.655869066715240479e-01 2.471367418766021729e-01 1.891216027459402332e-09 2.359086088836193085e-02 2.313593216240406036e-02 5.001756520073286083e-08 4.645504958489254932e-08 nan 2.352136000990867615e-02 3.756083780638886083e+01
3.709714114665985107e-01 2.507766783237457275e-01 1.890248472221847833e-09 2.309652604162693024e-02 2.265457436442375183e-02 4.755943194822975784e-08 4.417198695705337741e-08 nan 2.302900515496730804e-02 3.651476603087076001e+01
3.763558864593505859e-01 2.544165849685668945e-01 1.889295352117686434e-09 2.262696810066699982e-02 2.219862863421440125e-02 4.527043628854698909e-08 4.204601111723604845e-08 nan 2.256152778863906860e-02 3.553588973207044432e+01
3.817403912544250488e-01 2.580564916133880615e-01 1.888356242191734645e-09 2.217440120875835419e-02 2.175912074744701385e-02 4.312370549541810760e-08 4.005217135727434652e-08 nan 2.211095765233039856e-02 3.459965480189848819e+01
3.871248960494995117e-01 2.616964280605316162e-01 1.887430735669950155e-09 2.173269540071487427e-02 2.132900618016719818e-02 4.109820039843725681e-08 3.817092419922119007e-08 nan 2.167102135717868805e-02 3.368722459456088103e+01
3.925094008445739746e-01 2.653363645076751709e-01 1.886518457772270655e-09 2.129774354398250580e-02 2.090368047356605530e-02 3.917870117220445536e-08 3.638814050077598949e-08 nan 2.123753912746906281e-02 3.278643453282295894e+01
3.978939056396484375e-01 2.689762711524963379e-01 1.885619049100158659e-09 2.086741849780082703e-02 2.048102393746376038e-02 3.735507547730776423e-08 3.469440912340360228e-08 nan 2.080838568508625031e-02 3.189147238429911368e+01
4.032784104347229004e-01 2.726162075996398926e-01 1.884732143174389957e-09 2.044221013784408569e-02 2.006192505359649658e-02 3.562271899681945797e-08 3.308544549440739502e-08 nan 2.038411051034927368e-02 3.100460267689213723e+01
4.086629152297973633e-01 2.762561440467834473e-01 1.883857409814700777e-09 2.002516575157642365e-02 1.965008303523063660e-02 3.398173831214990059e-08 3.156135264248405292e-08 nan 1.996786333620548248e-02 3.013570966579480270e+01
4.140473902225494385e-01 2.798960208892822266e-01 1.882994538868699288e-09 1.962008140981197357e-02 1.924998685717582703e-02 3.243328805524470226e-08 3.012319638173721614e-08 nan 1.956353709101676941e-02 2.929655798411397427e+01
4.194318950176239014e-01 2.835359573364257812e-01 1.882143190604211824e-09 1.922952756285667419e-02 1.886478811502456665e-02 3.097622069958561042e-08 2.876991977984744153e-08 nan 1.917380280792713165e-02 2.849490455979682579e+01
4.248163998126983643e-01 2.871758937835693359e-01 1.881303079826970542e-09 1.885469630360603333e-02 1.849601976573467255e-02 2.960709721833154617e-08 2.749831296000593284e-08 nan 1.879989914596080780e-02 2.773416133622648871e+01
4.302009046077728271e-01 2.908158004283905029e-01 1.880473925305205483e-09 1.849607750773429871e-02 1.814422942698001862e-02 2.832147494302716950e-08 2.630426010341579968e-08 nan 1.844232156872749329e-02 2.701554643478373308e+01
4.355854094028472900e-01 2.944557368755340576e-01 1.879655436356054805e-09 1.815320178866386414e-02 1.780877821147441864e-02 2.711372459884842101e-08 2.518252806282816891e-08 nan 1.810058206319808960e-02 2.633746500482121178e+01
4.409699141979217529e-01 2.980956733226776123e-01 1.878847353036435648e-09 1.782402582466602325e-02 1.748727820813655853e-02 2.597623982580898883e-08 2.412605937252010335e-08 nan 1.777257956564426422e-02 2.569377724374804828e+01
4.463544189929962158e-01 3.017355799674987793e-01 1.878049424887222573e-09 1.750550791621208191e-02 1.717630960047245026e-02 2.490059891613327636e-08 2.312703095697088429e-08 nan 1.745521277189254761e-02 2.507564804557662441e+01
4.517388939857482910e-01 3.053754866123199463e-01 1.877261397654174740e-09 1.719512976706027985e-02 1.687302067875862122e-02 2.387978526030565263e-08 2.217892181022307341e-08 nan 1.714591868221759796e-02 2.447591924983075629e+01
4.571233987808227539e-01 3.090154230594635010e-01 1.876483026309890802e-09 1.689149439334869385e-02 1.657580956816673279e-02 2.290890144251989113e-08 2.127718801148148486e-08 nan 1.684326492249965668e-02 2.389077030835622395e+01
4.625079035758972168e-01 3.126553297042846680e-01 1.875714093387305177e-09 1.659380644559860229e-02 1.628381945192813873e-02 2.198423487698164536e-08 2.041838165212084277e-08 nan 1.654644683003425598e-02 2.331812754206578830e+01
4.678924083709716797e-01 3.162952661514282227e-01 1.874954364165268396e-09 1.630154065787792206e-02 1.599662005901336670e-02 2.110272490085662866e-08 1.959966233755494613e-08 nan 1.625495590269565582e-02 2.275673278967053648e+01
4.732769131660461426e-01 3.199352025985717773e-01 1.874203630559428286e-09 1.601492241024971008e-02 1.571461744606494904e-02 2.026248502318139799e-08 1.881926792179910990e-08 nan 1.596904359757900238e-02 2.220739727514551731e+01
4.786614179611206055e-01 3.235751092433929443e-01 1.873461691551420399e-09 1.573506556451320648e-02 1.543915458023548126e-02 1.946284378107066004e-08 1.807658378538690158e-08 nan 1.568985730409622192e-02 2.167336148620081104e+01
4.840458929538726807e-01 3.272150158882141113e-01 1.872728340933758753e-09 1.546322274953126907e-02 1.517168525606393814e-02 1.870329136011150695e-08 1.737113208832852251e-08 nan 1.541868224740028381e-02 2.115812864727516640e+01
4.894303977489471436e-01 3.308549523353576660e-01 1.872003379495005729e-09 1.519993413239717484e-02 1.491289399564266205e-02 1.798244397832604591e-08 1.670162852462908631e-08 nan 1.515608094632625580e-02 2.066316800736927206e+01
4.948149025440216064e-01 3.344948589801788330e-01 1.871286632213937058e-09 1.494503952562808990e-02 1.466268021613359451e-02 1.729815579665228142e-08 1.606608002191478590e-08 nan 1.490190159529447556e-02 2.018799085662086767e+01
5.001994371414184570e-01 3.381348252296447754e-01 1.870577900826693527e-09 1.469821017235517502e-02 1.442068815231323242e-02 1.664820103997044498e-08 1.546241712446771999e-08 nan 1.465581264346837997e-02 1.973166697625508448e+01
5.055838823318481445e-01 3.417747020721435547e-01 1.869877039368293133e-09 1.445911079645156860e-02 1.418649591505527496e-02 1.603046939635532908e-08 1.488868583976454829e-08 nan 1.441746111959218979e-02 1.929324619826697784e+01
5.109683871269226074e-01 3.454146385192871094e-01 1.869183849789121820e-09 1.422707643359899521e-02 1.395932491868734360e-02 1.544262850927680120e-08 1.434271101885542521e-08 nan 1.418616902083158493e-02 1.887092934193518090e+01
5.163528919219970703e-01 3.490545451641082764e-01 1.868498185335105332e-09 1.400102954357862473e-02 1.373798679560422897e-02 1.488204937061254896e-08 1.382206082922721180e-08 nan 1.396084204316139221e-02 1.846184588488709366e+01
5.217373967170715332e-01 3.526944816112518311e-01 1.867819876059786520e-09 1.377998664975166321e-02 1.352141145616769791e-02 1.434638541297772463e-08 1.332454857561060635e-08 nan 1.374048180878162384e-02 1.806343770865154141e+01
5.271219015121459961e-01 3.563344180583953857e-01 1.867148773833358248e-09 1.356352213770151138e-02 1.330914162099361420e-02 1.383402992161109069e-08 1.284868655915261115e-08 nan 1.352465804666280746e-02 1.767464947967753375e+01
5.325064063072204590e-01 3.599743247032165527e-01 1.866484735032350672e-09 1.335163507610559464e-02 1.310117915272712708e-02 1.334390198337587208e-08 1.239346847370370597e-08 nan 1.331337168812751770e-02 1.729553641832140443e+01
5.378909111022949219e-01 3.636142611503601074e-01 1.865827604301946768e-09 1.314429379999637604e-02 1.289754733443260193e-02 1.287496065316418026e-08 1.195792798114325706e-08 nan 1.310659479349851608e-02 1.692607011463141120e+01
5.432754158973693848e-01 3.672541677951812744e-01 1.865177252290424566e-09 1.294141542166471481e-02 1.269822567701339722e-02 1.242617209129548428e-08 1.154110496059956859e-08 nan 1.290426217019557953e-02 1.656607362440749398e+01
5.486599206924438477e-01 3.708941042423248291e-01 1.864533532427482462e-09 1.274316944181919098e-02 1.250344980508089066e-02 1.199679289243249514e-08 1.114231018561895326e-08 nan 1.270654518157243729e-02 1.621601878267181007e+01
5.540444254875183105e-01 3.745340406894683838e-01 1.863896318172137942e-09 1.254992932081222534e-02 1.231365744024515152e-02 1.158631235398388526e-08 1.076106759256845180e-08 nan 1.251383218914270401e-02 1.587686768143840332e+01
5.594289302825927734e-01 3.781739473342895508e-01 1.863265486641235488e-09 1.236185524612665176e-02 1.212903391569852829e-02 1.119403059135493095e-08 1.039672437030958463e-08 nan 1.232628617435693741e-02 1.554901351856659097e+01
5.648134350776672363e-01 3.818138837814331055e-01 1.862640903204479876e-09 1.217868924140930176e-02 1.194933149963617325e-02 1.081890399490248456e-08 1.004831684525697710e-08 nan 1.214364822953939438e-02 1.523179724355128783e+01
5.701979398727416992e-01 3.854538202285766602e-01 1.862022452330667509e-09 1.200007647275924683e-02 1.177417300641536713e-02 1.045986408598764683e-08 9.714849369402145385e-09 nan 1.196556352078914642e-02 1.492431774143001277e+01
5.755824446678161621e-01 3.890937268733978271e-01 1.861410021730888845e-09 1.182583998888731003e-02 1.160335633903741837e-02 1.011605377243540715e-08 9.395527023059457861e-09 nan 1.179184950888156891e-02 1.462613182781913146e+01
5.809668898582458496e-01 3.927336037158966064e-01 1.860803497296447543e-09 1.165582332760095596e-02 1.143668871372938156e-02 9.786677246381714212e-09 9.089609953605304327e-09 nan 1.162234414368867874e-02 1.433684700292126735e+01
5.863513946533203125e-01 3.963735401630401611e-01 1.860202753428811389e-09 1.148965861648321152e-02 1.127377524971961975e-02 9.470809025913240475e-09 8.796240180686254462e-09 nan 1.145667675882577896e-02 1.405556824255343251e+01
5.917358994483947754e-01 4.000134766101837158e-01 1.859607692406273365e-09 1.132691837847232819e-02 1.111416611820459366e-02 9.167528070008756913e-09 8.514561500305717345e-09 nan 1.129441428929567337e-02 1.378125268660959080e+01
5.971204042434692383e-01 4.036533832550048828e-01 1.859018214291441706e-09 1.116743125021457672e-02 1.095768995583057404e-02 8.876174462102426332e-09 8.243960181175680191e-09 nan 1.113538723438978195e-02 1.351350550912609094e+01
6.025049090385437012e-01 4.072933197021484375e-01 1.858434207544148841e-09 1.101126521825790405e-02 1.080442313104867935e-02 8.596312994768595672e-09 7.984031213936759741e-09 nan 1.097966358065605164e-02 1.325250962063693727e+01
6.078894138336181641e-01 4.109332561492919922e-01 1.857855577876460681e-09 1.085842866450548172e-02 1.065439451485872269e-02 8.327480038872181467e-09 7.734347384769080236e-09 nan 1.082725729793310165e-02 1.299829500160934614e+01
6.132739186286926270e-01 4.145731627941131592e-01 1.857282233477322155e-09 1.070878934115171432e-02 1.050749234855175018e-02 8.069129364685068140e-09 7.494397991081314103e-09 nan 1.067803520709276199e-02 1.275055335610267981e+01
6.186584234237670898e-01 4.182130992412567139e-01 1.856714071034082293e-09 1.056228391826152802e-02 1.036367192864418030e-02 7.820792014001654024e-09 7.263749601804647682e-09 nan 1.053194049745798111e-02 1.250914186022025198e+01
6.240429282188415527e-01 4.218530058860778809e-01 1.856151008397507339e-09 1.041901018470525742e-02 1.022304967045783997e-02 7.582144689877168275e-09 7.042098459919543529e-09 nan 1.038907188922166824e-02 1.227429642134891097e+01
6.294274330139160156e-01 4.254929423332214355e-01 1.855592947277603754e-09 1.027902401983737946e-02 1.008568517863750458e-02 7.352838338192668743e-09 6.829124377105699750e-09 nan 1.024948619306087494e-02 1.204614280562895878e+01
6.556535363197326660e-01 4.432217776775360107e-01 1.852943630635520644e-09 9.638952091336250305e-03 9.457821026444435120e-03 6.354431647537239769e-09 5.901830135712771153e-09 nan 9.611278772354125977e-03 1.101823685907232431e+01
8.039034605026245117e-01 5.434387326240539551e-01 1.839770603253567837e-09 6.966763176023960114e-03 6.835875101387500763e-03 3.055057540279904060e-09 2.837457824256262029e-09 nan 6.946766749024391174e-03 7.007216650535166735e+00
9.932619333267211914e-01 6.714450716972351074e-01 1.826201010048688587e-09 4.947807639837265015e-03 4.854877479374408722e-03 1.421286865976867375e-09 1.320054177078588964e-09 nan 4.933610092848539352e-03 4.334648070651597962e+00
1.227223634719848633e+00 8.296031951904296875e-01 1.812731498599941669e-09 3.496726742014288902e-03 3.431066405028104782e-03 6.579776723469876742e-10 6.111124384311494850e-10 nan 3.486695233732461929e-03 2.655195151497436346e+00
1.516294717788696289e+00 1.025015234947204590e+00 1.799361337301671755e-09 2.460268326103687286e-03 2.414078917354345322e-03 3.032581130657518997e-10 2.816581967657327823e-10 nan 2.453211462125182152e-03 1.612066039912022131e+00
1.873456120491027832e+00 1.266456365585327148e+00 1.786089789356977996e-09 1.724043511785566807e-03 1.691680983640253544e-03 1.392062298766205686e-10 1.292910917216616440e-10 nan 1.719099236652255058e-03 9.708656828035299169e-01
2.314746379852294922e+00 1.564768552780151367e+00 1.772916133006574509e-09 1.203704741783440113e-03 1.181111787445843220e-03 6.366648180877731988e-11 5.913174810912025237e-11 nan 1.200253027491271496e-03 5.804267639455129579e-01
2.859982252120971680e+00 1.933347940444946289e+00 1.759839636962373426e-09 8.376038749702274799e-04 8.218833245337009430e-04 2.902084128564297316e-11 2.695378469030895729e-11 nan 8.352021104656159878e-04 3.446907850214152025e-01
3.533647537231445312e+00 2.388745784759521484e+00 1.746859588797865175e-09 5.810708971694111824e-04 5.701650516130030155e-04 1.318806001904260228e-11 1.224871332833332715e-11 nan 5.794047610834240913e-04 2.034489303019234308e-01
4.365993976593017578e+00 2.951411962509155273e+00 1.733975279535418463e-09 4.019785264972597361e-04 3.944333875551819801e-04 5.976337046770252570e-12 5.550657589808993819e-12 nan 4.008258110843598843e-04 1.194119044184615147e-01
5.394398689270019531e+00 3.646613597869873047e+00 1.721185999058096773e-09 2.773708838503807783e-04 2.721636556088924408e-04 2.701304891578049094e-12 2.508896085676171062e-12 nan 2.765753597486764193e-04 6.972820894720782592e-02
6.665042877197265625e+00 4.505568981170654297e+00 1.708491050912268841e-09 1.909368584165349603e-04 1.873510773293673992e-04 1.218100490266160740e-12 1.131336127210835762e-12 nan 1.903890515677630901e-04 4.052388925146644533e-02
8.234986305236816406e+00 5.566850662231445312e+00 1.695889732548296616e-09 1.311510422965511680e-04 1.286866317968815565e-04 5.480823585778116236e-13 5.090419188599759615e-13 nan 1.307745405938476324e-04 2.344876002706000953e-02
1.017472743988037109e+01 6.878115653991699219e+00 1.683381361073609185e-09 8.990350033855065703e-05 8.821260416880249977e-05 2.461113452791041656e-13 2.285799858853937438e-13 nan 8.964516746345907450e-05 1.351370480516591796e-02
1.257137203216552734e+01 8.498247146606445312e+00 1.670965250288532184e-09 6.151311390567570925e-05 6.035450496710836887e-05 1.103072440247071517e-13 1.024492448341296491e-13 nan 6.133610440883785486e-05 7.758922973416701105e-03
1.553254413604736328e+01 1.050000000000000000e+01 1.658640709094829109e-09 4.201477349852211773e-05 4.122165410080924630e-05 4.935375364140993926e-14 4.583762500966724607e-14 nan 4.189360333839431405e-05 4.439303877470854136e-03
