# k/h [h/Mpc]            k [1/Mpc]              Primoridal             T_cdm(k)                 T_bar(k)                 T_phot(k)                T_massless neutrions(k)  T_massive neutrinos(k)   T_total(k)               Linear Pk [(Mpc/h)^3]  
1.049045658874092624e-05 7.091548468451946974e-06 2.727206404909961128e-09 1.000000000000000000e+00 1.000000000000000000e+00 1.000000000000000000e+00 1.000000000000000000e+00 nan 1.000000000000000000e+00 1.536955646932530506e+01
1.158353370556142181e-05 7.830468348402064294e-06 2.717761705682844603e-09 1.219251513481140137e+00 1.219251394271850586e+00 1.219176769256591797e+00 1.219174623489379883e+00 nan 1.219251513481140137e+00 1.691224297089186379e+01
1.279050593439023942e-05 8.646382411825470626e-06 2.708349706436794825e-09 1.486573934555053711e+00 1.486573934555053711e+00 1.486371874809265137e+00 1.486366271972656250e+00 nan 1.486573934555053711e+00 1.860976776993130244e+01
1.412324218108551577e-05 9.547311492497101426e-06 2.698970312856197758e-09 1.812506794929504395e+00 1.812506794929504395e+00 1.812095642089843750e+00 1.812084317207336426e+00 nan 1.812506794929504395e+00 2.047767730936256925e+01
1.559484553581569344e-05 1.054211588780162856e-05 2.689623392481895528e-09 2.209901332855224609e+00 2.209901094436645508e+00 2.209154605865478516e+00 2.209134340286254883e+00 nan 2.209901332855224609e+00 2.253306872908510883e+01
1.721978514979127795e-05 1.164057448477251455e-05 2.680308856040028027e-09 2.694423437118530273e+00 2.694423198699951172e+00 2.693148851394653320e+00 2.693114042282104492e+00 nan 2.694423198699951172e+00 2.479475540549205093e+01
1.901403993542771786e-05 1.285349117097212002e-05 2.671026563908324178e-09 3.285178184509277344e+00 3.285177707672119141e+00 3.283082723617553711e+00 3.283025264739990234e+00 nan 3.285178184509277344e+00 2.728344792740498903e+01
2.099525045196060091e-05 1.419278942194068804e-05 2.661776424936157355e-09 4.005455017089843750e+00 4.005454063415527344e+00 4.002095222473144531e+00 4.002003192901611328e+00 nan 4.005455017089843750e+00 3.002192414469612558e+01
2.318289807590190321e-05 1.567163963045459241e-05 2.652558315858844083e-09 4.883652210235595703e+00 4.883651733398437500e+00 4.878360271453857422e+00 4.878214836120605469e+00 nan 4.883652210235595703e+00 3.303524847710004764e+01
2.559849235694855452e-05 1.730458097881637514e-05 2.643372135990062650e-09 5.954392910003662109e+00 5.954392433166503906e+00 5.946163177490234375e+00 5.945937156677246094e+00 nan 5.954392910003662109e+00 3.635101521813554371e+01
2.826578383974265307e-05 1.910767059598583728e-05 2.634217767634683471e-09 7.259891986846923828e+00 7.259890079498291016e+00 7.247215747833251953e+00 7.246867656707763672e+00 nan 7.259891986846923828e+00 3.999955755579168226e+01
3.121100235148333013e-05 2.109863817167934030e-05 2.625095097817206075e-09 8.851617813110351562e+00 8.851615905761718750e+00 8.832236289978027344e+00 8.831705093383789062e+00 nan 8.851617813110351562e+00 4.401427568619880049e+01
3.446310074650682509e-05 2.329705603187903762e-05 2.616004033478672110e-09 1.079232215881347656e+01 1.079232025146484375e+01 1.076285934448242188e+01 1.076205158233642578e+01 nan 1.079232215881347656e+01 4.843190766662954161e+01
3.805406231549568474e-05 2.572454650362487882e-05 2.606944439452153756e-09 1.315852069854736328e+01 1.315851593017578125e+01 1.311393070220947266e+01 1.311270713806152344e+01 nan 1.315851974487304688e+01 5.329287935992601177e+01
4.201919000479392707e-05 2.840497290890198201e-05 2.597916226597658093e-09 1.604349136352539062e+01 1.604348373413085938e+01 1.597624778747558594e+01 1.597440528869628906e+01 nan 1.604348945617675781e+01 5.864165798499721660e+01
4.639747567125596106e-05 3.136469240416772664e-05 2.588919279439887767e-09 1.956096839904785156e+01 1.956095886230468750e+01 1.945986175537109375e+01 1.945709037780761719e+01 nan 1.956096649169921875e+01 6.452717041887916594e+01
5.123196388012729585e-05 3.463280881987884641e-05 2.579953483847589841e-09 2.384961891174316406e+01 2.384960556030273438e+01 2.369795227050781250e+01 2.369379615783691406e+01 nan 2.384961891174316406e+01 7.100323546271702924e+01
5.657019573845900595e-05 3.824145096587017179e-05 2.571018745591721348e-09 2.907850646972656250e+01 2.907847785949707031e+01 2.885142135620117188e+01 2.884519958496093750e+01 nan 2.907849693298339844e+01 7.812910892741422231e+01
6.246465636650100350e-05 4.222610732540488243e-05 2.562114941593048984e-09 3.545374679565429688e+01 3.545371246337890625e+01 3.511429977416992188e+01 3.510500717163085938e+01 nan 3.545373916625976562e+01 8.596985650790963973e+01
6.897329876665025949e-05 4.662595165427774191e-05 2.553241977543412439e-09 4.322663497924804688e+01 4.322658538818359375e+01 4.271991729736328125e+01 4.270605087280273438e+01 nan 4.322662734985351562e+01 9.459717349443383227e+01
7.616012590005993843e-05 5.148424679646268487e-05 2.544399743325443185e-09 5.270354461669921875e+01 5.270346832275390625e+01 5.194802474975585938e+01 5.192736434936523438e+01 nan 5.270353317260742188e+01 1.040898470114161540e+02
8.409580186707898974e-05 5.684876305167563260e-05 2.535588130685252624e-09 6.425799560546875000e+01 6.425788116455078125e+01 6.313268280029296875e+01 6.310193634033203125e+01 nan 6.425797271728515625e+01 1.145345362687473454e+02
9.285835403716191649e-05 6.277224747464060783e-05 2.526807033334104165e-09 7.834533691406250000e+01 7.834517669677734375e+01 7.667088317871093750e+01 7.662518310546875000e+01 nan 7.834532165527343750e+01 1.260264989130428006e+02
1.025339443003758788e-04 6.931294774403795600e-05 2.518056339675267213e-09 9.552073669433593750e+01 9.552048492431640625e+01 9.303146362304687500e+01 9.296362304687500000e+01 nan 9.552069091796875000e+01 1.386705359717443571e+02
1.132176985265687108e-04 7.653516513528302312e-05 2.509335958204897443e-09 1.164609069824218750e+02 1.164605407714843750e+02 1.127637252807617188e+02 1.126631240844726562e+02 nan 1.164608535766601562e+02 1.525817253970063518e+02
1.250146742677316070e-04 8.450992027064785361e-05 2.500645773867358897e-09 1.419908294677734375e+02 1.419902954101562500e+02 1.365048522949218750e+02 1.363558654785156250e+02 nan 1.419907379150390625e+02 1.678866822606699714e+02
1.380408502882346511e-04 9.331561159342527390e-05 2.491985695624705562e-09 1.731161041259765625e+02 1.731152954101562500e+02 1.649841918945312500e+02 1.647639007568359375e+02 nan 1.731159820556640625e+02 1.847243366951879864e+02
1.524243270978331566e-04 1.030388448270969093e-04 2.483355596498544299e-09 2.110625915527343750e+02 2.110613861083984375e+02 1.990222930908203125e+02 1.986970672607421875e+02 nan 2.110624084472656250e+02 2.032474221757479995e+02
1.683065347606316209e-04 1.137752187787555158e-04 2.474755379885282393e-09 2.573243713378906250e+02 2.573225708007812500e+02 2.395201873779296875e+02 2.390410156250000000e+02 nan 2.573240661621093750e+02 2.236235450555220154e+02
1.858436153270304203e-04 1.256302784895524383e-04 2.466184957973141175e-09 3.137221374511718750e+02 3.137195129394531250e+02 2.874342651367187500e+02 2.867298889160156250e+02 nan 3.137217407226562500e+02 2.460365191234792519e+02
2.052080089924857020e-04 1.387206139042973518e-04 2.457644209414643305e-09 3.824752502441406250e+02 3.824713439941406250e+02 3.437292480468750000e+02 3.426966857910156250e+02 nan 3.824746398925781250e+02 2.706881128300357204e+02
2.265901130158454180e-04 1.531749148853123188e-04 2.449133045395065615e-09 4.662875671386718750e+02 4.662817993164062500e+02 4.092983703613281250e+02 4.077897644042968750e+02 nan 4.662866821289062500e+02 2.977992339141361526e+02
2.502001880202442408e-04 1.691353245405480266e-04 2.440651351248999153e-09 5.684537353515625000e+02 5.684452514648437500e+02 4.848405151367187500e+02 4.826450195312500000e+02 nan 5.684524536132812500e+02 3.276117960895518308e+02
2.762703516054898500e-04 1.867587561719119549e-04 2.432199034655000626e-09 6.929873657226562500e+02 6.929748535156250000e+02 5.706778564453125000e+02 5.674984741210937500e+02 nan 6.929854125976562500e+02 3.603904840773960245e+02
3.050569503102451563e-04 2.062184939859434962e-04 2.423775992290330563e-09 8.447769165039062500e+02 8.447584838867187500e+02 6.665045166015625000e+02 6.619273681640625000e+02 nan 8.447740478515625000e+02 3.964242105424842748e+02
3.368430479895323515e-04 2.277058956678956747e-04 2.415382114947829304e-09 1.029775512695312500e+03 1.029748535156250000e+03 7.710557861328125000e+02 7.645138549804687500e+02 nan 1.029771362304687500e+03 4.360282772874421084e+02
3.719411906786262989e-04 2.514322404749691486e-04 2.407017301830847028e-09 1.255230957031250000e+03 1.255191772460937500e+03 8.817098999023437500e+02 8.724415893554687500e+02 nan 1.255225219726562500e+03 4.795458269539398088e+02
4.106964333914220333e-04 2.776307810563594103e-04 2.398681465071051552e-09 1.529964721679687500e+03 1.529907470703125000e+03 9.940592041015625000e+02 9.810695190429687500e+02 nan 1.529956054687500000e+03 5.273501308829941081e+02
4.534898616839200258e-04 3.065591445192694664e-04 2.390374494355455649e-09 1.864709594726562500e+03 1.864626586914062500e+03 1.101553833007812500e+03 1.083587524414062500e+03 nan 1.864697021484375000e+03 5.798452493619263350e+02
5.007422878406941891e-04 3.385017917025834322e-04 2.382096284987275655e-09 2.272521484375000000e+03 2.272401611328125000e+03 1.195392822265625000e+03 1.170943603515625000e+03 nan 2.272503173828125000e+03 6.374686784102887032e+02
5.529182380996644497e-04 3.737727238330990076e-04 2.373846756225058361e-09 2.769269775390625000e+03 2.769097900390625000e+03 1.264954711914062500e+03 1.232340576171875000e+03 nan 2.769243652343750000e+03 7.006916182429389437e+02
6.105307838879525661e-04 4.127188003621995449e-04 2.365625794166928840e-09 3.374242431640625000e+03 3.373997070312500000e+03 1.299163208007812500e+03 1.256712524414062500e+03 nan 3.374205078125000000e+03 7.700207296981560603e+02
6.741464603692293167e-04 4.557229985948652029e-04 2.357433293568910220e-09 4.110864257812500000e+03 4.110517578125000000e+03 1.289165283203125000e+03 1.235558105468750000e+03 nan 4.110811523437500000e+03 8.459980294554374041e+02
7.443906506523489952e-04 5.032080807723104954e-04 2.349269171114912410e-09 5.007565917968750000e+03 5.007082031250000000e+03 1.232448852539062500e+03 1.167232910156250000e+03 nan 5.007492675781250000e+03 9.292015012960939657e+02
8.219541050493717194e-04 5.556409596465528011e-04 2.341133324843220307e-09 6.098838867187500000e+03 6.098169921875000000e+03 1.137727783203125000e+03 1.061954833984375000e+03 nan 6.098736816406250000e+03 1.020244527004520251e+03
9.075994603335857391e-04 6.135372095741331577e-04 2.333025652639057309e-09 7.426492187500000000e+03 7.425582031250000000e+03 1.028434082031250000e+03 9.452296752929687500e+02 nan 7.426354492187500000e+03 1.119775019910078299e+03
1.002168864943087101e-03 6.774661596864461899e-04 2.324946049885245546e-09 9.041168945312500000e+03 9.039947265625000000e+03 9.407820434570312500e+02 8.554846191406250000e+02 nan 9.040982421875000000e+03 1.228473528899363600e+03
1.106592128053307533e-03 7.480562780983746052e-04 2.316894434325377400e-09 1.100415722656250000e+04 1.100254589843750000e+04 9.115909423828125000e+02 8.310173339843750000e+02 nan 1.100391015625000000e+04 1.347049205474195105e+03
1.221895916387438774e-03 8.260016329586505890e-04 2.308870708568745277e-09 1.338955078125000000e+04 1.338746289062500000e+04 9.547212524414062500e+02 8.853706054687500000e+02 nan 1.338923242187500000e+04 1.476234611323725858e+03
1.349214115180075169e-03 9.120687609538435936e-04 2.300874762407135126e-09 1.628683886718750000e+04 1.628418457031250000e+04 1.036684814453125000e+03 9.825025634765625000e+02 nan 1.628643359375000000e+04 1.616777860418252430e+03
1.489798538386821747e-03 1.007103826850652695e-03 2.292906509188567727e-09 1.980393945312500000e+04 1.980061914062500000e+04 1.078886230468750000e+03 1.040206542968750000e+03 nan 1.980343554687500000e+04 1.769429487115626216e+03
1.645031501539051533e-03 1.112041296437382698e-03 2.284965850418265676e-09 2.407081250000000000e+04 2.406670507812500000e+04 1.015168395996093750e+03 9.901324462890625000e+02 nan 2.407018554687500000e+04 1.934928755974294290e+03
1.816439209505915642e-03 1.227912958711385727e-03 2.277052691606405739e-09 2.924370507812500000e+04 2.923864257812500000e+04 8.823704223632812500e+02 8.688779907226562500e+02 nan 2.924292773437500000e+04 2.113983559761097240e+03
2.005707239732146263e-03 1.355858054012060165e-03 2.269166941709029953e-09 3.551011328125000000e+04 3.550383984375000000e+04 8.256306762695312500e+02 8.187249755859375000e+02 nan 3.550915234375000000e+04 2.307248389010401752e+03
2.214696491137146950e-03 1.497134799137711525e-03 2.261308494449764354e-09 4.309465234375000000e+04 4.308678125000000000e+04 9.138143920898437500e+02 7.754927978515625000e+02 nan 4.309344921875000000e+04 2.515303402954710236e+03
2.445461694151163101e-03 1.653132145293056965e-03 2.253477264686429142e-09 5.226577343750000000e+04 5.225568750000000000e+04 9.738771362304687500e+02 7.714423828125000000e+02 nan 5.226423437500000000e+04 2.738619880028262287e+03
2.700272016227245331e-03 1.825383864343166351e-03 2.245673160886940457e-09 6.334355859375000000e+04 6.333039453125000000e+04 8.714945068359375000e+02 7.668630371093750000e+02 nan 6.334155078125000000e+04 2.977524529362554404e+03
2.981632947921752930e-03 2.015583915635943413e-03 2.237896076485985185e-09 7.670866406250000000e+04 7.669129687500000000e+04 8.453062133789062500e+02 7.617003173828125000e+02 nan 7.670602343750000000e+04 3.232158037711427824e+03
3.292310982942581177e-03 2.225602278485894203e-03 2.230145925871712440e-09 9.281241406250000000e+04 9.278942187500000000e+04 9.189562988281250000e+02 7.559020996093750000e+02 nan 9.280890625000000000e+04 3.502428283338181700e+03
3.635360859334468842e-03 2.457503927871584892e-03 2.222422616889744185e-09 1.121882265625000000e+05 1.121577343750000000e+05 8.040894165039062500e+02 7.494200439453125000e+02 nan 1.121835546875000000e+05 3.787957431869897846e+03
4.014155361801385880e-03 2.713568974286317825e-03 2.214726058195065524e-09 1.354641875000000000e+05 1.354235156250000000e+05 8.710090332031250000e+02 7.421940307617187500e+02 nan 1.354579687500000000e+05 4.088019160239271514e+03
4.432419314980506897e-03 2.996315481141209602e-03 2.207056148657132701e-09 1.633769531250000000e+05 1.633219375000000000e+05 8.545543823242187500e+02 7.341699218750000000e+02 nan 1.633685625000000000e+05 4.401480946877190945e+03
4.894265439361333847e-03 3.308523446321487427e-03 2.199412800139309644e-09 1.967863750000000000e+05 1.967110625000000000e+05 8.070186767578125000e+02 7.252899780273437500e+02 nan 1.967748750000000000e+05 4.726728684722755133e+03
5.404234398156404495e-03 3.653262509033083916e-03 2.191795924301313793e-09 2.366911093750000000e+05 2.365874062500000000e+05 7.467824096679687500e+02 7.154963378906250000e+02 nan 2.366752656250000000e+05 5.061599974065350580e+03
5.967340432107448578e-03 4.033922217786312103e-03 2.184205430909534259e-09 2.842437500000000000e+05 2.841002187500000000e+05 8.103245849609375000e+02 7.047305908203125000e+02 nan 2.842218125000000000e+05 5.403302722481004821e+03
6.589121185243129730e-03 4.454245790839195251e-03 2.176641221197925960e-09 3.407655625000000000e+05 3.405652500000000000e+05 7.100540161132812500e+02 6.929357910156250000e+02 nan 3.407349687500000000e+05 5.748337213244840314e+03
7.275689393281936646e-03 4.918366204947233200e-03 2.169103203027300791e-09 4.077582812500000000e+05 4.074770312500000000e+05 6.734229125976562500e+02 6.800532836914062500e+02 nan 4.077152812500000000e+05 6.092418415977284894e+03
8.033796213567256927e-03 5.430846009403467178e-03 2.161591299930936394e-09 4.869116250000000000e+05 4.865153437500000000e+05 7.763118896484375000e+02 6.660253295898437500e+02 nan 4.868511250000000000e+05 6.430398623875795238e+03
8.870895951986312866e-03 5.996725521981716156e-03 2.154105401952956366e-09 5.801037500000000000e+05 5.795430000000000000e+05 6.710793457031250000e+02 6.507955932617187500e+02 nan 5.800181250000000000e+05 6.756196391194932403e+03
9.795218706130981445e-03 6.621567998081445694e-03 2.146645430474833453e-09 6.893906875000000000e+05 6.885954375000000000e+05 6.812949218750000000e+02 6.343073120117187500e+02 nan 6.892691875000000000e+05 7.062770405429459970e+03
1.081585418432950974e-02 7.311517372727394104e-03 2.139211293795359687e-09 8.169777500000000000e+05 8.158484375000000000e+05 6.785286865234375000e+02 6.165049438476562500e+02 nan 8.168051875000000000e+05 7.342062318076450538e+03
1.194283645600080490e-02 8.073357865214347839e-03 2.131802900090153706e-09 9.651705000000000000e+05 9.635669375000000000e+05 6.132600708007812500e+02 5.973360595703125000e+02 nan 9.649253750000000000e+05 7.585059437112859996e+03
1.318724639713764191e-02 8.914578706026077271e-03 2.124420174276236449e-09 1.136294750000000000e+06 1.134020000000000000e+06 6.819849243164062500e+02 5.767523803710937500e+02 nan 1.135947250000000000e+06 7.781914128200445703e+03
1.456132158637046814e-02 9.843453764915466309e-03 2.117063005254935590e-09 1.332580625000000000e+06 1.329363000000000000e+06 5.827510375976562500e+02 5.547156372070312500e+02 nan 1.332089125000000000e+06 7.922179658744996232e+03
1.607857085764408112e-02 1.086911372840404510e-02 2.109731324472420402e-09 1.556004500000000000e+06 1.551470875000000000e+06 5.477089233398437500e+02 5.312025146484375000e+02 nan 1.555311875000000000e+06 7.995266307647212670e+03
1.775391399860382080e-02 1.200164575129747391e-02 2.102425026951150955e-09 1.808095125000000000e+06 1.801744875000000000e+06 6.165253906250000000e+02 5.062158508300781250e+02 nan 1.807125375000000000e+06 7.991112628542586208e+03
1.960382424294948578e-02 1.325218472629785538e-02 2.095144031049849183e-09 2.089716750000000000e+06 2.080891375000000000e+06 5.713099975585937500e+02 4.797986755371093750e+02 nan 2.088368500000000000e+06 7.901195504047988834e+03
2.164648845791816711e-02 1.463302597403526306e-02 2.087888252770266929e-09 2.400874000000000000e+06 2.388732500000000000e+06 4.616785888671875000e+02 4.520532226562500000e+02 nan 2.399019250000000000e+06 7.719870445294499405e+03
2.390199340879917145e-02 1.615774817764759064e-02 2.080657597354892904e-09 2.740623750000000000e+06 2.724135500000000000e+06 4.597933654785156250e+02 4.231646118164062500e+02 nan 2.738104750000000000e+06 7.446006208427969796e+03
2.639251388609409332e-02 1.784133911132812500e-02 2.073451995948668221e-09 3.107224500000000000e+06 3.085195750000000000e+06 4.100837402343750000e+02 3.934271240234375000e+02 nan 3.103858750000000000e+06 7.084731382040875360e+03
2.914254181087017059e-02 1.970035769045352936e-02 2.066271340052806293e-09 3.498727250000000000e+06 3.469892750000000000e+06 4.105872802734375000e+02 3.632688293457031250e+02 nan 3.494322000000000000e+06 6.648929247364052571e+03
3.217911347746849060e-02 2.175308018922805786e-02 2.059115554147728899e-09 3.914211750000000000e+06 3.877421000000000000e+06 3.602417297363281250e+02 3.332640380859375000e+02 nan 3.908591250000000000e+06 6.159898582197916767e+03
3.553209081292152405e-02 2.401969395577907562e-02 2.051984539888671147e-09 4.355815500000000000e+06 4.310343500000000000e+06 3.161073913574218750e+02 3.041223144531250000e+02 nan 4.348868500000000000e+06 5.646470515731844898e+03
3.923443704843521118e-02 2.652247995138168335e-02 2.044878229365854235e-09 4.831364500000000000e+06 4.777344500000000000e+06 3.079435424804687500e+02 2.766333312988281250e+02 nan 4.823112000000000000e+06 5.141989301503348543e+03
4.332255572080612183e-02 2.928604744374752045e-02 2.037796533657790378e-09 5.356755500000000000e+06 5.295647500000000000e+06 2.471411285400390625e+02 2.515526885986328125e+02 nan 5.347419500000000000e+06 4.678952492910794717e+03
4.765481501817703247e-02 3.221465647220611572e-02 2.031010053452367756e-09 5.929747000000000000e+06 5.864697000000000000e+06 2.362493743896484375e+02 2.301497497558593750e+02 nan 5.919809000000000000e+06 4.293291479310993964e+03
5.198707059025764465e-02 3.514325991272926331e-02 2.024834231214258902e-09 6.537192500000000000e+06 6.472042000000000000e+06 2.188875122070312500e+02 2.132360839843750000e+02 nan 6.527239000000000000e+06 4.006935851908522181e+03
5.631932616233825684e-02 3.807186335325241089e-02 2.019169610001785353e-09 7.173683000000000000e+06 7.111506500000000000e+06 2.047105865478515625e+02 1.994251251220703125e+02 nan 7.164183500000000000e+06 3.784523571375536449e+03
6.065158173441886902e-02 4.100047051906585693e-02 2.013939112582009273e-09 7.830572000000000000e+06 7.772881000000000000e+06 1.927145233154296875e+02 1.877387237548828125e+02 nan 7.821757500000000000e+06 3.601084242977783106e+03
6.498383730649948120e-02 4.392907395958900452e-02 2.009081821590703985e-09 8.486213000000000000e+06 8.432497000000000000e+06 1.819623870849609375e+02 1.772641448974609375e+02 nan 8.478007000000000000e+06 3.430329804896633959e+03
6.931609660387039185e-02 4.685768112540245056e-02 2.004548729015451583e-09 9.113732000000000000e+06 9.061458000000000000e+06 1.717702484130859375e+02 1.673351593017578125e+02 nan 9.105746000000000000e+06 3.252619494527078132e+03
7.364834845066070557e-02 4.978628456592559814e-02 2.000299865353250301e-09 9.687663000000000000e+06 9.632756000000000000e+06 1.617397766113281250e+02 1.575636749267578125e+02 nan 9.679274000000000000e+06 3.057528605642055936e+03
7.798060774803161621e-02 5.271489173173904419e-02 1.996302173696350216e-09 1.019209500000000000e+07 1.012979600000000000e+07 1.517686004638671875e+02 1.478499755859375000e+02 nan 1.018257700000000000e+07 2.845245370671484579e+03
8.231285959482192993e-02 5.564349144697189331e-02 1.992528044667567094e-09 1.062463800000000000e+07 1.055055500000000000e+07 1.419740295410156250e+02 1.383083190917968750e+02 nan 1.061332000000000000e+07 2.623953388014102984e+03
8.664511889219284058e-02 5.857209861278533936e-02 1.988954134422163219e-09 1.099574600000000000e+07 1.090685900000000000e+07 1.325829162597656250e+02 1.291597290039062500e+02 nan 1.098216500000000000e+07 2.405294445662722410e+03
9.097737073898315430e-02 6.150070205330848694e-02 1.985560585482697045e-09 1.132481300000000000e+07 1.122020200000000000e+07 1.238321990966796875e+02 1.206349945068359375e+02 nan 1.130883200000000000e+07 2.200247438991722902e+03
9.636187553405761719e-02 6.514062732458114624e-02 1.981568674123380254e-09 1.171564500000000000e+07 1.159377800000000000e+07 1.141675949096679688e+02 1.112199554443359375e+02 nan 1.169702500000000000e+07 1.977662792819612150e+03
1.017463728785514832e-01 6.878054887056350708e-02 1.977801256732118934e-09 1.214146000000000000e+07 1.200855700000000000e+07 1.061163635253906250e+02 1.033766098022460938e+02 nan 1.212115500000000000e+07 1.800918546349773351e+03
1.071308776736259460e-01 7.242047041654586792e-02 1.974234781265857972e-09 1.264851600000000000e+07 1.251297200000000000e+07 9.971875762939453125e+01 9.714414978027343750e+01 nan 1.262780800000000000e+07 1.671323168062246623e+03
1.125153750181198120e-01 7.606039196252822876e-02 1.970849203820953451e-09 1.324695400000000000e+07 1.311680900000000000e+07 9.469406127929687500e+01 9.224916839599609375e+01 nan 1.322707200000000000e+07 1.579706236988142564e+03
1.178998723626136780e-01 7.970031350851058960e-02 1.967627323526894450e-09 1.390918700000000000e+07 1.378969900000000000e+07 9.057188415527343750e+01 8.823339843750000000e+01 nan 1.389093200000000000e+07 1.511237541509104858e+03
1.232843771576881409e-01 8.334024250507354736e-02 1.964554264128985100e-09 1.458680700000000000e+07 1.447888600000000000e+07 8.688544464111328125e+01 8.464210510253906250e+01 nan 1.457032000000000000e+07 1.451398716470154795e+03
1.286688745021820068e-01 8.698015660047531128e-02 1.961617102724775952e-09 1.522607300000000000e+07 1.512606400000000000e+07 8.327262878417968750e+01 8.112256622314453125e+01 nan 1.521079500000000000e+07 1.388980268084930913e+03
1.340533792972564697e-01 9.062008559703826904e-02 1.958804483640675406e-09 1.577992900000000000e+07 1.568076500000000000e+07 7.951160430908203125e+01 7.745863342285156250e+01 nan 1.576477800000000000e+07 1.317329105327797834e+03
1.394378840923309326e-01 9.426000714302062988e-02 1.956106446915437174e-09 1.622240900000000000e+07 1.611576900000000000e+07 7.554640960693359375e+01 7.359582519531250000e+01 nan 1.620611700000000000e+07 1.235399355899583497e+03
1.448223739862442017e-01 9.789992123842239380e-02 1.953514161287429418e-09 1.655777300000000000e+07 1.643653800000000000e+07 7.147218322753906250e+01 6.962680816650390625e+01 nan 1.653924900000000000e+07 1.147202025260400205e+03
1.502068787813186646e-01 1.015398502349853516e-01 1.951019758654691563e-09 1.681682400000000000e+07 1.667712500000000000e+07 6.746846008300781250e+01 6.572648620605468750e+01 nan 1.679548200000000000e+07 1.059269640430293748e+03
1.555913835763931274e-01 1.051797717809677124e-01 1.948616241255242070e-09 1.704760800000000000e+07 1.688984600000000000e+07 6.373260498046875000e+01 6.208709716796875000e+01 nan 1.702350600000000000e+07 9.781895538927340112e+02
1.609758734703063965e-01 1.088196933269500732e-01 1.946297314463125787e-09 1.730481800000000000e+07 1.713343800000000000e+07 6.043228149414062500e+01 5.887200164794921875e+01 nan 1.727863600000000000e+07 9.090489078012207074e+02
1.663603782653808594e-01 1.124596148729324341e-01 1.944057316713681798e-09 1.763314200000000000e+07 1.745525800000000000e+07 5.765550994873046875e+01 5.616691589355468750e+01 nan 1.760596600000000000e+07 8.541716961901821605e+02
1.717448830604553223e-01 1.160995438694953918e-01 1.941891129256332855e-09 1.804993600000000000e+07 1.787325400000000000e+07 5.537842941284179688e+01 5.394862747192382812e+01 nan 1.802294200000000000e+07 8.125518875258933349e+02
1.771293878555297852e-01 1.197394654154777527e-01 1.939794125595426991e-09 1.854194000000000000e+07 1.837261600000000000e+07 5.348764419555664062e+01 5.210664749145507812e+01 nan 1.851607000000000000e+07 7.807653921825652787e+02
1.825138777494430542e-01 1.233793795108795166e-01 1.937762091126241291e-09 1.907568000000000000e+07 1.891674000000000000e+07 5.183517837524414062e+01 5.049682998657226562e+01 nan 1.905139600000000000e+07 7.545696264313718302e+02
1.878983825445175171e-01 1.270193010568618774e-01 1.935791175107242678e-09 1.960797400000000000e+07 1.945866600000000000e+07 5.027751922607421875e+01 4.897938537597656250e+01 nan 1.958516400000000000e+07 7.299302318315742468e+02
1.932828873395919800e-01 1.306592375040054321e-01 1.933877861004656685e-09 2.009419000000000000e+07 1.995042600000000000e+07 4.869712448120117188e+01 4.743978881835937500e+01 nan 2.007222800000000000e+07 7.035844468070241646e+02
1.986673772335052490e-01 1.342991441488265991e-01 1.932018951816384183e-09 2.050085600000000000e+07 2.035652800000000000e+07 4.702689361572265625e+01 4.581268310546875000e+01 nan 2.047880600000000000e+07 6.737552658130545069e+02
2.040518820285797119e-01 1.379390656948089600e-01 1.930211465507478933e-09 2.081797000000000000e+07 2.066672800000000000e+07 4.526560592651367188e+01 4.409687042236328125e+01 nan 2.079486600000000000e+07 6.405991253342560867e+02
2.094363868236541748e-01 1.415790021419525146e-01 1.928452677645768952e-09 2.105978000000000000e+07 2.089677600000000000e+07 4.346371841430664062e+01 4.234151840209960938e+01 nan 2.103487800000000000e+07 6.057405111875772263e+02
2.148208767175674438e-01 1.452189087867736816e-01 1.926740094380007882e-09 2.125629200000000000e+07 2.107936600000000000e+07 4.169369125366210938e+01 4.061719512939453125e+01 nan 2.122926000000000000e+07 5.713407157098234848e+02
2.202053815126419067e-01 1.488588303327560425e-01 1.925071368159055733e-09 2.144472000000000000e+07 2.125480200000000000e+07 4.002788162231445312e+01 3.899440002441406250e+01 nan 2.141570400000000000e+07 5.394240393716471544e+02
2.255898863077163696e-01 1.524987667798995972e-01 1.923444343781293656e-09 2.166135800000000000e+07 2.146200000000000000e+07 3.852299880981445312e+01 3.752836990356445312e+01 nan 2.163089800000000000e+07 5.114680305709360937e+02
2.309743911027908325e-01 1.561386883258819580e-01 1.921857033120720865e-09 2.193125000000000000e+07 2.172751400000000000e+07 3.720518875122070312e+01 3.624459075927734375e+01 nan 2.190012400000000000e+07 4.880707884932930369e+02
2.363588809967041016e-01 1.597786098718643188e-01 1.920307567935778733e-09 2.226113600000000000e+07 2.205816400000000000e+07 3.606481170654296875e+01 3.513365173339843750e+01 nan 2.223012600000000000e+07 4.688954561753448047e+02
2.417433857917785645e-01 1.634185314178466797e-01 1.918794213956308179e-09 2.264074800000000000e+07 2.244241600000000000e+07 3.506608581542968750e+01 3.416071319580078125e+01 nan 2.261045000000000000e+07 4.529732860624393425e+02
2.471278905868530273e-01 1.670584529638290405e-01 1.917315352832477265e-09 2.304778200000000000e+07 2.285581800000000000e+07 3.416032409667968750e+01 3.327833175659179688e+01 nan 2.301845600000000000e+07 4.390489854280324380e+02
2.525123953819274902e-01 1.706983745098114014e-01 1.915869472055197894e-09 2.345206600000000000e+07 2.326579200000000000e+07 3.329502868652343750e+01 3.243537521362304688e+01 nan 2.342360600000000000e+07 4.258008114411898646e+02
2.578969001770019531e-01 1.743383109569549561e-01 1.914455150219987163e-09 2.382282000000000000e+07 2.363954800000000000e+07 3.242516708374023438e+01 3.158797073364257812e+01 nan 2.379482000000000000e+07 4.121160695027642760e+02
2.632813751697540283e-01 1.779782027006149292e-01 1.913071083197014340e-09 2.414011200000000000e+07 2.395601600000000000e+07 3.152716064453125000e+01 3.071314811706542969e+01 nan 2.411198800000000000e+07 3.974438331668443993e+02
2.686658799648284912e-01 1.816181391477584839e-01 1.911715991580206360e-09 2.440157800000000000e+07 2.421279000000000000e+07 3.060347557067871094e+01 2.981331443786621094e+01 nan 2.437273600000000000e+07 3.818986074593803437e+02
2.740503847599029541e-01 1.852580606937408447e-01 1.910388727493893778e-09 2.461839200000000000e+07 2.442201600000000000e+07 2.967287254333496094e+01 2.890674018859863281e+01 nan 2.458839000000000000e+07 3.659959723515033829e+02
2.794348895549774170e-01 1.888979822397232056e-01 1.909088184011114833e-09 2.480788400000000000e+07 2.460264600000000000e+07 2.875862884521484375e+01 2.801610755920410156e+01 nan 2.477652800000000000e+07 3.503402564891051156e+02
2.848193943500518799e-01 1.925379037857055664e-01 1.907813323590368924e-09 2.499049600000000000e+07 2.477692400000000000e+07 2.788406944274902344e+01 2.716412734985351562e+01 nan 2.495786600000000000e+07 3.355084390187465146e+02
2.902038991451263428e-01 1.961778402328491211e-01 1.906563162582237113e-09 2.518792600000000000e+07 2.496804400000000000e+07 2.707031822204589844e+01 2.637138938903808594e+01 nan 2.515433200000000000e+07 3.219976061541124750e+02
2.955884039402008057e-01 1.998177617788314819e-01 1.905336787226579552e-09 2.541674200000000000e+07 2.519343800000000000e+07 2.632986831665039062e+01 2.565005874633789062e+01 nan 2.538262600000000000e+07 3.100814520223062232e+02
3.009728789329528809e-01 2.034576684236526489e-01 1.904133323856378078e-09 2.568133800000000000e+07 2.545753600000000000e+07 2.566088294982910156e+01 2.499834632873535156e+01 nan 2.564714600000000000e+07 2.996932392751804173e+02
3.063573837280273438e-01 2.070975899696350098e-01 1.902951936232507350e-09 2.597386800000000000e+07 2.575180600000000000e+07 2.504957771301269531e+01 2.440282058715820312e+01 nan 2.593994400000000000e+07 2.904975670691499090e+02
3.117418885231018066e-01 2.107375115156173706e-01 1.901791846628511990e-09 2.628035600000000000e+07 2.606109600000000000e+07 2.447800827026367188e+01 2.384600639343261719e+01 nan 2.624685800000000000e+07 2.820762035678873190e+02
3.171263933181762695e-01 2.143774479627609253e-01 1.900652308391623192e-09 2.658563400000000000e+07 2.636891800000000000e+07 2.392935562133789062e+01 2.331151771545410156e+01 nan 2.655252400000000000e+07 2.740475114058540385e+02
3.225108981132507324e-01 2.180173695087432861e-01 1.899532626729035332e-09 2.687499600000000000e+07 2.665947200000000000e+07 2.338932418823242188e+01 2.278543090820312500e+01 nan 2.684206800000000000e+07 2.660950222447457918e+02
3.278954029083251953e-01 2.216572910547256470e-01 1.898432128189829179e-09 2.713666000000000000e+07 2.692032600000000000e+07 2.284794616699218750e+01 2.225802803039550781e+01 nan 2.710361000000000000e+07 2.580051041448635374e+02
3.332799077033996582e-01 2.252972126007080078e-01 1.897350177081271127e-09 2.736616400000000000e+07 2.714695000000000000e+07 2.230253791809082031e+01 2.172670173645019531e+01 nan 2.733267000000000000e+07 2.497320876686069084e+02
3.386643826961517334e-01 2.289371192455291748e-01 1.896286172945125672e-09 2.756834800000000000e+07 2.734464400000000000e+07 2.175819206237792969e+01 2.119641113281250000e+01 nan 2.753417000000000000e+07 2.414033191694963989e+02
3.440488874912261963e-01 2.325770407915115356e-01 1.895239531240720810e-09 2.775419200000000000e+07 2.752521000000000000e+07 2.122412109375000000e+01 2.067613220214843750e+01 nan 2.771920800000000000e+07 2.332315609541213632e+02
3.494333922863006592e-01 2.362169772386550903e-01 1.894209703480833635e-09 2.793557200000000000e+07 2.770144800000000000e+07 2.070908927917480469e+01 2.017439842224121094e+01 nan 2.789980200000000000e+07 2.254116629259854392e+02
3.548178970813751221e-01 2.398568987846374512e-01 1.893196174858241155e-09 2.812244200000000000e+07 2.788412200000000000e+07 2.021937179565429688e+01 1.969732475280761719e+01 nan 2.808603200000000000e+07 2.180778649696323725e+02
3.602024018764495850e-01 2.434968203306198120e-01 1.892198441798694543e-09 2.832225600000000000e+07 2.808115200000000000e+07 1.975866508483886719e+01 1.924851417541503906e+01 nan 2.828542000000000000e+07 2.113046386695153842e+02
3.655869066715240479e-01 2.471367418766021729e-01 1.891216027459402332e-09 2.853874800000000000e+07 2.829635800000000000e+07 1.932760620117187500e+01 1.882858467102050781e+01 nan 2.850171600000000000e+07 2.050999346033880784e+02
3.709714114665985107e-01 2.507766783237457275e-01 1.890248472221847833e-09 2.877020400000000000e+07 2.852774200000000000e+07 1.892305183410644531e+01 1.843447685241699219e+01 nan 2.873316400000000000e+07 1.993929381583925533e+02
3.763558864593505859e-01 2.544165849685668945e-01 1.889295352117686434e-09 2.900994200000000000e+07 2.876807200000000000e+07 1.853894042968750000e+01 1.806028175354003906e+01 nan 2.897299000000000000e+07 1.940545261223139732e+02
3.817403912544250488e-01 2.580564916133880615e-01 1.888356242191734645e-09 2.924952000000000000e+07 2.900825800000000000e+07 1.816871833801269531e+01 1.769961738586425781e+01 nan 2.921265800000000000e+07 1.889485495901305114e+02
3.871248960494995117e-01 2.616964280605316162e-01 1.887430735669950155e-09 2.948167400000000000e+07 2.924047400000000000e+07 1.780723381042480469e+01 1.734746551513671875e+01 nan 2.944482400000000000e+07 1.839705951907846213e+02
3.925094008445739746e-01 2.653363645076751709e-01 1.886518457772270655e-09 2.970111600000000000e+07 2.945906800000000000e+07 1.745104598999023438e+01 1.700047111511230469e+01 nan 2.966413600000000000e+07 1.790534580468721799e+02
3.978939056396484375e-01 2.689762711524963379e-01 1.885619049100158659e-09 2.990486000000000000e+07 2.966096200000000000e+07 1.709840393066406250e+01 1.665693664550781250e+01 nan 2.986759800000000000e+07 1.741654750596144652e+02
4.032784104347229004e-01 2.726162075996398926e-01 1.884732143174389957e-09 3.009352400000000000e+07 2.984693800000000000e+07 1.674976539611816406e+01 1.631729888916015625e+01 nan 3.005585000000000000e+07 1.693195998339347739e+02
4.086629152297973633e-01 2.762561440467834473e-01 1.883857409814700777e-09 3.027173000000000000e+07 3.002198000000000000e+07 1.640772628784179688e+01 1.598408889770507812e+01 nan 3.023357200000000000e+07 1.645709241821596436e+02
4.140473902225494385e-01 2.798960208892822266e-01 1.882994538868699288e-09 3.044573400000000000e+07 3.019278000000000000e+07 1.607547569274902344e+01 1.566041755676269531e+01 nan 3.040709000000000000e+07 1.599846601124726249e+02
4.194318950176239014e-01 2.835359573364257812e-01 1.882143190604211824e-09 3.062056200000000000e+07 3.036474600000000000e+07 1.575521945953369141e+01 1.534843349456787109e+01 nan 3.058148000000000000e+07 1.556041231427202547e+02
4.248163998126983643e-01 2.871758937835693359e-01 1.881303079826970542e-09 3.079936200000000000e+07 3.054130200000000000e+07 1.544797897338867188e+01 1.504912567138671875e+01 nan 3.075993800000000000e+07 1.514484336307114347e+02
4.302009046077728271e-01 2.908158004283905029e-01 1.880473925305205483e-09 3.098430800000000000e+07 3.072471000000000000e+07 1.515415477752685547e+01 1.476288795471191406e+01 nan 3.094464800000000000e+07 1.475242692757722409e+02
4.355854094028472900e-01 2.944557368755340576e-01 1.879655436356054805e-09 3.117606800000000000e+07 3.091554800000000000e+07 1.487335205078125000e+01 1.448933506011962891e+01 nan 3.113626800000000000e+07 1.438226821215462508e+02
4.409699141979217529e-01 2.980956733226776123e-01 1.878847353036435648e-09 3.137243200000000000e+07 3.111137800000000000e+07 1.460383701324462891e+01 1.422677803039550781e+01 nan 3.133255200000000000e+07 1.403096009847189123e+02
4.463544189929962158e-01 3.017355799674987793e-01 1.878049424887222573e-09 3.156909200000000000e+07 3.130761800000000000e+07 1.434306049346923828e+01 1.397273445129394531e+01 nan 3.152914600000000000e+07 1.369361655447289081e+02
4.517388939857482910e-01 3.053754866123199463e-01 1.877261397654174740e-09 3.176221800000000000e+07 3.150016000000000000e+07 1.408891296386718750e+01 1.372514820098876953e+01 nan 3.172218000000000000e+07 1.336627460869388528e+02
4.571233987808227539e-01 3.090154230594635010e-01 1.876483026309890802e-09 3.194972200000000000e+07 3.168672800000000000e+07 1.384022521972656250e+01 1.348288154602050781e+01 nan 3.190954000000000000e+07 1.304682480848550199e+02
4.625079035758972168e-01 3.126553297042846680e-01 1.875714093387305177e-09 3.213043800000000000e+07 3.186607000000000000e+07 1.359632587432861328e+01 1.324528026580810547e+01 nan 3.209005000000000000e+07 1.273412240019724635e+02
4.678924083709716797e-01 3.162952661514282227e-01 1.874954364165268396e-09 3.230369000000000000e+07 3.203755000000000000e+07 1.335680484771728516e+01 1.301194286346435547e+01 nan 3.226303000000000000e+07 1.242749129739892169e+02
4.732769131660461426e-01 3.199352025985717773e-01 1.874203630559428286e-09 3.247022200000000000e+07 3.220204600000000000e+07 1.312186717987060547e+01 1.278307056427001953e+01 nan 3.242925200000000000e+07 1.212739778840514049e+02
4.786614179611206055e-01 3.235751092433929443e-01 1.873461691551420399e-09 3.263270600000000000e+07 3.236240800000000000e+07 1.289245319366455078e+01 1.255958080291748047e+01 nan 3.259141000000000000e+07 1.183565195499985663e+02
4.840458929538726807e-01 3.272150158882141113e-01 1.872728340933758753e-09 3.279434400000000000e+07 3.252202400000000000e+07 1.266962242126464844e+01 1.234250450134277344e+01 nan 3.275273800000000000e+07 1.155419223928354597e+02
4.894303977489471436e-01 3.308549523353576660e-01 1.872003379495005729e-09 3.295705400000000000e+07 3.268293600000000000e+07 1.245384311676025391e+01 1.213229465484619141e+01 nan 3.291517600000000000e+07 1.128384071957992774e+02
4.948149025440216064e-01 3.344948589801788330e-01 1.871286632213937058e-09 3.312127200000000000e+07 3.284566000000000000e+07 1.224498081207275391e+01 1.192882442474365234e+01 nan 3.307916600000000000e+07 1.102433731694228811e+02
5.001994371414184570e-01 3.381348252296447754e-01 1.870577900826693527e-09 3.328708800000000000e+07 3.301026400000000000e+07 1.204277038574218750e+01 1.173183536529541016e+01 nan 3.324479400000000000e+07 1.077517083332242009e+02
5.055838823318481445e-01 3.417747020721435547e-01 1.869877039368293133e-09 3.345445200000000000e+07 3.317664200000000000e+07 1.184691524505615234e+01 1.154103755950927734e+01 nan 3.341200800000000000e+07 1.053580370009326543e+02
5.109683871269226074e-01 3.454146385192871094e-01 1.869183849789121820e-09 3.362257200000000000e+07 3.334387600000000000e+07 1.165686511993408203e+01 1.135589313507080078e+01 nan 3.357999600000000000e+07 1.030524002592309927e+02
5.163528919219970703e-01 3.490545451641082764e-01 1.868498185335105332e-09 3.378948400000000000e+07 3.350988600000000000e+07 1.147171211242675781e+01 1.117552280426025391e+01 nan 3.374676800000000000e+07 1.008190171508246920e+02
5.217373967170715332e-01 3.526944816112518311e-01 1.867819876059786520e-09 3.395329600000000000e+07 3.367268800000000000e+07 1.129064273834228516e+01 1.099912643432617188e+01 nan 3.391042800000000000e+07 9.864372467043266113e+01
5.271219015121459961e-01 3.563344180583953857e-01 1.867148773833358248e-09 3.411334000000000000e+07 3.383155200000000000e+07 1.111330032348632812e+01 1.082636451721191406e+01 nan 3.407028800000000000e+07 9.652073486786487422e+01
5.325064063072204590e-01 3.599743247032165527e-01 1.866484735032350672e-09 3.426995600000000000e+07 3.398682000000000000e+07 1.093968296051025391e+01 1.065722846984863281e+01 nan 3.422670000000000000e+07 9.445034098989367521e+01
5.378909111022949219e-01 3.636142611503601074e-01 1.865827604301946768e-09 3.442347200000000000e+07 3.413885600000000000e+07 1.076977443695068359e+01 1.049170875549316406e+01 nan 3.437998800000000000e+07 9.243246349582550181e+01
5.432754158973693848e-01 3.672541677951812744e-01 1.865177252290424566e-09 3.457403600000000000e+07 3.428788000000000000e+07 1.060351371765136719e+01 1.032973957061767578e+01 nan 3.453031600000000000e+07 9.046625341183802504e+01
5.486599206924438477e-01 3.708941042423248291e-01 1.864533532427482462e-09 3.472253200000000000e+07 3.443484400000000000e+07 1.044104766845703125e+01 1.017146873474121094e+01 nan 3.467858000000000000e+07 8.855431121677391104e+01
5.540444254875183105e-01 3.745340406894683838e-01 1.863896318172137942e-09 3.487044000000000000e+07 3.458129600000000000e+07 1.028269386291503906e+01 1.001720428466796875e+01 nan 3.482626400000000000e+07 8.670202101578885845e+01
5.594289302825927734e-01 3.781739473342895508e-01 1.863265486641235488e-09 3.501870800000000000e+07 3.472822800000000000e+07 1.012858581542968750e+01 9.867074012756347656e+00 nan 3.497432800000000000e+07 8.491153125150935921e+01
5.648134350776672363e-01 3.818138837814331055e-01 1.862640903204479876e-09 3.516715600000000000e+07 3.487546000000000000e+07 9.978512763977050781e+00 9.720875740051269531e+00 nan 3.512259600000000000e+07 8.317925595408908634e+01
5.701979398727416992e-01 3.854538202285766602e-01 1.862022452330667509e-09 3.531524800000000000e+07 3.502244000000000000e+07 9.832180023193359375e+00 9.578320503234863281e+00 nan 3.527051600000000000e+07 8.150024690785525650e+01
5.755824446678161621e-01 3.890937268733978271e-01 1.861410021730888845e-09 3.546292400000000000e+07 3.516907200000000000e+07 9.689437866210937500e+00 9.439264297485351562e+00 nan 3.541802800000000000e+07 7.987205059571395793e+01
5.809668898582458496e-01 3.927336037158966064e-01 1.860803497296447543e-09 3.561013600000000000e+07 3.531526800000000000e+07 9.550153732299804688e+00 9.303575515747070312e+00 nan 3.556508800000000000e+07 7.829249009405414483e+01
5.863513946533203125e-01 3.963735401630401611e-01 1.860202753428811389e-09 3.575620000000000000e+07 3.546029600000000000e+07 9.414024353027343750e+00 9.170961380004882812e+00 nan 3.571099600000000000e+07 7.675656857624827012e+01
5.917358994483947754e-01 4.000134766101837158e-01 1.859607692406273365e-09 3.590014400000000000e+07 3.560315200000000000e+07 9.280693054199218750e+00 9.041072845458984375e+00 nan 3.585476800000000000e+07 7.525863568794444802e+01
5.971204042434692383e-01 4.036533832550048828e-01 1.859018214291441706e-09 3.604173600000000000e+07 3.574359600000000000e+07 9.150018692016601562e+00 8.913771629333496094e+00 nan 3.599618400000000000e+07 7.379649875826392247e+01
6.025049090385437012e-01 4.072933197021484375e-01 1.858434207544148841e-09 3.618152400000000000e+07 3.588218400000000000e+07 9.022060394287109375e+00 8.789117813110351562e+00 nan 3.613579200000000000e+07 7.237116612716513941e+01
6.078894138336181641e-01 4.109332561492919922e-01 1.857855577876460681e-09 3.631988400000000000e+07 3.601930400000000000e+07 8.896826744079589844e+00 8.667118072509765625e+00 nan 3.627396400000000000e+07 7.098285392944829653e+01
6.132739186286926270e-01 4.145731627941131592e-01 1.857282233477322155e-09 3.645670400000000000e+07 3.615487600000000000e+07 8.774209976196289062e+00 8.547666549682617188e+00 nan 3.641058800000000000e+07 6.962988641767455533e+01
6.186584234237670898e-01 4.182130992412567139e-01 1.856714071034082293e-09 3.659211200000000000e+07 3.628906000000000000e+07 8.654162406921386719e+00 8.430718421936035156e+00 nan 3.654580800000000000e+07 6.831146454513861954e+01
6.240429282188415527e-01 4.218530058860778809e-01 1.856151008397507339e-09 3.672679200000000000e+07 3.642256000000000000e+07 8.536767005920410156e+00 8.316353797912597656e+00 nan 3.668031200000000000e+07 6.702894011485973635e+01
6.294274330139160156e-01 4.254929423332214355e-01 1.855592947277603754e-09 3.686131200000000000e+07 3.655594800000000000e+07 8.422067642211914062e+00 8.204617500305175781e+00 nan 3.681466000000000000e+07 6.578300039248576070e+01
6.556535363197326660e-01 4.432217776775360107e-01 1.852943630635520644e-09 3.750652000000000000e+07 3.719610400000000000e+07 7.897648811340332031e+00 7.693737506866455078e+00 nan 3.745910000000000000e+07 6.016986618997398040e+01
8.039034605026245117e-01 5.434387326240539551e-01 1.839770603253567837e-09 4.075372000000000000e+07 4.041650400000000000e+07 5.708203792572021484e+00 5.560822963714599609e+00 nan 4.070220000000000000e+07 3.826598167595587796e+01
9.932619333267211914e-01 6.714450716972351074e-01 1.826201010048688587e-09 4.418440400000000000e+07 4.381891200000000000e+07 4.053980350494384766e+00 3.949309349060058594e+00 nan 4.412856400000000000e+07 2.367127399063882010e+01
1.227223634719848633e+00 8.296031951904296875e-01 1.812731498599941669e-09 4.766920400000000000e+07 4.727498800000000000e+07 2.865041255950927734e+00 2.791067838668823242e+00 nan 4.760897600000000000e+07 1.449988408941628926e+01
1.516294717788696289e+00 1.025015234947204590e+00 1.799361337301671755e-09 5.120101200000000000e+07 5.077770000000000000e+07 2.015820741653442383e+00 1.963773965835571289e+00 nan 5.113634000000000000e+07 8.803412704346762041e+00
1.873456120491027832e+00 1.266456365585327148e+00 1.786089789356977996e-09 5.477271600000000000e+07 5.431996400000000000e+07 1.412596106529235840e+00 1.376124024391174316e+00 nan 5.470354400000000000e+07 5.301852779389519377e+00
2.314746379852294922e+00 1.564768552780151367e+00 1.772916133006574509e-09 5.837889600000000000e+07 5.789643200000000000e+07 9.862567186355590820e-01 9.607922434806823730e-01 nan 5.830518000000000000e+07 3.169684866146860625e+00
2.859982252120971680e+00 1.933347940444946289e+00 1.759839636962373426e-09 6.201466400000000000e+07 6.150227200000000000e+07 6.862921714782714844e-01 6.685726046562194824e-01 nan 6.193638400000000000e+07 1.882341060487574547e+00
3.533647537231445312e+00 2.388745784759521484e+00 1.746859588797865175e-09 6.567569200000000000e+07 6.513317600000000000e+07 4.761018157005310059e-01 4.638092219829559326e-01 nan 6.559281200000000000e+07 1.111025674443437028e+00
4.365993976593017578e+00 2.951411962509155273e+00 1.733975279535418463e-09 6.935825600000000000e+07 6.878548800000000000e+07 3.293624222278594971e-01 3.208585083484649658e-01 nan 6.927075200000000000e+07 6.521031798655740896e-01
5.394398689270019531e+00 3.646613597869873047e+00 1.721185999058096773e-09 7.305937600000000000e+07 7.245625600000000000e+07 2.272650748491287231e-01 2.213972210884094238e-01 nan 7.296723200000000000e+07 3.807824928036543377e-01
6.665042877197265625e+00 4.505568981170654297e+00 1.708491050912268841e-09 7.677580800000000000e+07 7.614232800000000000e+07 1.564452648162841797e-01 1.524059325456619263e-01 nan 7.667902400000000000e+07 2.212988235826950367e-01
8.234986305236816406e+00 5.566850662231445312e+00 1.695889732548296616e-09 8.050556000000000000e+07 7.984179200000000000e+07 1.074597314000129700e-01 1.046851500868797302e-01 nan 8.040414400000000000e+07 1.280522226016970466e-01
1.017472743988037109e+01 6.878115653991699219e+00 1.683381361073609185e-09 8.424612800000000000e+07 8.355225600000000000e+07 7.366351783275604248e-02 7.176151871681213379e-02 nan 8.414012000000000000e+07 7.379729463586898186e-02
1.257137203216552734e+01 8.498247146606445312e+00 1.670965250288532184e-09 8.799538400000000000e+07 8.727177600000000000e+07 5.040182918310165405e-02 4.910043254494667053e-02 nan 8.788483200000000000e+07 4.237069959913904865e-02
1.553254413604736328e+01 1.050000000000000000e+01 1.658640709094829109e-09 9.175139200000000000e+07 9.099868800000000000e+07 3.442587330937385559e-02 3.353695943951606750e-02 nan 9.163638400000000000e+07 2.424243190486533722e-02
