# k/h [h/Mpc]            k [1/Mpc]              Primoridal             T_cdm(k)                 T_bar(k)                 T_phot(k)                T_massless neutrions(k)  T_massive neutrinos(k)   T_total(k)               Linear Pk [(Mpc/h)^3]  
1.049045658874092624e-05 7.091548468451946974e-06 2.727206404909961128e-09 1.000000000000000000e+00 1.000000000000000000e+00 1.000000000000000000e+00 1.000000000000000000e+00 nan 1.000000000000000000e+00 5.264633601429544285e+00
1.158353370556142181e-05 7.830468348402064294e-06 2.717761705682844603e-09 1.219251394271850586e+00 1.219251513481140137e+00 1.219208478927612305e+00 1.219207644462585449e+00 nan 1.219251394271850586e+00 5.793059504104321356e+00
1.279050593439023942e-05 8.646382411825470626e-06 2.708349706436794825e-09 1.486573815345764160e+00 1.486573934555053711e+00 1.486458063125610352e+00 1.486454963684082031e+00 nan 1.486573815345764160e+00 6.374524115543247937e+00
1.412324218108551577e-05 9.547311492497101426e-06 2.698970312856197758e-09 1.812506914138793945e+00 1.812507033348083496e+00 1.812270998954772949e+00 1.812264800071716309e+00 nan 1.812506914138793945e+00 7.014352263202670024e+00
1.559484553581569344e-05 1.054211588780162856e-05 2.689623392481895528e-09 2.209901094436645508e+00 2.209901094436645508e+00 2.209472894668579102e+00 2.209461688995361328e+00 nan 2.209901094436645508e+00 7.718398584742523383e+00
1.721978514979127795e-05 1.164057448477251455e-05 2.680308856040028027e-09 2.694423675537109375e+00 2.694423913955688477e+00 2.693692207336425781e+00 2.693673610687255859e+00 nan 2.694423675537109375e+00 8.493110440836025177e+00
1.901403993542771786e-05 1.285349117097212002e-05 2.671026563908324178e-09 3.285178899765014648e+00 3.285178899765014648e+00 3.283976316452026367e+00 3.283945322036743164e+00 nan 3.285178899765014648e+00 9.345580457107972805e+00
2.099525045196060091e-05 1.419278942194068804e-05 2.661776424936157355e-09 4.005456447601318359e+00 4.005456447601318359e+00 4.003527641296386719e+00 4.003478050231933594e+00 nan 4.005456447601318359e+00 1.028361129948860508e+01
2.318289807590190321e-05 1.567163963045459241e-05 2.652558315858844083e-09 4.883655071258544922e+00 4.883654594421386719e+00 4.880617141723632812e+00 4.880538940429687500e+00 nan 4.883655071258544922e+00 1.131579081212858462e+01
2.559849235694855452e-05 1.730458097881637514e-05 2.643372135990062650e-09 5.954397201538085938e+00 5.954396724700927734e+00 5.949671268463134766e+00 5.949550151824951172e+00 nan 5.954397201538085938e+00 1.245156557141565834e+01
2.826578383974265307e-05 1.910767059598583728e-05 2.634217767634683471e-09 7.259897708892822266e+00 7.259897708892822266e+00 7.252618789672851562e+00 7.252432346343994141e+00 nan 7.259897708892822266e+00 1.370133069849049789e+01
3.121100235148333013e-05 2.109863817167934030e-05 2.625095097817206075e-09 8.851627349853515625e+00 8.851626396179199219e+00 8.840497970581054688e+00 8.840210914611816406e+00 nan 8.851627349853515625e+00 1.507652907595699432e+01
3.446310074650682509e-05 2.329705603187903762e-05 2.616004033478672110e-09 1.079233741760253906e+01 1.079233455657958984e+01 1.077541542053222656e+01 1.077498054504394531e+01 nan 1.079233741760253906e+01 1.658974138991157687e+01
3.805406231549568474e-05 2.572454650362487882e-05 2.606944439452153756e-09 1.315854263305664062e+01 1.315853881835937500e+01 1.313292980194091797e+01 1.313227272033691406e+01 nan 1.315854263305664062e+01 1.825481748466276599e+01
4.201919000479392707e-05 2.840497290890198201e-05 2.597916226597658093e-09 1.604352188110351562e+01 1.604351997375488281e+01 1.600489425659179688e+01 1.600390243530273438e+01 nan 1.604352188110351562e+01 2.008698990559043907e+01
4.639747567125596106e-05 3.136469240416772664e-05 2.588919279439887767e-09 1.956101989746093750e+01 1.956101226806640625e+01 1.950292205810546875e+01 1.950143241882324219e+01 nan 1.956101989746093750e+01 2.210302531919660041e+01
5.123196388012729585e-05 3.463280881987884641e-05 2.579953483847589841e-09 2.384969902038574219e+01 2.384968566894531250e+01 2.376252555847167969e+01 2.376028633117675781e+01 nan 2.384969520568847656e+01 2.432135810793626618e+01
5.657019573845900595e-05 3.824145096587017179e-05 2.571018745591721348e-09 2.907862281799316406e+01 2.907860565185546875e+01 2.894806289672851562e+01 2.894470977783203125e+01 nan 2.907861709594726562e+01 2.676228640318121776e+01
6.246465636650100350e-05 4.222610732540488243e-05 2.562114941593048984e-09 3.545392227172851562e+01 3.545389938354492188e+01 3.525869750976562500e+01 3.525368118286132812e+01 nan 3.545391845703125000e+01 2.944810670061631441e+01
6.897329876665025949e-05 4.662595165427774191e-05 2.553241977543412439e-09 4.322690200805664062e+01 4.322686386108398438e+01 4.293533706665039062e+01 4.292785263061523438e+01 nan 4.322689437866210938e+01 3.240338410448828199e+01
7.616012590005993843e-05 5.148424679646268487e-05 2.544399743325443185e-09 5.270394897460937500e+01 5.270388412475585938e+01 5.226898574829101562e+01 5.225782394409179688e+01 nan 5.270392990112304688e+01 3.565511340786031980e+01
8.409580186707898974e-05 5.684876305167563260e-05 2.535588130685252624e-09 6.425859069824218750e+01 6.425849914550781250e+01 6.361032485961914062e+01 6.359368896484375000e+01 nan 6.425857543945312500e+01 3.923298972293755327e+01
9.285835403716191649e-05 6.277224747464060783e-05 2.526807033334104165e-09 7.834623718261718750e+01 7.834609985351562500e+01 7.738084411621093750e+01 7.735610198974609375e+01 nan 7.834620666503906250e+01 4.316965939469652369e+01
1.025339443003758788e-04 6.931294774403795600e-05 2.518056339675267213e-09 9.552205657958984375e+01 9.552185821533203125e+01 9.408550262451171875e+01 9.404871368408203125e+01 nan 9.552203369140625000e+01 4.750103593808577784e+01
1.132176985265687108e-04 7.653516513528302312e-05 2.509335958204897443e-09 1.164628829956054688e+02 1.164625854492187500e+02 1.143267288208007812e+02 1.142720565795898438e+02 nan 1.164628448486328125e+02 5.226659028138028873e+01
1.250146742677316070e-04 8.450992027064785361e-05 2.500645773867358897e-09 1.419937744140625000e+02 1.419933319091796875e+02 1.388195037841796875e+02 1.387383728027343750e+02 nan 1.419936981201171875e+02 5.750969502490401197e+01
1.380408502882346511e-04 9.331561159342527390e-05 2.491985695624705562e-09 1.731204681396484375e+02 1.731198120117187500e+02 1.684069976806640625e+02 1.682866973876953125e+02 nan 1.731203765869140625e+02 6.327801681846841575e+01
1.524243270978331566e-04 1.030388448270969093e-04 2.483355596498544299e-09 2.110690765380859375e+02 2.110680999755859375e+02 2.040753021240234375e+02 2.038970794677734375e+02 nan 2.110689239501953125e+02 6.962393372561990645e+01
1.683065347606316209e-04 1.137752187787555158e-04 2.474755379885282393e-09 2.573339843750000000e+02 2.573325195312500000e+02 2.469652709960937500e+02 2.467016143798828125e+02 nan 2.573337402343750000e+02 7.660494605257007095e+01
1.858436153270304203e-04 1.256302784895524383e-04 2.466184957973141175e-09 3.137364196777343750e+02 3.137342224121093750e+02 2.983785400390625000e+02 2.979890441894531250e+02 nan 3.137360839843750000e+02 8.428415394789108461e+01
2.052080089924857020e-04 1.387206139042973518e-04 2.457644209414643305e-09 3.824963684082031250e+02 3.824931640625000000e+02 3.597730712890625000e+02 3.591985473632812500e+02 nan 3.824958801269531250e+02 9.273079309426857719e+01
2.265901130158454180e-04 1.531749148853123188e-04 2.449133045395065615e-09 4.663187866210937500e+02 4.663139648437500000e+02 4.327398376464843750e+02 4.318940429687500000e+02 nan 4.663180236816406250e+02 1.020207802379944582e+02
2.502001880202442408e-04 1.691353245405480266e-04 2.440651351248999153e-09 5.684998779296875000e+02 5.684927368164062500e+02 5.189530639648437500e+02 5.177108154296875000e+02 nan 5.684987182617187500e+02 1.122372189577418737e+02
2.762703516054898500e-04 1.867587561719119549e-04 2.432199034655000626e-09 6.930553588867187500e+02 6.930448608398437500e+02 6.200770874023437500e+02 6.182576904296875000e+02 nan 6.930537109375000000e+02 1.234711155000960474e+02
3.050569503102451563e-04 2.062184939859434962e-04 2.423775992290330563e-09 8.448768920898437500e+02 8.448613281250000000e+02 7.376145629882812500e+02 7.349590454101562500e+02 nan 8.448744506835937500e+02 1.358219057434850470e+02
3.368430479895323515e-04 2.277058956678956747e-04 2.415382114947829304e-09 1.029922119140625000e+03 1.029899414062500000e+03 8.726735839843750000e+02 8.688133544921875000e+02 nan 1.029918701171875000e+03 1.493981619645355465e+02
3.719411906786262989e-04 2.514322404749691486e-04 2.407017301830847028e-09 1.255445922851562500e+03 1.255412231445312500e+03 1.025627441406250000e+03 1.020044189453125000e+03 nan 1.255440795898437500e+03 1.643181862573730427e+02
4.106964333914220333e-04 2.776307810563594103e-04 2.398681465071051552e-09 1.530277709960937500e+03 1.530228759765625000e+03 1.195649291992187500e+03 1.187622802734375000e+03 nan 1.530270263671875000e+03 1.807105731841726310e+02
4.534898616839200258e-04 3.065591445192694664e-04 2.390374494355455649e-09 1.865164306640625000e+03 1.865092651367187500e+03 1.380113403320312500e+03 1.368659423828125000e+03 nan 1.865153442382812500e+03 1.987149995694836093e+02
5.007422878406941891e-04 3.385017917025834322e-04 2.382096284987275655e-09 2.273178222656250000e+03 2.273074218750000000e+03 1.573885620117187500e+03 1.557686645507812500e+03 nan 2.273162353515625000e+03 2.184825436308636597e+02
5.529182380996644497e-04 3.737727238330990076e-04 2.373846756225058361e-09 2.770213378906250000e+03 2.770062500000000000e+03 1.768593627929687500e+03 1.745933105468750000e+03 nan 2.770190185546875000e+03 2.401760395578870373e+02
6.105307838879525661e-04 4.127188003621995449e-04 2.365625794166928840e-09 3.375587890625000000e+03 3.375371337890625000e+03 1.952078491210937500e+03 1.920796508789062500e+03 nan 3.375554931640625000e+03 2.639705531308370610e+02
6.741464603692293167e-04 4.557229985948652029e-04 2.357433293568910220e-09 4.112767089843750000e+03 4.112458007812500000e+03 2.108375000000000000e+03 2.065880371093750000e+03 nan 4.112719238281250000e+03 2.900534800940247919e+02
7.443906506523489952e-04 5.032080807723104954e-04 2.349269171114912410e-09 5.010230957031250000e+03 5.009792968750000000e+03 2.218780517578125000e+03 2.162162353515625000e+03 nan 5.010163574218750000e+03 3.186242470151132125e+02
8.219541050493717194e-04 5.556409596465528011e-04 2.341133324843220307e-09 6.102529296875000000e+03 6.101916503906250000e+03 2.264718750000000000e+03 2.191016601562500000e+03 nan 6.102435546875000000e+03 3.498940251587354737e+02
9.075994603335857391e-04 6.135372095741331577e-04 2.333025652639057309e-09 7.431539550781250000e+03 7.430692382812500000e+03 2.233029052734375000e+03 2.139700927734375000e+03 nan 7.431410644531250000e+03 3.840853993783952092e+02
1.002168864943087101e-03 6.774661596864461899e-04 2.324946049885245546e-09 9.047976562500000000e+03 9.046818359375000000e+03 2.123698974609375000e+03 2.009261962890625000e+03 nan 9.047799804687500000e+03 4.214308992752542053e+02
1.106592128053307533e-03 7.480562780983746052e-04 2.316894434325377400e-09 1.101320019531250000e+04 1.101164257812500000e+04 1.958402954101562500e+03 1.823094482421875000e+03 nan 1.101296191406250000e+04 4.621722257593146992e+02
1.221895916387438774e-03 8.260016329586505890e-04 2.308870708568745277e-09 1.340138085937500000e+04 1.339932031250000000e+04 1.785337402343750000e+03 1.631451171875000000e+03 nan 1.340106738281250000e+04 5.065582431321375907e+02
1.349214115180075169e-03 9.120687609538435936e-04 2.300874762407135126e-09 1.630208984375000000e+04 1.629941113281250000e+04 1.672548217773437500e+03 1.503964965820312500e+03 nan 1.630167968750000000e+04 5.548430315800306971e+02
1.489798538386821747e-03 1.007103826850652695e-03 2.292906509188567727e-09 1.982333984375000000e+04 1.981991406250000000e+04 1.681507934570312500e+03 1.502178710937500000e+03 nan 1.982281640625000000e+04 6.072823288239414978e+02
1.645031501539051533e-03 1.112041296437382698e-03 2.284965850418265676e-09 2.409523632812500000e+04 2.409090429687500000e+04 1.821628540039062500e+03 1.633717529296875000e+03 nan 2.409457226562500000e+04 6.641293914390463442e+02
1.816439209505915642e-03 1.227912958711385727e-03 2.277052691606405739e-09 2.927421289062500000e+04 2.926877148437500000e+04 2.010327270507812500e+03 1.814251586914062500e+03 nan 2.927338085937500000e+04 7.256282115929283236e+02
2.005707239732146263e-03 1.355858054012060165e-03 2.269166941709029953e-09 3.554804687500000000e+04 3.554116406250000000e+04 2.092765380859375000e+03 1.891677368164062500e+03 nan 3.554699609375000000e+04 7.920062329578221352e+02
2.214696491137146950e-03 1.497134799137711525e-03 2.261308494449764354e-09 4.314164062500000000e+04 4.313279296875000000e+04 1.965438842773437500e+03 1.772270385742187500e+03 nan 4.314028515625000000e+04 8.634630329310504067e+02
2.445461694151163101e-03 1.653132145293056965e-03 2.253477264686429142e-09 5.232376171875000000e+04 5.231213671875000000e+04 1.734241455078125000e+03 1.570422851562500000e+03 nan 5.232198437500000000e+04 9.401599512645594814e+02
2.700272016227245331e-03 1.825383864343166351e-03 2.245673160886940457e-09 6.341487500000000000e+04 6.339925781250000000e+04 1.668588989257812500e+03 1.544470825195312500e+03 nan 6.341248437500000000e+04 1.022208782757778749e+03
2.981632947921752930e-03 2.015583915635943413e-03 2.237896076485985185e-09 7.679610156250000000e+04 7.677487500000000000e+04 1.821242553710937500e+03 1.614383666992187500e+03 nan 7.679285937500000000e+04 1.109657454189881037e+03
3.292310982942581177e-03 2.225602278485894203e-03 2.230145925871712440e-09 9.291936718750000000e+04 9.289039843750000000e+04 1.831058715820312500e+03 1.602187377929687500e+03 nan 9.291493750000000000e+04 1.202475990581542646e+03
3.635360859334468842e-03 2.457503927871584892e-03 2.222422616889744185e-09 1.123187343750000000e+05 1.122791718750000000e+05 1.591579589843750000e+03 1.588531250000000000e+03 nan 1.123126875000000000e+05 1.300534376902754275e+03
4.014155361801385880e-03 2.713568974286317825e-03 2.214726058195065524e-09 1.356231562500000000e+05 1.355687812500000000e+05 1.633548706054687500e+03 1.573277709960937500e+03 nan 1.356148593750000000e+05 1.403584294637970515e+03
4.432419314980506897e-03 2.996315481141209602e-03 2.207056148657132701e-09 1.635702656250000000e+05 1.634946406250000000e+05 1.788026977539062500e+03 1.556314575195312500e+03 nan 1.635587031250000000e+05 1.511237736207291618e+03
4.894265439361333847e-03 3.308523446321487427e-03 2.199412800139309644e-09 1.970211093750000000e+05 1.969149062500000000e+05 1.600786621093750000e+03 1.537535522460937500e+03 nan 1.970048750000000000e+05 1.622941889335763335e+03
5.404234398156404495e-03 3.653262509033083916e-03 2.191795924301313793e-09 2.369757343750000000e+05 2.368259687500000000e+05 1.805861694335937500e+03 1.516803588867187500e+03 nan 2.369528437500000000e+05 1.737955171108860441e+03
5.967340432107448578e-03 4.033922217786312103e-03 2.184205430909534259e-09 2.845885312500000000e+05 2.843765625000000000e+05 1.636178222656250000e+03 1.494011230468750000e+03 nan 2.845561562500000000e+05 1.855321066920196245e+03
6.589121185243129730e-03 4.454245790839195251e-03 2.176641221197925960e-09 3.411827500000000000e+05 3.408811875000000000e+05 1.596732666015625000e+03 1.469028564453125000e+03 nan 3.411366875000000000e+05 1.973839617281112623e+03
7.275689393281936646e-03 4.918366204947233200e-03 2.169103203027300791e-09 4.082627187500000000e+05 4.078319375000000000e+05 1.459270141601562500e+03 1.441735961914062500e+03 nan 4.081969375000000000e+05 2.092042509971102845e+03
8.033796213567256927e-03 5.430846009403467178e-03 2.161591299930936394e-09 4.875213125000000000e+05 4.869050312500000000e+05 1.597103271484375000e+03 1.412009765625000000e+03 nan 4.874271250000000000e+05 2.208166114750425095e+03
8.870895951986312866e-03 5.996725521981716156e-03 2.154105401952956366e-09 5.808403125000000000e+05 5.799567500000000000e+05 1.484283325195312500e+03 1.379733032226562500e+03 nan 5.807053125000000000e+05 2.320124227762517876e+03
9.795218706130981445e-03 6.621567998081445694e-03 2.146645430474833453e-09 6.902802500000000000e+05 6.890133750000000000e+05 1.346512939453125000e+03 1.344785156250000000e+03 nan 6.900867500000000000e+05 2.425504063391330874e+03
1.081585418432950974e-02 7.311517372727394104e-03 2.139211293795359687e-09 8.180525000000000000e+05 8.162360625000000000e+05 1.367293212890625000e+03 1.307048583984375000e+03 nan 8.177749375000000000e+05 2.521545458786991730e+03
1.194283645600080490e-02 8.073357865214347839e-03 2.131802900090153706e-09 9.664690000000000000e+05 9.638690625000000000e+05 1.270423828125000000e+03 1.266412597656250000e+03 nan 9.660717500000000000e+05 2.605155795101703916e+03
1.318724639713764191e-02 8.914578706026077271e-03 2.124420174276236449e-09 1.137864875000000000e+06 1.134152125000000000e+06 1.229379760742187500e+03 1.222775512695312500e+03 nan 1.137297500000000000e+06 2.672961376120506884e+03
1.456132158637046814e-02 9.843453764915466309e-03 2.117063005254935590e-09 1.334480375000000000e+06 1.329198875000000000e+06 1.226679809570312500e+03 1.176056030273437500e+03 nan 1.333673500000000000e+06 2.721378880568216573e+03
1.607857085764408112e-02 1.086911372840404510e-02 2.109731324472420402e-09 1.558304625000000000e+06 1.550828875000000000e+06 1.249656005859375000e+03 1.126204711914062500e+03 nan 1.557162625000000000e+06 2.746773488657458984e+03
1.775391399860382080e-02 1.200164575129747391e-02 2.102425026951150955e-09 1.810882125000000000e+06 1.800370500000000000e+06 1.201591552734375000e+03 1.073228881835937500e+03 nan 1.809276125000000000e+06 2.745692434653809869e+03
1.960382424294948578e-02 1.325218472629785538e-02 2.095144031049849183e-09 2.093094000000000000e+06 2.078438875000000000e+06 1.103278930664062500e+03 1.017219238281250000e+03 nan 2.090855000000000000e+06 2.715202896202469219e+03
2.164648845791816711e-02 1.463302597403526306e-02 2.087888252770266929e-09 2.404964250000000000e+06 2.384750250000000000e+06 9.469703979492187500e+02 9.583926391601562500e+02 nan 2.401876000000000000e+06 2.653355619969531290e+03
2.390199340879917145e-02 1.615774817764759064e-02 2.080657597354892904e-09 2.745569000000000000e+06 2.718059750000000000e+06 9.683968505859375000e+02 8.971419067382812500e+02 nan 2.741366250000000000e+06 2.559741839154756690e+03
2.639251388609409332e-02 1.784133911132812500e-02 2.073451995948668221e-09 3.113181500000000000e+06 3.076364250000000000e+06 9.510877685546875000e+02 8.340916748046875000e+02 nan 3.107556750000000000e+06 2.436093284044656230e+03
2.914254181087017059e-02 1.970035769045352936e-02 2.066271340052806293e-09 3.505858750000000000e+06 3.457597750000000000e+06 8.585245361328125000e+02 7.701495971679687500e+02 nan 3.498485500000000000e+06 2.286795141600130137e+03
3.217911347746849060e-02 2.175308018922805786e-02 2.059115554147728899e-09 3.922668000000000000e+06 3.861017250000000000e+06 6.954129638671875000e+02 7.065338745117187500e+02 nan 3.913248500000000000e+06 2.119116745955770512e+03
3.553209081292152405e-02 2.401969395577907562e-02 2.051984539888671147e-09 4.365704000000000000e+06 4.289433500000000000e+06 6.989141845703125000e+02 6.447491455078125000e+02 nan 4.354051500000000000e+06 1.942913764155750414e+03
3.923443704843521118e-02 2.652247995138168335e-02 2.044878229365854235e-09 4.842714000000000000e+06 4.752038000000000000e+06 6.457371215820312500e+02 5.864702758789062500e+02 nan 4.828860500000000000e+06 1.769603586985264883e+03
4.332255572080612183e-02 2.928604744374752045e-02 2.037796533657790378e-09 5.369473500000000000e+06 5.266841000000000000e+06 5.345960693359375000e+02 5.332995605468750000e+02 nan 5.353793500000000000e+06 1.610331364437342245e+03
4.765481501817703247e-02 3.221465647220611572e-02 2.031010053452367756e-09 5.943563000000000000e+06 5.834269500000000000e+06 5.132541503906250000e+02 4.879276733398437500e+02 nan 5.926865500000000000e+06 1.477470117235571706e+03
5.198707059025764465e-02 3.514325991272926331e-02 2.024834231214258902e-09 6.551746000000000000e+06 6.442267000000000000e+06 4.755403747558593750e+02 4.520741271972656250e+02 nan 6.535020000000000000e+06 1.378639543226244541e+03
5.631932616233825684e-02 3.807186335325241089e-02 2.019169610001785353e-09 7.188685000000000000e+06 7.084214500000000000e+06 4.447459411621093750e+02 4.227984619140625000e+02 nan 7.172724000000000000e+06 1.301765165187270895e+03
6.065158173441886902e-02 4.100047051906585693e-02 2.013939112582009273e-09 7.845886000000000000e+06 7.748985000000000000e+06 4.186883544921875000e+02 3.980261230468750000e+02 nan 7.831081500000000000e+06 1.238332285317170999e+03
6.498383730649948120e-02 4.392907395958900452e-02 2.009081821590703985e-09 8.501890000000000000e+06 8.411720000000000000e+06 3.953316955566406250e+02 3.758215637207031250e+02 nan 8.488114000000000000e+06 1.179358257889505239e+03
6.931609660387039185e-02 4.685768112540245056e-02 2.004548729015451583e-09 9.129997000000000000e+06 9.042311000000000000e+06 3.731896362304687500e+02 3.547720642089843750e+02 nan 9.116602000000000000e+06 1.118121236228939324e+03
7.364834845066070557e-02 4.978628456592559814e-02 2.000299865353250301e-09 9.704877000000000000e+06 9.612822000000000000e+06 3.513970947265625000e+02 3.340550842285156250e+02 nan 9.690813000000000000e+06 1.051040352362073008e+03
7.798060774803161621e-02 5.271489173173904419e-02 1.996302173696350216e-09 1.021067300000000000e+07 1.010623300000000000e+07 3.297319641113281250e+02 3.134594116210937500e+02 nan 1.019471700000000000e+07 9.781566651434475261e+02
8.231285959482192993e-02 5.564349144697189331e-02 1.992528044667567094e-09 1.064495200000000000e+07 1.052072500000000000e+07 3.084497680664062500e+02 2.932279052734375000e+02 nan 1.062597300000000000e+07 9.022400029139982962e+02
8.664511889219284058e-02 5.857209861278533936e-02 1.988954134422163219e-09 1.101804000000000000e+07 1.086892500000000000e+07 2.880439758300781250e+02 2.738295898437500000e+02 nan 1.099525900000000000e+07 8.272455181467594230e+02
9.097737073898315430e-02 6.150070205330848694e-02 1.985560585482697045e-09 1.134913800000000000e+07 1.117356300000000000e+07 2.690299682617187500e+02 2.557543029785156250e+02 nan 1.132231400000000000e+07 7.569060874572088551e+02
9.636187553405761719e-02 6.514062732458114624e-02 1.981568674123380254e-09 1.174223500000000000e+07 1.153760000000000000e+07 2.480310516357421875e+02 2.357919464111328125e+02 nan 1.171097100000000000e+07 6.805001917994968608e+02
1.017463728785514832e-01 6.878054887056350708e-02 1.977801256732118934e-09 1.216971400000000000e+07 1.194646700000000000e+07 2.305388946533203125e+02 2.191630554199218750e+02 nan 1.213560600000000000e+07 6.197547758169220060e+02
1.071308776736259460e-01 7.242047041654586792e-02 1.974234781265857972e-09 1.267765800000000000e+07 1.244992000000000000e+07 2.166407775878906250e+02 2.059506225585937500e+02 nan 1.264286300000000000e+07 5.751302298695886748e+02
1.125153750181198120e-01 7.606039196252822876e-02 1.970849203820953451e-09 1.327624900000000000e+07 1.305757400000000000e+07 2.057263793945312500e+02 1.955744934082031250e+02 nan 1.324284000000000000e+07 5.435028980470923443e+02
1.178998723626136780e-01 7.970031350851058960e-02 1.967627323526894450e-09 1.393816200000000000e+07 1.373742100000000000e+07 1.967729797363281250e+02 1.870625610351562500e+02 nan 1.390749200000000000e+07 5.198129728165076813e+02
1.232843771576881409e-01 8.334024250507354736e-02 1.964554264128985100e-09 1.461538100000000000e+07 1.443413500000000000e+07 1.887658538818359375e+02 1.794503021240234375e+02 nan 1.458769100000000000e+07 4.991066903856072372e+02
1.286688745021820068e-01 8.698015660047531128e-02 1.961617102724775952e-09 1.525457800000000000e+07 1.508669700000000000e+07 1.809178924560546875e+02 1.719894409179687500e+02 nan 1.522892900000000000e+07 4.775594237838880645e+02
1.340533792972564697e-01 9.062008559703826904e-02 1.958804483640675406e-09 1.580899500000000000e+07 1.564260200000000000e+07 1.727469482421875000e+02 1.642217102050781250e+02 nan 1.578357300000000000e+07 4.528970743661744791e+02
1.394378840923309326e-01 9.426000714302062988e-02 1.956106446915437174e-09 1.625277300000000000e+07 1.607386000000000000e+07 1.641315917968750000e+02 1.560316162109375000e+02 nan 1.622543900000000000e+07 4.247549131796706092e+02
1.448223739862442017e-01 9.789992123842239380e-02 1.953514161287429418e-09 1.659004800000000000e+07 1.638662100000000000e+07 1.552788391113281250e+02 1.476159210205078125e+02 nan 1.655897100000000000e+07 3.944920771881788824e+02
1.502068787813186646e-01 1.015398502349853516e-01 1.951019758654691563e-09 1.685133000000000000e+07 1.661684600000000000e+07 1.465791931152343750e+02 1.393457794189453125e+02 nan 1.681550800000000000e+07 3.643290524734753717e+02
1.555913835763931274e-01 1.051797717809677124e-01 1.948616241255242070e-09 1.708427200000000000e+07 1.681937800000000000e+07 1.384617309570312500e+02 1.316291046142578125e+02 nan 1.704380200000000000e+07 3.365084651459854967e+02
1.609758734703063965e-01 1.088196933269500732e-01 1.946297314463125787e-09 1.734321200000000000e+07 1.705537600000000000e+07 1.312909851074218750e+02 1.248123168945312500e+02 nan 1.729923800000000000e+07 3.127656854113072882e+02
1.663603782653808594e-01 1.124596148729324341e-01 1.944057316713681798e-09 1.767261000000000000e+07 1.737379400000000000e+07 1.252582778930664062e+02 1.190773010253906250e+02 nan 1.762695600000000000e+07 2.938962047407057412e+02
1.717448830604553223e-01 1.160995438694953918e-01 1.941891129256332855e-09 1.808977800000000000e+07 1.779296000000000000e+07 1.203116607666015625e+02 1.143747100830078125e+02 nan 1.804443200000000000e+07 2.795588206102214031e+02
1.771293878555297852e-01 1.197394654154777527e-01 1.939794125595426991e-09 1.858160400000000000e+07 1.829715800000000000e+07 1.162045745849609375e+02 1.104701843261718750e+02 nan 1.853814800000000000e+07 2.685860340362732472e+02
1.825138777494430542e-01 1.233793795108795166e-01 1.937762091126241291e-09 1.911489800000000000e+07 1.884793200000000000e+07 1.126152954101562500e+02 1.070579071044921875e+02 nan 1.907411200000000000e+07 2.595315031644057626e+02
1.878983825445175171e-01 1.270193010568618774e-01 1.935791175107242678e-09 1.964682000000000000e+07 1.939609200000000000e+07 1.092318344116210938e+02 1.038413085937500000e+02 nan 1.960851400000000000e+07 2.510193987862259632e+02
1.932828873395919800e-01 1.306592375040054321e-01 1.933877861004656685e-09 2.013303200000000000e+07 1.989167800000000000e+07 1.057986679077148438e+02 1.005775146484375000e+02 nan 2.009615800000000000e+07 2.419359544478555506e+02
1.986673772335052490e-01 1.342991441488265991e-01 1.932018951816384183e-09 2.054023400000000000e+07 2.029797600000000000e+07 1.021699905395507812e+02 9.712790679931640625e+01 nan 2.050322200000000000e+07 2.316732187806777290e+02
2.040518820285797119e-01 1.379390656948089600e-01 1.930211465507478933e-09 2.085844000000000000e+07 2.060459000000000000e+07 9.834321594238281250e+01 9.348999786376953125e+01 nan 2.081965800000000000e+07 2.202825307905229693e+02
2.094363868236541748e-01 1.415790021419525146e-01 1.928452677645768952e-09 2.110176000000000000e+07 2.082814200000000000e+07 9.442803192138671875e+01 8.976811218261718750e+01 nan 2.105995800000000000e+07 2.083162438991782039e+02
2.148208767175674438e-01 1.452189087867736816e-01 1.926740094380007882e-09 2.129995400000000000e+07 2.100292000000000000e+07 9.058206176757812500e+01 8.611200714111328125e+01 nan 2.125457200000000000e+07 1.965098408196884918e+02
2.202053815126419067e-01 1.488588303327560425e-01 1.925071368159055733e-09 2.148996000000000000e+07 2.117105400000000000e+07 8.696260833740234375e+01 8.267124176025390625e+01 nan 2.144123800000000000e+07 1.855528466088166795e+02
2.255898863077163696e-01 1.524987667798995972e-01 1.923444343781293656e-09 2.170784200000000000e+07 2.137303000000000000e+07 8.369295501708984375e+01 7.956295013427734375e+01 nan 2.165668800000000000e+07 1.759492094839672234e+02
2.309743911027908325e-01 1.561386883258819580e-01 1.921857033120720865e-09 2.197851600000000000e+07 2.163631600000000000e+07 8.082993316650390625e+01 7.684121704101562500e+01 nan 2.192623400000000000e+07 1.679034318707974478e+02
2.363588809967041016e-01 1.597786098718643188e-01 1.920307567935778733e-09 2.230871800000000000e+07 2.196778400000000000e+07 7.835255432128906250e+01 7.448607635498046875e+01 nan 2.225663000000000000e+07 1.613011468239828616e+02
2.417433857917785645e-01 1.634185314178466797e-01 1.918794213956308179e-09 2.268830200000000000e+07 2.235517600000000000e+07 7.618303680419921875e+01 7.242356872558593750e+01 nan 2.263740600000000000e+07 1.558123384000553244e+02
2.471278905868530273e-01 1.670584529638290405e-01 1.917315352832477265e-09 2.309515600000000000e+07 2.277275800000000000e+07 7.421549224853515625e+01 7.055307769775390625e+01 nan 2.304590200000000000e+07 1.510091690972127765e+02
2.525123953819274902e-01 1.706983745098114014e-01 1.915869472055197894e-09 2.349932400000000000e+07 2.318652400000000000e+07 7.233583068847656250e+01 6.876612854003906250e+01 nan 2.345153600000000000e+07 1.464407271405297024e+02
2.578969001770019531e-01 1.743383109569549561e-01 1.914455150219987163e-09 2.387020200000000000e+07 2.356248200000000000e+07 7.044612121582031250e+01 6.696965789794921875e+01 nan 2.382319000000000000e+07 1.417268951633705001e+02
2.632813751697540283e-01 1.779782027006149292e-01 1.913071083197014340e-09 2.418795600000000000e+07 2.387887600000000000e+07 6.849514770507812500e+01 6.511495971679687500e+01 nan 2.414073400000000000e+07 1.366791815880820593e+02
2.686658799648284912e-01 1.816181391477584839e-01 1.911715991580206360e-09 2.445021600000000000e+07 2.413327200000000000e+07 6.648829650878906250e+01 6.320715713500976562e+01 nan 2.440179400000000000e+07 1.313362182385492360e+02
2.740503847599029541e-01 1.852580606937408447e-01 1.910388727493893778e-09 2.466808000000000000e+07 2.433837800000000000e+07 6.446634674072265625e+01 6.128501510620117188e+01 nan 2.461770600000000000e+07 1.258735313398023834e+02
2.794348895549774170e-01 1.888979822397232056e-01 1.909088184011114833e-09 2.485871800000000000e+07 2.451411200000000000e+07 6.247993087768554688e+01 5.939665222167968750e+01 nan 2.480606600000000000e+07 1.204966119319585687e+02
2.848193943500518799e-01 1.925379037857055664e-01 1.907813323590368924e-09 2.504241800000000000e+07 2.468378200000000000e+07 6.057975387573242188e+01 5.759026718139648438e+01 nan 2.498762400000000000e+07 1.154019034313805747e+02
2.902038991451263428e-01 1.961778402328491211e-01 1.906563162582237113e-09 2.524073600000000000e+07 2.487148000000000000e+07 5.881175613403320312e+01 5.590952682495117188e+01 nan 2.518432200000000000e+07 1.107589079710917872e+02
2.955884039402008057e-01 1.998177617788314819e-01 1.905336787226579552e-09 2.547018600000000000e+07 2.509515800000000000e+07 5.720307540893554688e+01 5.438023376464843750e+01 nan 2.541288800000000000e+07 1.066613680524791192e+02
3.009728789329528809e-01 2.034576684236526489e-01 1.904133323856378078e-09 2.573515200000000000e+07 2.535927600000000000e+07 5.574971389770507812e+01 5.299858474731445312e+01 nan 2.567772600000000000e+07 1.030865339328076828e+02
3.063573837280273438e-01 2.070975899696350098e-01 1.902951936232507350e-09 2.602785200000000000e+07 2.565490400000000000e+07 5.442169570922851562e+01 5.173609542846679688e+01 nan 2.597087200000000000e+07 9.992003908974628246e+01
3.117418885231018066e-01 2.107375115156173706e-01 1.901791846628511990e-09 2.633440800000000000e+07 2.596618000000000000e+07 5.318002700805664062e+01 5.055567932128906250e+01 nan 2.627815200000000000e+07 9.701925242217500056e+01
3.171263933181762695e-01 2.143774479627609253e-01 1.900652308391623192e-09 2.663978000000000000e+07 2.627585800000000000e+07 5.198812103271484375e+01 4.942258453369140625e+01 nan 2.658418200000000000e+07 9.425403487081962339e+01
3.225108981132507324e-01 2.180173695087432861e-01 1.899532626729035332e-09 2.692936000000000000e+07 2.656746200000000000e+07 5.081492614746093750e+01 4.830727386474609375e+01 nan 2.687407000000000000e+07 9.151640387823140088e+01
3.278954029083251953e-01 2.216572910547256470e-01 1.898432128189829179e-09 2.719142400000000000e+07 2.682817200000000000e+07 4.963875198364257812e+01 4.718914413452148438e+01 nan 2.713592400000000000e+07 8.873321698711430372e+01
3.332799077033996582e-01 2.252972126007080078e-01 1.897350177081271127e-09 2.742149600000000000e+07 2.705341800000000000e+07 4.845379257202148438e+01 4.606265640258789062e+01 nan 2.736525800000000000e+07 8.588862202344083130e+01
3.386643826961517334e-01 2.289371192455291748e-01 1.896286172945125672e-09 2.762438600000000000e+07 2.724876800000000000e+07 4.727111816406250000e+01 4.493835830688476562e+01 nan 2.756699800000000000e+07 8.302595546963942752e+01
3.440488874912261963e-01 2.325770407915115356e-01 1.895239531240720810e-09 2.781100000000000000e+07 2.742650600000000000e+07 4.611075973510742188e+01 4.383527374267578125e+01 nan 2.775225600000000000e+07 8.021768776275413870e+01
3.494333922863006592e-01 2.362169772386550903e-01 1.894209703480833635e-09 2.799313000000000000e+07 2.759999000000000000e+07 4.499177169799804688e+01 4.277151107788085938e+01 nan 2.793306600000000000e+07 7.753022116529437824e+01
3.548178970813751221e-01 2.398568987846374512e-01 1.893196174858241155e-09 2.818066400000000000e+07 2.778044800000000000e+07 4.392779922485351562e+01 4.176004791259765625e+01 nan 2.811952000000000000e+07 7.500924791773108780e+01
3.602024018764495850e-01 2.434968203306198120e-01 1.892198441798694543e-09 2.838100800000000000e+07 2.797610400000000000e+07 4.292687988281250000e+01 4.080852127075195312e+01 nan 2.831914600000000000e+07 7.268015132382471677e+01
3.655869066715240479e-01 2.471367418766021729e-01 1.891216027459402332e-09 2.859789000000000000e+07 2.819082400000000000e+07 4.199039077758789062e+01 3.991823959350585938e+01 nan 2.853569600000000000e+07 7.054569325701349669e+01
3.709714114665985107e-01 2.507766783237457275e-01 1.890248472221847833e-09 2.882963000000000000e+07 2.842244600000000000e+07 4.111149597167968750e+01 3.908271789550781250e+01 nan 2.876742000000000000e+07 6.858181529025625878e+01
3.763558864593505859e-01 2.544165849685668945e-01 1.889295352117686434e-09 2.906958800000000000e+07 2.866340600000000000e+07 4.027702331542968750e+01 3.828941726684570312e+01 nan 2.900753000000000000e+07 6.674438286984070601e+01
3.817403912544250488e-01 2.580564916133880615e-01 1.888356242191734645e-09 2.930938800000000000e+07 2.890423800000000000e+07 3.947272109985351562e+01 3.752480316162109375e+01 nan 2.924748800000000000e+07 6.498698377162534712e+01
3.871248960494995117e-01 2.616964280605316162e-01 1.887430735669950155e-09 2.954180600000000000e+07 2.913677200000000000e+07 3.868738555908203125e+01 3.677822875976562500e+01 nan 2.947993000000000000e+07 6.327396834347637622e+01
3.925094008445739746e-01 2.653363645076751709e-01 1.886518457772270655e-09 2.976160200000000000e+07 2.935515400000000000e+07 3.791355514526367188e+01 3.604257583618164062e+01 nan 2.969950400000000000e+07 6.158240002651739786e+01
3.978939056396484375e-01 2.689762711524963379e-01 1.885619049100158659e-09 2.996578200000000000e+07 2.955622400000000000e+07 3.714741134643554688e+01 3.531424331665039062e+01 nan 2.990321000000000000e+07 5.990135294742911043e+01
4.032784104347229004e-01 2.726162075996398926e-01 1.884732143174389957e-09 3.015494800000000000e+07 2.974088200000000000e+07 3.638996124267578125e+01 3.459417343139648438e+01 nan 3.009169000000000000e+07 5.823514253156277931e+01
4.086629152297973633e-01 2.762561440467834473e-01 1.883857409814700777e-09 3.033368800000000000e+07 2.991431000000000000e+07 3.564683914184570312e+01 3.388772201538085938e+01 nan 3.026961800000000000e+07 5.660254435535696871e+01
4.140473902225494385e-01 2.798960208892822266e-01 1.882994538868699288e-09 3.050823800000000000e+07 3.008346000000000000e+07 3.492498397827148438e+01 3.320149612426757812e+01 nan 3.044334200000000000e+07 5.502581899043656222e+01
4.194318950176239014e-01 2.835359573364257812e-01 1.882143190604211824e-09 3.068357200000000000e+07 3.025398600000000000e+07 3.422919845581054688e+01 3.254005050659179688e+01 nan 3.061794000000000000e+07 5.351966975463222553e+01
4.248163998126983643e-01 2.871758937835693359e-01 1.881303079826970542e-09 3.086281800000000000e+07 3.042945800000000000e+07 3.356169509887695312e+01 3.190548515319824219e+01 nan 3.079661200000000000e+07 5.209060129283865592e+01
4.302009046077728271e-01 2.908158004283905029e-01 1.880473925305205483e-09 3.104814800000000000e+07 3.061219800000000000e+07 3.292334747314453125e+01 3.129863548278808594e+01 nan 3.098154200000000000e+07 5.074089391435173724e+01
4.355854094028472900e-01 2.944557368755340576e-01 1.879655436356054805e-09 3.124023200000000000e+07 3.080273000000000000e+07 3.231328964233398438e+01 3.071868324279785156e+01 nan 3.117338800000000000e+07 4.946751022280383125e+01
4.409699141979217529e-01 2.980956733226776123e-01 1.878847353036435648e-09 3.143688400000000000e+07 3.099849600000000000e+07 3.172776031494140625e+01 3.016204833984375000e+01 nan 3.136991000000000000e+07 4.825883092352209758e+01
4.463544189929962158e-01 3.017355799674987793e-01 1.878049424887222573e-09 3.163382200000000000e+07 3.119473000000000000e+07 3.116121482849121094e+01 2.962346076965332031e+01 nan 3.156673600000000000e+07 4.709818103704005665e+01
4.517388939857482910e-01 3.053754866123199463e-01 1.877261397654174740e-09 3.182723600000000000e+07 3.138717000000000000e+07 3.060907173156738281e+01 2.909856605529785156e+01 nan 3.176000400000000000e+07 4.597200795086986602e+01
4.571233987808227539e-01 3.090154230594635010e-01 1.876483026309890802e-09 3.201506000000000000e+07 3.157342400000000000e+07 3.006878852844238281e+01 2.858493804931640625e+01 nan 3.194758800000000000e+07 4.487310921493246241e+01
4.625079035758972168e-01 3.126553297042846680e-01 1.875714093387305177e-09 3.219613400000000000e+07 3.175219600000000000e+07 2.953890037536621094e+01 2.808120155334472656e+01 nan 3.212831200000000000e+07 4.379756300506984701e+01
4.678924083709716797e-01 3.162952661514282227e-01 1.874954364165268396e-09 3.236977600000000000e+07 3.192286400000000000e+07 2.901852416992187500e+01 2.758650588989257812e+01 nan 3.230149400000000000e+07 4.274303618544426087e+01
4.732769131660461426e-01 3.199352025985717773e-01 1.874203630559428286e-09 3.253671800000000000e+07 3.208638000000000000e+07 2.850810050964355469e+01 2.710127067565917969e+01 nan 3.246791600000000000e+07 4.171108300463590979e+01
4.786614179611206055e-01 3.235751092433929443e-01 1.873461691551420399e-09 3.269961600000000000e+07 3.224571400000000000e+07 2.800967979431152344e+01 2.662744712829589844e+01 nan 3.263027000000000000e+07 4.070785024558838927e+01
4.840458929538726807e-01 3.272150158882141113e-01 1.872728340933758753e-09 3.286165600000000000e+07 3.240435000000000000e+07 2.752556037902832031e+01 2.616722297668457031e+01 nan 3.279179400000000000e+07 3.973995931270944482e+01
4.894303977489471436e-01 3.308549523353576660e-01 1.872003379495005729e-09 3.302474600000000000e+07 3.256442000000000000e+07 2.705676078796386719e+01 2.572155570983886719e+01 nan 3.295441800000000000e+07 3.881021545870816425e+01
4.948149025440216064e-01 3.344948589801788330e-01 1.871286632213937058e-09 3.318931800000000000e+07 3.272647800000000000e+07 2.660299301147460938e+01 2.529018020629882812e+01 nan 3.311860800000000000e+07 3.791770045720404170e+01
5.001994371414184570e-01 3.381348252296447754e-01 1.870577900826693527e-09 3.335544800000000000e+07 3.289059000000000000e+07 2.616368103027343750e+01 2.487254714965820312e+01 nan 3.328442800000000000e+07 3.706064891005596706e+01
5.055838823318481445e-01 3.417747020721435547e-01 1.869877039368293133e-09 3.352312200000000000e+07 3.305659800000000000e+07 2.573817825317382812e+01 2.446804237365722656e+01 nan 3.345184600000000000e+07 3.623727781304899054e+01
5.109683871269226074e-01 3.454146385192871094e-01 1.869183849789121820e-09 3.369153200000000000e+07 3.322352000000000000e+07 2.532528305053710938e+01 2.407552146911621094e+01 nan 3.362003200000000000e+07 3.544415936418581481e+01
5.163528919219970703e-01 3.490545451641082764e-01 1.868498185335105332e-09 3.385873600000000000e+07 3.338921400000000000e+07 2.492303085327148438e+01 2.369312095642089844e+01 nan 3.378700800000000000e+07 3.467589477372089846e+01
5.217373967170715332e-01 3.526944816112518311e-01 1.867819876059786520e-09 3.402284800000000000e+07 3.355162400000000000e+07 2.452964782714843750e+01 2.331914710998535156e+01 nan 3.395086000000000000e+07 3.392764374506455027e+01
5.271219015121459961e-01 3.563344180583953857e-01 1.867148773833358248e-09 3.418320800000000000e+07 3.371000000000000000e+07 2.414436149597167969e+01 2.295287704467773438e+01 nan 3.411091200000000000e+07 3.319744105804798551e+01
5.325064063072204590e-01 3.599743247032165527e-01 1.866484735032350672e-09 3.434014800000000000e+07 3.386468400000000000e+07 2.376716613769531250e+01 2.259429359436035156e+01 nan 3.426750800000000000e+07 3.248535458292781897e+01
5.378909111022949219e-01 3.636142611503601074e-01 1.865827604301946768e-09 3.449399600000000000e+07 3.401605200000000000e+07 2.339802551269531250e+01 2.224337387084960938e+01 nan 3.442098000000000000e+07 3.179136475883348822e+01
5.432754158973693848e-01 3.672541677951812744e-01 1.865177252290424566e-09 3.464490400000000000e+07 3.416436800000000000e+07 2.303681373596191406e+01 2.189998626708984375e+01 nan 3.457149200000000000e+07 3.111515730180484951e+01
5.486599206924438477e-01 3.708941042423248291e-01 1.864533532427482462e-09 3.479373600000000000e+07 3.431062800000000000e+07 2.268384361267089844e+01 2.156443405151367188e+01 nan 3.471992400000000000e+07 3.045761193165961700e+01
5.540444254875183105e-01 3.745340406894683838e-01 1.863896318172137942e-09 3.494196800000000000e+07 3.445641200000000000e+07 2.233981132507324219e+01 2.123737907409667969e+01 nan 3.486778400000000000e+07 2.982056957046135892e+01
5.594289302825927734e-01 3.781739473342895508e-01 1.863265486641235488e-09 3.509055600000000000e+07 3.460274400000000000e+07 2.200499725341796875e+01 2.091908645629882812e+01 nan 3.501602800000000000e+07 2.920477031712884397e+01
5.648134350776672363e-01 3.818138837814331055e-01 1.862640903204479876e-09 3.523931200000000000e+07 3.474946000000000000e+07 2.167895698547363281e+01 2.060913467407226562e+01 nan 3.516446800000000000e+07 2.860896396668185560e+01
5.701979398727416992e-01 3.854538202285766602e-01 1.862022452330667509e-09 3.538769200000000000e+07 3.489598000000000000e+07 2.136103630065917969e+01 2.030690574645996094e+01 nan 3.531256800000000000e+07 2.803145715722314080e+01
5.755824446678161621e-01 3.890937268733978271e-01 1.861410021730888845e-09 3.553564400000000000e+07 3.504218400000000000e+07 2.105092430114746094e+01 2.001209449768066406e+01 nan 3.546025200000000000e+07 2.747142001838411574e+01
5.809668898582458496e-01 3.927336037158966064e-01 1.860803497296447543e-09 3.568313600000000000e+07 3.518797200000000000e+07 2.074831771850585938e+01 1.972442436218261719e+01 nan 3.560748800000000000e+07 2.692810113514705961e+01
5.863513946533203125e-01 3.963735401630401611e-01 1.860202753428811389e-09 3.582948800000000000e+07 3.533258400000000000e+07 2.045257186889648438e+01 1.944326972961425781e+01 nan 3.575357200000000000e+07 2.639981588911244970e+01
5.917358994483947754e-01 4.000134766101837158e-01 1.859607692406273365e-09 3.597371600000000000e+07 3.547498000000000000e+07 2.016290092468261719e+01 1.916789627075195312e+01 nan 3.589752000000000000e+07 2.588459491641430787e+01
5.971204042434692383e-01 4.036533832550048828e-01 1.859018214291441706e-09 3.611559200000000000e+07 3.561492800000000000e+07 1.987899971008300781e+01 1.889800643920898438e+01 nan 3.603910400000000000e+07 2.538170271371686226e+01
6.025049090385437012e-01 4.072933197021484375e-01 1.858434207544148841e-09 3.625567600000000000e+07 3.575298800000000000e+07 1.960100555419921875e+01 1.863372611999511719e+01 nan 3.617887600000000000e+07 2.489148008102228005e+01
6.078894138336181641e-01 4.109332561492919922e-01 1.857855577876460681e-09 3.639432800000000000e+07 3.588956400000000000e+07 1.932892799377441406e+01 1.837507438659667969e+01 nan 3.631721200000000000e+07 2.441399124577170099e+01
6.132739186286926270e-01 4.145731627941131592e-01 1.857282233477322155e-09 3.653143600000000000e+07 3.602458400000000000e+07 1.906253242492675781e+01 1.812182617187500000e+01 nan 3.645400000000000000e+07 2.394866400700074394e+01
6.186584234237670898e-01 4.182130992412567139e-01 1.856714071034082293e-09 3.666713600000000000e+07 3.615822400000000000e+07 1.880172157287597656e+01 1.787388992309570312e+01 nan 3.658938400000000000e+07 2.349521400987645592e+01
6.240429282188415527e-01 4.218530058860778809e-01 1.856151008397507339e-09 3.680210000000000000e+07 3.629120000000000000e+07 1.854667091369628906e+01 1.763142395019531250e+01 nan 3.672404400000000000e+07 2.305411088623144167e+01
6.294274330139160156e-01 4.254929423332214355e-01 1.855592947277603754e-09 3.693690000000000000e+07 3.642409600000000000e+07 1.829748344421386719e+01 1.739453125000000000e+01 nan 3.685855200000000000e+07 2.262558551453892974e+01
6.556535363197326660e-01 4.432217776775360107e-01 1.852943630635520644e-09 3.758340400000000000e+07 3.706211600000000000e+07 1.715814971923828125e+01 1.631142044067382812e+01 nan 3.750376000000000000e+07 2.069495656008292173e+01
8.039034605026245117e-01 5.434387326240539551e-01 1.839770603253567837e-09 4.083724800000000000e+07 4.027095200000000000e+07 1.240143871307373047e+01 1.178944873809814453e+01 nan 4.075072800000000000e+07 1.316128003054196860e+01
9.932619333267211914e-01 6.714450716972351074e-01 1.826201010048688587e-09 4.427494800000000000e+07 4.366116800000000000e+07 8.807532310485839844e+00 8.372894287109375000e+00 nan 4.418117200000000000e+07 8.141541082675693985e+00
1.227223634719848633e+00 8.296031951904296875e-01 1.812731498599941669e-09 4.776688000000000000e+07 4.710485200000000000e+07 6.224486351013183594e+00 5.917317867279052734e+00 nan 4.766574000000000000e+07 4.987114170612691133e+00
1.516294717788696289e+00 1.025015234947204590e+00 1.799361337301671755e-09 5.130591600000000000e+07 5.059499600000000000e+07 4.379500389099121094e+00 4.163378715515136719e+00 nan 5.119730400000000000e+07 3.027859444264137778e+00
1.873456120491027832e+00 1.266456365585327148e+00 1.786089789356977996e-09 5.488493600000000000e+07 5.412454800000000000e+07 3.068955898284912109e+00 2.917507648468017578e+00 nan 5.476876400000000000e+07 1.823527082266263477e+00
2.314746379852294922e+00 1.564768552780151367e+00 1.772916133006574509e-09 5.849849200000000000e+07 5.768815600000000000e+07 2.142706155776977539e+00 2.036966562271118164e+00 nan 5.837468000000000000e+07 1.090185913514636562e+00
2.859982252120971680e+00 1.933347940444946289e+00 1.759839636962373426e-09 6.214170400000000000e+07 6.128100400000000000e+07 1.491013765335083008e+00 1.417434215545654297e+00 nan 6.201021600000000000e+07 6.474150144353570946e-01
3.533647537231445312e+00 2.388745784759521484e+00 1.746859588797865175e-09 6.581024000000000000e+07 6.489879600000000000e+07 1.034361839294433594e+00 9.833171367645263672e-01 nan 6.567099200000000000e+07 3.821277012491607894e-01
4.365993976593017578e+00 2.951411962509155273e+00 1.733975279535418463e-09 6.950035200000000000e+07 6.853785600000000000e+07 7.155608534812927246e-01 6.802485585212707520e-01 nan 6.935330400000000000e+07 2.242852680040239854e-01
5.394398689270019531e+00 3.646613597869873047e+00 1.721185999058096773e-09 7.320904800000000000e+07 7.219522400000000000e+07 4.937478303909301758e-01 4.693816006183624268e-01 nan 7.305416000000000000e+07 1.309668588118243215e-01
6.665042877197265625e+00 4.505568981170654297e+00 1.708491050912268841e-09 7.693311200000000000e+07 7.586769600000000000e+07 3.398872315883636475e-01 3.231137394905090332e-01 nan 7.677034400000000000e+07 7.611385709571133473e-02
8.234986305236816406e+00 5.566850662231445312e+00 1.695889732548296616e-09 8.067052000000000000e+07 7.955326400000000000e+07 2.334629297256469727e-01 2.219412922859191895e-01 nan 8.049984000000000000e+07 4.404250538736798753e-02
1.017472743988037109e+01 6.878115653991699219e+00 1.683381361073609185e-09 8.441880000000000000e+07 8.324943200000000000e+07 1.600384712219238281e-01 1.521402001380920410e-01 nan 8.424015200000000000e+07 2.538200071045181722e-02
1.257137203216552734e+01 8.498247146606445312e+00 1.670965250288532184e-09 8.817581600000000000e+07 8.695404800000000000e+07 1.095009371638298035e-01 1.040965840220451355e-01 nan 8.798916000000000000e+07 1.457309059577696804e-02
1.553254413604736328e+01 1.050000000000000000e+01 1.658640709094829109e-09 9.193964000000000000e+07 9.066509600000000000e+07 7.479211688041687012e-02 7.110055536031723022e-02 nan 9.174491200000000000e+07 8.338027864418610935e-03
