# k/h [h/Mpc]            k [1/Mpc]              Primoridal             T_cdm(k)                 T_bar(k)                 T_phot(k)                T_massless neutrions(k)  T_massive neutrinos(k)   T_total(k)               Linear Pk [(Mpc/h)^3]  
1.049045658874092624e-05 7.091548468451946974e-06 2.727206404909961128e-09 1.000000000000000000e+00 1.000000000000000000e+00 1.000000000000000000e+00 1.000000000000000000e+00 nan 1.000000000000000000e+00 6.209791820512965188e+00
1.158353370556142181e-05 7.830468348402064294e-06 2.717761705682844603e-09 9.999998211860656738e-01 9.999997019767761230e-01 9.999615550041198730e-01 9.999604821205139160e-01 nan 9.999998211860656738e-01 6.833086368395274945e+00
1.279050593439023942e-05 8.646382411825470626e-06 2.708349706436794825e-09 9.999995231628417969e-01 9.999994039535522461e-01 9.999147057533264160e-01 9.999124407768249512e-01 nan 9.999995231628417969e-01 7.518941256488655966e+00
1.412324218108551577e-05 9.547311492497101426e-06 2.698970312856197758e-09 9.999991655349731445e-01 9.999991059303283691e-01 9.998575448989868164e-01 9.998537302017211914e-01 nan 9.999991059303283691e-01 8.273636366500449313e+00
1.559484553581569344e-05 1.054211588780162856e-05 2.689623392481895528e-09 9.999986886978149414e-01 9.999986290931701660e-01 9.997877478599548340e-01 9.997822642326354980e-01 nan 9.999986886978149414e-01 9.104079718894372064e+00
1.721978514979127795e-05 1.164057448477251455e-05 2.680308856040028027e-09 9.999982118606567383e-01 9.999980926513671875e-01 9.997029304504394531e-01 9.996950626373291016e-01 nan 9.999982118606567383e-01 1.001787607491891663e+01
1.901403993542771786e-05 1.285349117097212002e-05 2.671026563908324178e-09 9.999974966049194336e-01 9.999974966049194336e-01 9.995993375778198242e-01 9.995887875556945801e-01 nan 9.999974966049194336e-01 1.102338832098824817e+01
2.099525045196060091e-05 1.419278942194068804e-05 2.661776424936157355e-09 9.999968409538269043e-01 9.999967217445373535e-01 9.994730949401855469e-01 9.994591474533081055e-01 nan 9.999967813491821289e-01 1.212982426237114986e+01
2.318289807590190321e-05 1.567163963045459241e-05 2.652558315858844083e-09 9.999958872795104980e-01 9.999957084655761719e-01 9.993190765380859375e-01 9.993011951446533203e-01 nan 9.999958872795104980e-01 1.334730889480776206e+01
2.559849235694855452e-05 1.730458097881637514e-05 2.643372135990062650e-09 9.999947547912597656e-01 9.999945163726806641e-01 9.991314411163330078e-01 9.991086125373840332e-01 nan 9.999946355819702148e-01 1.468698907143873633e+01
2.826578383974265307e-05 1.910767059598583728e-05 2.634217767634683471e-09 9.999932646751403809e-01 9.999930858612060547e-01 9.989026784896850586e-01 9.988738298416137695e-01 nan 9.999932646751403809e-01 1.616112055760814314e+01
3.121100235148333013e-05 2.109863817167934030e-05 2.625095097817206075e-09 9.999916553497314453e-01 9.999913573265075684e-01 9.986239671707153320e-01 9.985876083374023438e-01 nan 9.999915957450866699e-01 1.778321052665693713e+01
3.446310074650682509e-05 2.329705603187903762e-05 2.616004033478672110e-09 9.999895691871643066e-01 9.999893307685852051e-01 9.982841014862060547e-01 9.982388019561767578e-01 nan 9.999894499778747559e-01 1.956808706749500004e+01
3.805406231549568474e-05 2.572454650362487882e-05 2.606944439452153756e-09 9.999870061874389648e-01 9.999867081642150879e-01 9.978698492050170898e-01 9.978137016296386719e-01 nan 9.999870061874389648e-01 2.153208723292598137e+01
4.201919000479392707e-05 2.840497290890198201e-05 2.597916226597658093e-09 9.999838471412658691e-01 9.999835491180419922e-01 9.973649978637695312e-01 9.972954988479614258e-01 nan 9.999837875366210938e-01 2.369318528732999596e+01
4.639747567125596106e-05 3.136469240416772664e-05 2.588919279439887767e-09 9.999801516532897949e-01 9.999796748161315918e-01 9.967498183250427246e-01 9.966642260551452637e-01 nan 9.999800920486450195e-01 2.607115526912075509e+01
5.123196388012729585e-05 3.463280881987884641e-05 2.579953483847589841e-09 9.999756217002868652e-01 9.999750852584838867e-01 9.960002303123474121e-01 9.958949089050292969e-01 nan 9.999754428863525391e-01 2.868773868138677585e+01
5.657019573845900595e-05 3.824145096587017179e-05 2.571018745591721348e-09 9.999700188636779785e-01 9.999693632125854492e-01 9.950871467590332031e-01 9.949575662612915039e-01 nan 9.999698996543884277e-01 3.156686962169385779e+01
6.246465636650100350e-05 4.222610732540488243e-05 2.562114941593048984e-09 9.999631643295288086e-01 9.999623894691467285e-01 9.939747452735900879e-01 9.938161373138427734e-01 nan 9.999630451202392578e-01 3.473486150286045415e+01
6.897329876665025949e-05 4.662595165427774191e-05 2.553241977543412439e-09 9.999548792839050293e-01 9.999537467956542969e-01 9.926202297210693359e-01 9.924257993698120117e-01 nan 9.999547004699707031e-01 3.822068090900614123e+01
7.616012590005993843e-05 5.148424679646268487e-05 2.544399743325443185e-09 9.999447464942932129e-01 9.999434947967529297e-01 9.909709692001342773e-01 9.907332658767700195e-01 nan 9.999445080757141113e-01 4.205616041579543207e+01
8.409580186707898974e-05 5.684876305167563260e-05 2.535588130685252624e-09 9.999324083328247070e-01 9.999309182167053223e-01 9.889636635780334473e-01 9.886733293533325195e-01 nan 9.999322891235351562e-01 4.627633531733881966e+01
9.285835403716191649e-05 6.277224747464060783e-05 2.526807033334104165e-09 9.999174475669860840e-01 9.999155402183532715e-01 9.865216612815856934e-01 9.861673116683959961e-01 nan 9.999170899391174316e-01 5.091971710385890759e+01
1.025339443003758788e-04 6.931294774403795600e-05 2.518056339675267213e-09 9.998990297317504883e-01 9.998967647552490234e-01 9.835516810417175293e-01 9.831198453903198242e-01 nan 9.998987317085266113e-01 5.602863997123528605e+01
1.132176985265687108e-04 7.653516513528302312e-05 2.509335958204897443e-09 9.998767375946044922e-01 9.998739957809448242e-01 9.799423813819885254e-01 9.794160723686218262e-01 nan 9.998763203620910645e-01 6.164966121138701993e+01
1.250146742677316070e-04 8.450992027064785361e-05 2.500645773867358897e-09 9.998495578765869141e-01 9.998462200164794922e-01 9.755587577819824219e-01 9.749182462692260742e-01 nan 9.998490810394287109e-01 6.783395403646028399e+01
1.380408502882346511e-04 9.331561159342527390e-05 2.491985695624705562e-09 9.998163580894470215e-01 9.998122453689575195e-01 9.702392220497131348e-01 9.694606065750122070e-01 nan 9.998158216476440430e-01 7.463771009229522235e+01
1.524243270978331566e-04 1.030388448270969093e-04 2.483355596498544299e-09 9.997760653495788574e-01 9.997710585594177246e-01 9.637909531593322754e-01 9.628452062606811523e-01 nan 9.997752904891967773e-01 8.212271733801185292e+01
1.683065347606316209e-04 1.137752187787555158e-04 2.474755379885282393e-09 9.997269511222839355e-01 9.997208714485168457e-01 9.559842348098754883e-01 9.548370838165283203e-01 nan 9.997260570526123047e-01 9.035676919454559197e+01
1.858436153270304203e-04 1.256302784895524383e-04 2.466184957973141175e-09 9.996670484542846680e-01 9.996596574783325195e-01 9.465475678443908691e-01 9.451584219932556152e-01 nan 9.996659755706787109e-01 9.941426403408951273e+01
2.052080089924857020e-04 1.387206139042973518e-04 2.457644209414643305e-09 9.995942115783691406e-01 9.995852708816528320e-01 9.351624250411987305e-01 9.334829449653625488e-01 nan 9.995928406715393066e-01 1.093768586192067716e+02
2.265901130158454180e-04 1.531749148853123188e-04 2.449133045395065615e-09 9.995056986808776855e-01 9.994947314262390137e-01 9.214584231376647949e-01 9.194321036338806152e-01 nan 9.995040297508239746e-01 1.203340383570257046e+02
2.502001880202442408e-04 1.691353245405480266e-04 2.440651351248999153e-09 9.993978738784790039e-01 9.993845224380493164e-01 9.050101041793823242e-01 9.025716781616210938e-01 nan 9.993958473205566406e-01 1.323837931515289199e+02
2.762703516054898500e-04 1.867587561719119549e-04 2.432199034655000626e-09 9.992669224739074707e-01 9.992508292198181152e-01 8.853367567062377930e-01 8.824110031127929688e-01 nan 9.992644190788269043e-01 1.456334187339382709e+02
3.050569503102451563e-04 2.062184939859434962e-04 2.423775992290330563e-09 9.991077184677124023e-01 9.990884065628051758e-01 8.619061112403869629e-01 8.584086298942565918e-01 nan 9.991047978401184082e-01 1.602000434437186414e+02
3.368430479895323515e-04 2.277058956678956747e-04 2.415382114947829304e-09 9.989145994186401367e-01 9.988911747932434082e-01 8.341463804244995117e-01 8.299840688705444336e-01 nan 9.989110827445983887e-01 1.762117346310932646e+02
3.719411906786262989e-04 2.514322404749691486e-04 2.407017301830847028e-09 9.986804723739624023e-01 9.986523985862731934e-01 8.014689683914184570e-01 7.965418100357055664e-01 nan 9.986762404441833496e-01 1.938078026599458212e+02
4.106964333914220333e-04 2.776307810563594103e-04 2.398681465071051552e-09 9.983968734741210938e-01 9.983631372451782227e-01 7.633057832717895508e-01 7.575114369392395020e-01 nan 9.983916878700256348e-01 2.131398045780502741e+02
4.534898616839200258e-04 3.065591445192694664e-04 2.390374494355455649e-09 9.980539083480834961e-01 9.980135560035705566e-01 7.191689610481262207e-01 7.124089598655700684e-01 nan 9.980477094650268555e-01 2.343722509728076204e+02
5.007422878406941891e-04 3.385017917025834322e-04 2.382096284987275655e-09 9.976398348808288574e-01 9.975917935371398926e-01 6.687361598014831543e-01 6.609256863594055176e-01 nan 9.976325035095214844e-01 2.576830098372104203e+02
5.529182380996644497e-04 3.737727238330990076e-04 2.373846756225058361e-09 9.971408843994140625e-01 9.970839619636535645e-01 6.119652986526489258e-01 6.030470132827758789e-01 nan 9.971321821212768555e-01 2.832639362862025791e+02
6.105307838879525661e-04 4.127188003621995449e-04 2.365625794166928840e-09 9.965410232543945312e-01 9.964740276336669922e-01 5.492408275604248047e-01 5.392025113105773926e-01 nan 9.965307116508483887e-01 3.113211445099840375e+02
6.741464603692293167e-04 4.557229985948652029e-04 2.357433293568910220e-09 9.958217740058898926e-01 9.957435727119445801e-01 4.815376996994018555e-01 4.704334437847137451e-01 nan 9.958098530769348145e-01 3.420751739317893225e+02
7.443906506523489952e-04 5.032080807723104954e-04 2.349269171114912410e-09 9.949623346328735352e-01 9.948717951774597168e-01 4.105801284313201904e-01 3.985518813133239746e-01 nan 9.949485063552856445e-01 3.757609179388387020e+02
8.219541050493717194e-04 5.556409596465528011e-04 2.341133324843220307e-09 9.939389824867248535e-01 9.938352108001708984e-01 3.389421403408050537e-01 3.262371718883514404e-01 nan 9.939231276512145996e-01 4.126271542466101323e+02
9.075994603335857391e-04 6.135372095741331577e-04 2.333025652639057309e-09 9.927255511283874512e-01 9.926080703735351562e-01 2.700103819370269775e-01 2.569864094257354736e-01 nan 9.927077293395996094e-01 4.529359451446258049e+02
1.002168864943087101e-03 6.774661596864461899e-04 2.324946049885245546e-09 9.912934899330139160e-01 9.911623597145080566e-01 2.077043801546096802e-01 1.948113888502120972e-01 nan 9.912734031677246094e-01 4.969616976521610923e+02
1.106592128053307533e-03 7.480562780983746052e-04 2.316894434325377400e-09 9.896116256713867188e-01 9.894675612449645996e-01 1.558547765016555786e-01 1.435851007699966431e-01 nan 9.895896911621093750e-01 5.449893894491427773e+02
1.221895916387438774e-03 8.260016329586505890e-04 2.308870708568745277e-09 9.876470565795898438e-01 9.874913096427917480e-01 1.172227486968040466e-01 1.060275658965110779e-01 nan 9.876232743263244629e-01 5.973130859669884103e+02
1.349214115180075169e-03 9.120687609538435936e-04 2.300874762407135126e-09 9.853644371032714844e-01 9.851992726325988770e-01 9.234052896499633789e-02 8.253081887960433960e-02 nan 9.853392243385314941e-01 6.542327709387120649e+02
1.489798538386821747e-03 1.007103826850652695e-03 2.292906509188567727e-09 9.827265739440917969e-01 9.825541377067565918e-01 7.867223024368286133e-02 7.034778594970703125e-02 nan 9.827002286911010742e-01 7.160509905591561619e+02
1.645031501539051533e-03 1.112041296437382698e-03 2.284965850418265676e-09 9.796931743621826172e-01 9.795153737068176270e-01 7.088475674390792847e-02 6.395038217306137085e-02 nan 9.796660542488098145e-01 7.830666701191843231e+02
1.816439209505915642e-03 1.227912958711385727e-03 2.277052691606405739e-09 9.762207269668579102e-01 9.760382771492004395e-01 6.289264559745788574e-02 5.719007179141044617e-02 nan 9.761928319931030273e-01 8.555682505725709461e+02
2.005707239732146263e-03 1.355858054012060165e-03 2.269166941709029953e-09 9.722610116004943848e-01 9.720728397369384766e-01 5.128860101103782654e-02 4.677081108093261719e-02 nan 9.722322821617126465e-01 9.338226200518790847e+02
2.214696491137146950e-03 1.497134799137711525e-03 2.261308494449764354e-09 9.677615165710449219e-01 9.675642251968383789e-01 3.784472495317459106e-02 3.460250422358512878e-02 nan 9.677314162254333496e-01 1.018064625694880874e+03
2.445461694151163101e-03 1.653132145293056965e-03 2.253477264686429142e-09 9.626656770706176758e-01 9.624539613723754883e-01 2.775032818317413330e-02 2.576334588229656219e-02 nan 9.626333713531494141e-01 1.108484566385552625e+03
2.700272016227245331e-03 1.825383864343166351e-03 2.245673160886940457e-09 9.569136500358581543e-01 9.566816687583923340e-01 2.342639677226543427e-02 2.228241786360740662e-02 nan 9.568781852722167969e-01 1.205214026228507009e+03
2.981632947921752930e-03 2.015583915635943413e-03 2.237896076485985185e-09 9.504429697990417480e-01 9.501859545707702637e-01 2.088365145027637482e-02 1.815328188240528107e-02 nan 9.504036903381347656e-01 1.308310554715883427e+03
3.292310982942581177e-03 2.225602278485894203e-03 2.230145925871712440e-09 9.431886076927185059e-01 9.429029226303100586e-01 1.599520072340965271e-02 1.477624569088220596e-02 nan 9.431449770927429199e-01 1.417737557434913924e+03
3.635360859334468842e-03 2.457503927871584892e-03 2.222422616889744185e-09 9.350830316543579102e-01 9.347648024559020996e-01 1.185977086424827576e-02 1.201565284281969070e-02 nan 9.350343942642211914e-01 1.533342504542124061e+03
4.014155361801385880e-03 2.713568974286317825e-03 2.214726058195065524e-09 9.260566830635070801e-01 9.256998896598815918e-01 1.095357164740562439e-02 9.760188870131969452e-03 nan 9.260020852088928223e-01 1.654832160882038124e+03
4.432419314980506897e-03 2.996315481141209602e-03 2.207056148657132701e-09 9.160385131835937500e-01 9.156338572502136230e-01 8.813611231744289398e-03 7.918716408312320709e-03 nan 9.159767031669616699e-01 1.781748289039203200e+03
4.894265439361333847e-03 3.308523446321487427e-03 2.199412800139309644e-09 9.049569964408874512e-01 9.044930338859558105e-01 6.876369938254356384e-03 6.416316609829664230e-03 nan 9.048861265182495117e-01 1.913439788167343295e+03
5.404234398156404495e-03 3.653262509033083916e-03 2.191795924301313793e-09 8.927397727966308594e-01 8.922052383422851562e-01 6.201358046382665634e-03 5.191519856452941895e-03 nan 8.926580548286437988e-01 2.049031982185395009e+03
5.967340432107448578e-03 4.033922217786312103e-03 2.184205430909534259e-09 8.793144226074218750e-01 8.786965608596801758e-01 4.300223663449287415e-03 4.193959757685661316e-03 nan 8.792200088500976562e-01 2.187395656683635480e+03
6.589121185243129730e-03 4.454245790839195251e-03 2.176641221197925960e-09 8.646087646484375000e-01 8.638899922370910645e-01 3.671343903988599777e-03 3.382247174158692360e-03 nan 8.644989132881164551e-01 2.327117156725812038e+03
7.275689393281936646e-03 4.918366204947233200e-03 2.169103203027300791e-09 8.485507369041442871e-01 8.477111458778381348e-01 2.963383449241518974e-03 2.722487784922122955e-03 nan 8.484225273132324219e-01 2.466463406921786373e+03
8.033796213567256927e-03 5.430846009403467178e-03 2.161591299930936394e-09 8.310690522193908691e-01 8.300864696502685547e-01 2.194107975810766220e-03 2.186876488849520683e-03 nan 8.309189677238464355e-01 2.603354128425801264e+03
8.870895951986312866e-03 5.996725521981716156e-03 2.154105401952956366e-09 8.120923638343811035e-01 8.109394907951354980e-01 1.988673582673072815e-03 1.752616371959447861e-03 nan 8.119162321090698242e-01 2.735331160281228222e+03
9.795218706130981445e-03 6.621567998081445694e-03 2.146645430474833453e-09 7.915512919425964355e-01 7.901980280876159668e-01 1.524102990515530109e-03 1.401040819473564625e-03 nan 7.913445830345153809e-01 2.859546965171366992e+03
1.081585418432950974e-02 7.311517372727394104e-03 2.139211293795359687e-09 7.693772315979003906e-01 7.677884101867675781e-01 1.205805223435163498e-03 1.116852625273168087e-03 nan 7.691345810890197754e-01 2.972746006588581622e+03
1.194283645600080490e-02 8.073357865214347839e-03 2.131802900090153706e-09 7.455045580863952637e-01 7.436417341232299805e-01 9.659452480264008045e-04 8.875352214090526104e-04 nan 7.452199459075927734e-01 3.071282471232368152e+03
1.318724639713764191e-02 8.914578706026077271e-03 2.124420174276236449e-09 7.198745012283325195e-01 7.176950573921203613e-01 7.688076002523303032e-04 7.028516847640275955e-04 nan 7.195414900779724121e-01 3.151176606531785183e+03
1.456132158637046814e-02 9.843453764915466309e-03 2.117063005254935590e-09 6.924386620521545410e-01 6.898979544639587402e-01 5.943872383795678616e-04 5.544362356886267662e-04 nan 6.920504570007324219e-01 3.208203184407322169e+03
1.607857085764408112e-02 1.086911372840404510e-02 2.109731324472420402e-09 6.631686091423034668e-01 6.602212786674499512e-01 4.319478757679462433e-04 4.354596312623471022e-04 nan 6.627182364463806152e-01 3.238076752303383728e+03
1.775391399860382080e-02 1.200164575129747391e-02 2.102425026951150955e-09 6.320672035217285156e-01 6.286702752113342285e-01 3.579461772460490465e-04 3.403530572541058064e-04 nan 6.315482258796691895e-01 3.236724757781470089e+03
1.960382424294948578e-02 1.325218472629785538e-02 2.095144031049849183e-09 5.991868376731872559e-01 5.953045487403869629e-01 2.610269293654710054e-04 2.645810891408473253e-04 nan 5.985937118530273438e-01 3.200691883702682389e+03
2.164648845791816711e-02 1.463302597403526306e-02 2.087888252770266929e-09 5.646530389785766602e-01 5.602628588676452637e-01 2.216623252024874091e-04 2.044535358436405659e-04 nan 5.639823079109191895e-01 3.127682472741938454e+03
2.390199340879917145e-02 1.615774817764759064e-02 2.080657597354892904e-09 5.286931991577148438e-01 5.237946510314941406e-01 1.757440040819346905e-04 1.569710293551906943e-04 nan 5.279448628425598145e-01 3.017219123412520275e+03
2.639251388609409332e-02 1.784133911132812500e-02 2.073451995948668221e-09 4.916695356369018555e-01 4.862940609455108643e-01 1.137440558522939682e-04 1.196959565277211368e-04 nan 4.908483028411865234e-01 2.871349160941292212e+03
2.914254181087017059e-02 1.970035769045352936e-02 2.066271340052806293e-09 4.541088938713073730e-01 4.483309388160705566e-01 8.978235564427450299e-05 9.064587356988340616e-05 nan 4.532261788845062256e-01 2.695252124432869095e+03
3.217911347746849060e-02 2.175308018922805786e-02 2.059115554147728899e-09 4.167194664478302002e-01 4.106669127941131592e-01 7.023855141596868634e-05 6.820452836109325290e-05 nan 4.157947897911071777e-01 2.497508878622073553e+03
3.553209081292152405e-02 2.401969395577907562e-02 2.051984539888671147e-09 3.803768754005432129e-01 3.742364645004272461e-01 5.378781497711315751e-05 5.104792217025533319e-05 nan 3.794387280941009521e-01 2.289747915093222673e+03
3.923443704843521118e-02 2.652247995138168335e-02 2.044878229365854235e-09 3.460579514503479004e-01 3.400712311267852783e-01 3.974900391767732799e-05 3.808380279224365950e-05 nan 3.451432883739471436e-01 2.085437384038503751e+03
4.332255572080612183e-02 2.928604744374752045e-02 2.037796533657790378e-09 3.146997094154357910e-01 3.091426491737365723e-01 2.905624751292634755e-05 2.840351044142153114e-05 nan 3.138507604598999023e-01 1.897720411062020958e+03
4.765481501817703247e-02 3.221465647220611572e-02 2.031010053452367756e-09 2.878920435905456543e-01 2.830017209053039551e-01 2.247053635073825717e-05 2.147682607755996287e-05 nan 2.871449291706085205e-01 1.741176624450577265e+03
5.198707059025764465e-02 3.514325991272926331e-02 2.024834231214258902e-09 2.666682004928588867e-01 2.625521421432495117e-01 1.749404145812150091e-05 1.672038524702657014e-05 nan 2.660393714904785156e-01 1.624770256289763438e+03
5.631932616233825684e-02 3.807186335325241089e-02 2.019169610001785353e-09 2.493161708116531372e-01 2.459694594144821167e-01 1.394085211359197274e-05 1.332431020273361355e-05 nan 2.488048970699310303e-01 1.534248833648934351e+03
6.065158173441886902e-02 4.100047051906585693e-02 2.013939112582009273e-09 2.346306443214416504e-01 2.319539487361907959e-01 1.131612316385144368e-05 1.081564641935983673e-05 nan 2.342217266559600830e-01 1.459562175929356954e+03
6.498383730649948120e-02 4.392907395958900452e-02 2.009081821590703985e-09 2.214831560850143433e-01 2.193132042884826660e-01 9.307673281000461429e-06 8.896014151105191559e-06 nan 2.211516350507736206e-01 1.390109525077566104e+03
6.931609660387039185e-02 4.685768112540245056e-02 2.004548729015451583e-09 2.090467959642410278e-01 2.071919590234756470e-01 7.722380360064562410e-06 7.380832357739564031e-06 nan 2.087634354829788208e-01 1.317960496579260052e+03
7.364834845066070557e-02 4.978628456592559814e-02 2.000299865353250301e-09 1.968365311622619629e-01 1.951114833354949951e-01 6.441129244194598868e-06 6.156249583000317216e-06 nan 1.965729892253875732e-01 1.238894134244804491e+03
7.798060774803161621e-02 5.271489173173904419e-02 1.996302173696350216e-09 1.847222000360488892e-01 1.829764395952224731e-01 5.391109880292788148e-06 5.152674020791891962e-06 nan 1.844554841518402100e-01 1.152964021149523660e+03
8.231285959482192993e-02 5.564349144697189331e-02 1.992528044667567094e-09 1.728379130363464355e-01 1.709742844104766846e-01 4.526268639892805368e-06 4.326087946537882090e-06 nan 1.725531965494155884e-01 1.063444399312575115e+03
8.664511889219284058e-02 5.857209861278533936e-02 1.988954134422163219e-09 1.614497452974319458e-01 1.594309508800506592e-01 3.814722276729298756e-06 3.646015102276578546e-06 nan 1.611413210630416870e-01 9.750081389016477260e+02
9.097737073898315430e-02 6.150070205330848694e-02 1.985560585482697045e-09 1.508368402719497681e-01 1.486809700727462769e-01 3.231671826142701320e-06 3.088753828706103377e-06 nan 1.505074799060821533e-01 8.920640005358244480e+02
9.636187553405761719e-02 6.514062732458114624e-02 1.981568674123380254e-09 1.391046494245529175e-01 1.368650645017623901e-01 2.655766593306907453e-06 2.538320359235513024e-06 nan 1.387625038623809814e-01 8.019776896252340066e+02
1.017463728785514832e-01 6.878054887056350708e-02 1.977801256732118934e-09 1.293120831251144409e-01 1.271206885576248169e-01 2.214118921983754262e-06 2.116204996127635241e-06 nan 1.289772838354110718e-01 7.303725982864699517e+02
1.071308776736259460e-01 7.242047041654586792e-02 1.974234781265857972e-09 1.215089410543441772e-01 1.194926276803016663e-01 1.876744590845191851e-06 1.793749220269091893e-06 nan 1.212008893489837646e-01 6.777890719865830533e+02
1.125153750181198120e-01 7.606039196252822876e-02 1.970849203820953451e-09 1.153606697916984558e-01 1.136054694652557373e-01 1.615695737200439908e-06 1.544242991258215625e-06 nan 1.150925084948539734e-01 6.405387523866096444e+02
1.178998723626136780e-01 7.970031350851058960e-02 1.967627323526894450e-09 1.103050634264945984e-01 1.088376045227050781e-01 1.407443278367281891e-06 1.345198484159482177e-06 nan 1.100808605551719666e-01 6.126489529618201004e+02
1.232843771576881409e-01 8.334024250507354736e-02 1.964554264128985100e-09 1.057841926813125610e-01 1.045724153518676758e-01 1.234805040439823642e-06 1.180193635264004115e-06 nan 1.055990606546401978e-01 5.882721213082908207e+02
1.286688745021820068e-01 8.698015660047531128e-02 1.961617102724775952e-09 1.013647839426994324e-01 1.003342792391777039e-01 1.086487941392988432e-06 1.038435357259004377e-06 nan 1.012073457241058350e-01 5.628939811844179530e+02
1.340533792972564697e-01 9.062008559703826904e-02 1.958804483640675406e-09 9.677987545728683472e-02 9.583884477615356445e-02 9.557516023050993681e-07 9.134809033639612608e-07 nan 9.663610160350799561e-02 5.338307491016327049e+02
1.394378840923309326e-01 9.426000714302062988e-02 1.956106446915437174e-09 9.196019917726516724e-02 9.102496504783630371e-02 8.393077450818964280e-07 8.021874577934795525e-07 nan 9.181731194257736206e-02 5.006540582232711927e+02
1.448223739862442017e-01 9.789992123842239380e-02 1.953514161287429418e-09 8.701696991920471191e-02 8.603121340274810791e-02 7.360924882959807292e-07 7.035376938802073710e-07 nan 8.686637133359909058e-02 4.649698059628419173e+02
1.502068787813186646e-01 1.015398502349853516e-01 1.951019758654691563e-09 8.216250687837600708e-02 8.110630512237548828e-02 6.459291626015328802e-07 6.173626729832903948e-07 nan 8.200114220380783081e-02 4.294014456500419783e+02
1.555913835763931274e-01 1.051797717809677124e-01 1.948616241255242070e-09 7.763123512268066406e-02 7.651925086975097656e-02 5.686588337994180620e-07 5.435102821138571016e-07 nan 7.746134698390960693e-02 3.965970817833976412e+02
1.609758734703063965e-01 1.088196933269500732e-01 1.946297314463125787e-09 7.362299412488937378e-02 7.249421626329421997e-02 5.037406367591756862e-07 4.814633030036929995e-07 nan 7.345053553581237793e-02 3.686052525907913946e+02
1.663603782653808594e-01 1.124596148729324341e-01 1.944057316713681798e-09 7.024328410625457764e-02 6.914611905813217163e-02 4.499873966778977774e-07 4.300873115425929427e-07 nan 7.007566094398498535e-02 3.463643524007702013e+02
1.717448830604553223e-01 1.160995438694953918e-01 1.941891129256332855e-09 6.746399402618408203e-02 6.644143909215927124e-02 4.055397369029378751e-07 3.876051550832926296e-07 nan 6.730777025222778320e-02 3.294711512570407876e+02
1.771293878555297852e-01 1.197394654154777527e-01 1.939794125595426991e-09 6.514992564916610718e-02 6.422868371009826660e-02 3.682431213292147731e-07 3.519576239341404289e-07 nan 6.500918418169021606e-02 3.165474155961260294e+02
1.825138777494430542e-01 1.233793795108795166e-01 1.937762091126241291e-09 6.312465667724609375e-02 6.231027096509933472e-02 3.361224969467002666e-07 3.212572323718632106e-07 nan 6.300023943185806274e-02 3.058856435979415096e+02
1.878983825445175171e-01 1.270193010568618774e-01 1.935791175107242678e-09 6.121687963604927063e-02 6.049521267414093018e-02 3.076057737416704185e-07 2.940014951491320971e-07 nan 6.110662221908569336e-02 2.958615589163739514e+02
1.932828873395919800e-01 1.306592375040054321e-01 1.933877861004656685e-09 5.928587540984153748e-02 5.862933769822120667e-02 2.815686741541867377e-07 2.691157590106740827e-07 nan 5.918557196855545044e-02 2.851606224236999196e+02
1.986673772335052490e-01 1.342991441488265991e-01 1.932018951816384183e-09 5.725088715553283691e-02 5.662710592150688171e-02 2.573719370957405772e-07 2.459891561557014938e-07 nan 5.715559050440788269e-02 2.730656157696544142e+02
2.040518820285797119e-01 1.379390656948089600e-01 1.930211465507478933e-09 5.510977655649185181e-02 5.449017882347106934e-02 2.348304093402475701e-07 2.244446619670270593e-07 nan 5.501511320471763611e-02 2.596374994170797663e+02
2.094363868236541748e-01 1.415790021419525146e-01 1.928452677645768952e-09 5.292225629091262817e-02 5.228831246495246887e-02 2.140367314495961182e-07 2.045707248043981963e-07 nan 5.282540619373321533e-02 2.455287981580477776e+02
2.148208767175674438e-01 1.452189087867736816e-01 1.926740094380007882e-09 5.077438801527023315e-02 5.012027546763420105e-02 1.951558061819014256e-07 1.865249430466064950e-07 nan 5.067445710301399231e-02 2.316080648758765506e+02
2.202053815126419067e-01 1.488588303327560425e-01 1.925071368159055733e-09 4.875220358371734619e-02 4.808386042714118958e-02 1.783074310424126452e-07 1.704217993392376229e-07 nan 4.865009710192680359e-02 2.186894956304419964e+02
2.255898863077163696e-01 1.524987667798995972e-01 1.923444343781293656e-09 4.692333191633224487e-02 4.625476896762847900e-02 1.635093411778143491e-07 1.562781903885479551e-07 nan 4.682119190692901611e-02 2.073679105341514060e+02
2.309743911027908325e-01 1.561386883258819580e-01 1.921857033120720865e-09 4.531911015510559082e-02 4.466729238629341125e-02 1.506390248096067808e-07 1.439770898059578030e-07 nan 4.521953314542770386e-02 1.978847474853056951e+02
2.363588809967041016e-01 1.597786098718643188e-01 1.920307567935778733e-09 4.392815008759498596e-02 4.330799728631973267e-02 1.394447082248007064e-07 1.332777941343010752e-07 nan 4.383340105414390564e-02 1.901048485984887577e+02
2.417433857917785645e-01 1.634185314178466797e-01 1.918794213956308179e-09 4.270787537097930908e-02 4.212861508131027222e-02 1.296108820270092110e-07 1.238788200907947612e-07 nan 4.261937737464904785e-02 1.836384473316034018e+02
2.471278905868530273e-01 1.670584529638290405e-01 1.917315352832477265e-09 4.160027951002120972e-02 4.106383398175239563e-02 1.208211699577077525e-07 1.154777891088087927e-07 nan 4.151832312345504761e-02 1.779805127441534296e+02
2.525123953819274902e-01 1.706983745098114014e-01 1.915869472055197894e-09 4.054265096783638000e-02 4.004413262009620667e-02 1.127923567878497124e-07 1.078040057223006443e-07 nan 4.046649113297462463e-02 1.725987229406216841e+02
2.578969001770019531e-01 1.743383109569549561e-01 1.914455150219987163e-09 3.948099538683891296e-02 3.901083394885063171e-02 1.053067535394802690e-07 1.006494301236671163e-07 nan 3.940916806459426880e-02 1.670444986568855370e+02
2.632813751697540283e-01 1.779782027006149292e-01 1.913071083197014340e-09 3.838696703314781189e-02 3.793383389711380005e-02 9.824510982525680447e-08 9.390009836351964623e-08 nan 3.831774368882179260e-02 1.610955136622294219e+02
2.686658799648284912e-01 1.816181391477584839e-01 1.911715991580206360e-09 3.726332634687423706e-02 3.681710362434387207e-02 9.158232927575227222e-08 8.753200120281690033e-08 nan 3.719515353441238403e-02 1.547974381013257812e+02
2.740503847599029541e-01 1.852580606937408447e-01 1.910388727493893778e-09 3.613236546516418457e-02 3.568624705076217651e-02 8.534223638889670838e-08 8.156789732538527460e-08 nan 3.606420755386352539e-02 1.483575375119290527e+02
2.794348895549774170e-01 1.888979822397232056e-01 1.909088184011114833e-09 3.502167016267776489e-02 3.457318618893623352e-02 7.955571135198624688e-08 7.603731688732295879e-08 nan 3.495315462350845337e-02 1.420185242515651680e+02
2.848193943500518799e-01 1.925379037857055664e-01 1.907813323590368924e-09 3.395894542336463928e-02 3.350968286395072937e-02 7.424731052196875680e-08 7.096370069348267862e-08 nan 3.389031067490577698e-02 1.360123757599221790e+02
2.902038991451263428e-01 1.961778402328491211e-01 1.906563162582237113e-09 3.296939656138420105e-02 3.252384066581726074e-02 6.943045605112274643e-08 6.635988825109961908e-08 nan 3.290132805705070496e-02 1.305392511786164960e+02
2.955884039402008057e-01 1.998177617788314819e-01 1.905336787226579552e-09 3.206803649663925171e-02 3.163185343146324158e-02 6.509340977345345891e-08 6.221465298494877061e-08 nan 3.200139477849006653e-02 1.257096119444237132e+02
3.009728789329528809e-01 2.034576684236526489e-01 1.904133323856378078e-09 3.125270083546638489e-02 3.083104081451892853e-02 6.118997220028177253e-08 5.848383466400264297e-08 nan 3.118827939033508301e-02 1.214966948125262007e+02
3.063573837280273438e-01 2.070975899696350098e-01 1.902951936232507350e-09 3.050693683326244354e-02 3.010313399136066437e-02 5.765110699940123595e-08 5.510145939524591086e-08 nan 3.044524416327476501e-02 1.177654821095489268e+02
3.117418885231018066e-01 2.107375115156173706e-01 1.901791846628511990e-09 2.980931662023067474e-02 2.942428179085254669e-02 5.440643491283481126e-08 5.200027786145255959e-08 nan 2.975049056112766266e-02 1.143475348428673328e+02
3.171263933181762695e-01 2.143774479627609253e-01 1.900652308391623192e-09 2.913977764546871185e-02 2.877204865217208862e-02 5.139621706007346802e-08 4.912318019023587112e-08 nan 2.908359654247760773e-02 1.110892824729976667e+02
3.225108981132507324e-01 2.180173695087432861e-01 1.899532626729035332e-09 2.848123200237751007e-02 2.812765166163444519e-02 4.857291813209485554e-08 4.642473783178502345e-08 nan 2.842721343040466309e-02 1.078632028751626990e+02
3.278954029083251953e-01 2.216572910547256470e-01 1.898432128189829179e-09 2.782166935503482819e-02 2.747833542525768280e-02 4.590308932961306709e-08 4.387298346841816965e-08 nan 2.776921540498733521e-02 1.045830793953748810e+02
3.332799077033996582e-01 2.252972126007080078e-01 1.897350177081271127e-09 2.715779282152652740e-02 2.682103961706161499e-02 4.337118397756967170e-08 4.145305609881688724e-08 nan 2.710634656250476837e-02 1.012302226682222823e+02
3.386643826961517334e-01 2.289371192455291748e-01 1.896286172945125672e-09 2.649563364684581757e-02 2.616282366216182709e-02 4.097780603729006543e-08 3.916553481531082070e-08 nan 2.644478902220726013e-02 9.785581612988568168e+01
3.440488874912261963e-01 2.325770407915115356e-01 1.895239531240720810e-09 2.584615349769592285e-02 2.551605738699436188e-02 3.873058318504263298e-08 3.701769912822783226e-08 nan 2.579572051763534546e-02 9.454547248269793158e+01
3.494333922863006592e-01 2.362169772386550903e-01 1.894209703480833635e-09 2.521977014839649200e-02 2.489257603883743286e-02 3.663501502160215750e-08 3.501481415923990426e-08 nan 2.516978234052658081e-02 9.137751639991388686e+01
3.548178970813751221e-01 2.398568987846374512e-01 1.893196174858241155e-09 2.462395653128623962e-02 2.430091053247451782e-02 3.469130405164833064e-08 3.315706820217201312e-08 nan 2.457460202276706696e-02 8.840594501475250411e+01
3.602024018764495850e-01 2.434968203306198120e-01 1.892198441798694543e-09 2.406311966478824615e-02 2.374598756432533264e-02 3.289488148539021495e-08 3.144009497191291302e-08 nan 2.401466853916645050e-02 8.566073547484712947e+01
3.655869066715240479e-01 2.471367418766021729e-01 1.891216027459402332e-09 2.353803440928459167e-02 2.322853729128837585e-02 3.123638592228417110e-08 2.985494518270570552e-08 nan 2.349074929952621460e-02 8.314513280675066653e+01
3.709714114665985107e-01 2.507766783237457275e-01 1.890248472221847833e-09 2.304497174918651581e-02 2.274430356919765472e-02 2.970123524903556245e-08 2.838768153878845624e-08 nan 2.299903519451618195e-02 8.083069956551993585e+01
3.763558864593505859e-01 2.544165849685668945e-01 1.889295352117686434e-09 2.257668972015380859e-02 2.228528074920177460e-02 2.827170320074401388e-08 2.702136647769748379e-08 nan 2.253216877579689026e-02 7.866539522650310801e+01
3.817403912544250488e-01 2.580564916133880615e-01 1.888356242191734645e-09 2.212534658610820770e-02 2.184282056987285614e-02 2.693101919248874765e-08 2.573997903709823731e-08 nan 2.208218351006507874e-02 7.659437452605783392e+01
3.871248960494995117e-01 2.616964280605316162e-01 1.887430735669950155e-09 2.168478071689605713e-02 2.141013555228710175e-02 2.566605594722659589e-08 2.453095682142247824e-08 nan 2.164282090961933136e-02 7.457560863788471295e+01
3.925094008445739746e-01 2.653363645076751709e-01 1.886518457772270655e-09 2.125086262822151184e-02 2.098276466131210327e-02 2.446730995586676727e-08 2.338522264722087129e-08 nan 2.120990306138992310e-02 7.258198980507738440e+01
3.978939056396484375e-01 2.689762711524963379e-01 1.885619049100158659e-09 2.082147076725959778e-02 2.055858820676803589e-02 2.332844850627679989e-08 2.229673157216893742e-08 nan 2.078130841255187988e-02 7.060064306810238577e+01
4.032784104347229004e-01 2.726162075996398926e-01 1.884732143174389957e-09 2.039711363613605499e-02 2.013838291168212891e-02 2.224659567673370475e-08 2.126272491409508802e-08 nan 2.035758458077907562e-02 6.863673678725034222e+01
4.086629152297973633e-01 2.762561440467834473e-01 1.883857409814700777e-09 1.998086646199226379e-02 1.972567476332187653e-02 2.122181186337002146e-08 2.028326306913186272e-08 nan 1.994187943637371063e-02 6.671239701531561650e+01
4.140473902225494385e-01 2.798960208892822266e-01 1.882994538868699288e-09 1.957654953002929688e-02 1.932475529611110687e-02 2.025481116163518891e-08 1.935902993466243061e-08 nan 1.953808218240737915e-02 6.485388858541240609e+01
4.194318950176239014e-01 2.835359573364257812e-01 1.882143190604211824e-09 1.918676495552062988e-02 1.893861591815948486e-02 1.934487592336608941e-08 1.848933628423310438e-08 nan 1.914885267615318298e-02 6.307863168909698004e+01
4.248163998126983643e-01 2.871758937835693359e-01 1.881303079826970542e-09 1.881271786987781525e-02 1.856869645416736603e-02 1.848985142771653045e-08 1.767212687298069795e-08 nan 1.877543702721595764e-02 6.139426015008696425e+01
4.302009046077728271e-01 2.908158004283905029e-01 1.880473925305205483e-09 1.845489442348480225e-02 1.821552217006683350e-02 1.768697011073072645e-08 1.690475492921450495e-08 nan 1.841832324862480164e-02 5.980346896802991807e+01
4.355854094028472900e-01 2.944557368755340576e-01 1.879655436356054805e-09 1.811282709240913391e-02 1.787850633263587952e-02 1.693271478586666490e-08 1.618385603308070131e-08 nan 1.807702705264091492e-02 5.830270353107848536e+01
4.409699141979217529e-01 2.980956733226776123e-01 1.878847353036435648e-09 1.778445206582546234e-02 1.755535416305065155e-02 1.622233902764946833e-08 1.550489692192513758e-08 nan 1.774945110082626343e-02 5.687823275956894520e+01
4.463544189929962158e-01 3.017355799674987793e-01 1.878049424887222573e-09 1.746671833097934723e-02 1.724275387823581696e-02 1.555058481983451202e-08 1.486285139407073075e-08 nan 1.743249967694282532e-02 5.551036736843333586e+01
4.517388939857482910e-01 3.053754866123199463e-01 1.877261397654174740e-09 1.715708710253238678e-02 1.693794503808021545e-02 1.491307521916951373e-08 1.425353435280385384e-08 nan 1.712360605597496033e-02 5.418311439242286554e+01
4.571233987808227539e-01 3.090154230594635010e-01 1.876483026309890802e-09 1.685415953397750854e-02 1.663938723504543304e-02 1.430674956282018684e-08 1.367402369112369342e-08 nan 1.682134717702865601e-02 5.288797892831804148e+01
4.625079035758972168e-01 3.126553297042846680e-01 1.875714093387305177e-09 1.655713655054569244e-02 1.634624041616916656e-02 1.372928792875427462e-08 1.312210073933783860e-08 nan 1.652491465210914612e-02 5.162034574280895072e+01
4.678924083709716797e-01 3.162952661514282227e-01 1.874954364165268396e-09 1.626549847424030304e-02 1.605804823338985443e-02 1.317878162154784150e-08 1.259594206715064502e-08 nan 1.623380370438098907e-02 5.037743901171162264e+01
4.732769131660461426e-01 3.199352025985717773e-01 1.874203630559428286e-09 1.597947627305984497e-02 1.577516645193099976e-02 1.265405114025952571e-08 1.209441791161225410e-08 nan 1.594826206564903259e-02 4.916112766232730280e+01
4.786614179611206055e-01 3.235751092433929443e-01 1.873461691551420399e-09 1.570019870996475220e-02 1.549887657165527344e-02 1.215467460013996970e-08 1.161712592789854170e-08 nan 1.566944085061550140e-02 4.797866277542607349e+01
4.840458929538726807e-01 3.272150158882141113e-01 1.872728340933758753e-09 1.542892120778560638e-02 1.523057743906974792e-02 1.168033048060124202e-08 1.116376147081155068e-08 nan 1.539861690253019333e-02 4.683786371561478035e+01
4.894303977489471436e-01 3.308549523353576660e-01 1.872003379495005729e-09 1.516619324684143066e-02 1.497091073542833328e-02 1.123015991311149264e-08 1.073349853442095991e-08 nan 1.513635832816362381e-02 4.574202790949451725e+01
4.948149025440216064e-01 3.344948589801788330e-01 1.871286632213937058e-09 1.491185743361711502e-02 1.471976004540920258e-02 1.080281730736487589e-08 1.032505725362398152e-08 nan 1.488250959664583206e-02 4.469008703569107155e+01
5.001994371414184570e-01 3.381348252296447754e-01 1.870577900826693527e-09 1.466558501124382019e-02 1.447677891701459885e-02 1.039691532866982016e-08 9.937105360791065323e-09 nan 1.463674101978540421e-02 4.367997686960458026e+01
5.055838823318481445e-01 3.417747020721435547e-01 1.869877039368293133e-09 1.442703511565923691e-02 1.424156781286001205e-02 1.001113592025149046e-08 9.568386971636755334e-09 nan 1.439870055764913559e-02 4.270956135860571123e+01
5.109683871269226074e-01 3.454146385192871094e-01 1.869183849789121820e-09 1.419553812593221664e-02 1.401337981224060059e-02 9.644022469501578598e-09 9.217509422398961760e-09 nan 1.416770834475755692e-02 4.177480391870863485e+01
5.163528919219970703e-01 3.490545451641082764e-01 1.868498185335105332e-09 1.397001557052135468e-02 1.379106007516384125e-02 9.293936287235737836e-09 8.882905078166913881e-09 nan 1.394267566502094269e-02 4.086935024076110068e+01
5.217373967170715332e-01 3.526944816112518311e-01 1.867819876059786520e-09 1.374947745352983475e-02 1.357355993241071701e-02 8.959408326347784168e-09 8.563173281572744600e-09 nan 1.372260134667158127e-02 3.998747571182934735e+01
5.271219015121459961e-01 3.563344180583953857e-01 1.867148773833358248e-09 1.353350002318620682e-02 1.336043514311313629e-02 8.639439386115554953e-09 8.257353911744758079e-09 nan 1.350705884397029877e-02 3.912684977117965701e+01
5.325064063072204590e-01 3.599743247032165527e-01 1.866484735032350672e-09 1.332207862287759781e-02 1.315168570727109909e-02 8.333350898226399295e-09 7.964803039328671730e-09 nan 1.329604722559452057e-02 3.828757707279081046e+01
5.378909111022949219e-01 3.636142611503601074e-01 1.865827604301946768e-09 1.311518717557191849e-02 1.294731814414262772e-02 8.040495380612355802e-09 7.684898939430695464e-09 nan 1.308954041451215744e-02 3.746962118135844833e+01
5.432754158973693848e-01 3.672541677951812744e-01 1.865177252290424566e-09 1.291274745017290115e-02 1.274729520082473755e-02 7.760225351205463085e-09 7.417023439870717993e-09 nan 1.288747042417526245e-02 3.667263353402320547e+01
5.486599206924438477e-01 3.708941042423248291e-01 1.864533532427482462e-09 1.271492615342140198e-02 1.255183760076761246e-02 7.492075404513798276e-09 7.160734671884938507e-09 nan 1.269000954926013947e-02 3.589762960519002633e+01
5.540444254875183105e-01 3.745340406894683838e-01 1.863896318172137942e-09 1.252210605889558792e-02 1.236136350780725479e-02 7.235728904930738281e-09 6.915724881650930911e-09 nan 1.249754708260297775e-02 3.514679729208619818e+01
5.594289302825927734e-01 3.781739473342895508e-01 1.863265486641235488e-09 1.233444456011056900e-02 1.217604987323284149e-02 6.990746204138531539e-09 6.681575737133016446e-09 nan 1.231024507433176041e-02 3.442100052501675833e+01
5.648134350776672363e-01 3.818138837814331055e-01 1.862640903204479876e-09 1.215168554335832596e-02 1.199564617127180099e-02 6.756478043712377257e-09 6.457668177972664125e-09 nan 1.212784741073846817e-02 3.371878146590182723e+01
5.701979398727416992e-01 3.854538202285766602e-01 1.862022452330667509e-09 1.197347231209278107e-02 1.181978359818458557e-02 6.532253848945401842e-09 6.243360939350850458e-09 nan 1.194999273866415024e-02 3.303812782810546622e+01
5.755824446678161621e-01 3.890937268733978271e-01 1.861410021730888845e-09 1.179962977766990662e-02 1.164826750755310059e-02 6.317541600964204918e-09 6.038143762765457723e-09 nan 1.177650410681962967e-02 3.237806910435232055e+01
5.809668898582458496e-01 3.927336037158966064e-01 1.860803497296447543e-09 1.162999682128429413e-02 1.148091349750757217e-02 6.111843031675334714e-09 5.841542805029575902e-09 nan 1.160722039639949799e-02 3.173771970398077968e+01
5.863513946533203125e-01 3.963735401630401611e-01 1.860202753428811389e-09 1.146420743316411972e-02 1.131733413785696030e-02 5.914580825105986150e-09 5.653005175076941669e-09 nan 1.144176907837390900e-02 3.111508357822219395e+01
5.917358994483947754e-01 4.000134766101837158e-01 1.859607692406273365e-09 1.130183041095733643e-02 1.115708891302347183e-02 5.725180329818613245e-09 5.471980202287340944e-09 nan 1.127971801906824112e-02 3.050784097882452528e+01
5.971204042434692383e-01 4.036533832550048828e-01 1.859018214291441706e-09 1.114269718527793884e-02 1.100000459700822830e-02 5.543228098758845590e-09 5.298075755888476124e-09 nan 1.112089678645133972e-02 2.991512815708784956e+01
6.025049090385437012e-01 4.072933197021484375e-01 1.858434207544148841e-09 1.098687574267387390e-02 1.084615476429462433e-02 5.368453237508674647e-09 5.131029823246535670e-09 nan 1.096537522971630096e-02 2.933734719021767390e+01
6.078894138336181641e-01 4.109332561492919922e-01 1.857855577876460681e-09 1.083437446504831314e-02 1.069556456059217453e-02 5.200565311724858475e-09 4.970566624962202695e-09 nan 1.081316825002431870e-02 2.877457140027841831e+01
6.132739186286926270e-01 4.145731627941131592e-01 1.857282233477322155e-09 1.068506296724081039e-02 1.054811477661132812e-02 5.039223260894232226e-09 4.816360643644657102e-09 nan 1.066414080560207367e-02 2.822612326467582022e+01
6.186584234237670898e-01 4.182130992412567139e-01 1.856714071034082293e-09 1.053887885063886642e-02 1.040375791490077972e-02 4.884135762495134259e-09 4.668131659002483502e-09 nan 1.051823515444993973e-02 2.769168795347051315e+01
6.240429282188415527e-01 4.218530058860778809e-01 1.856151008397507339e-09 1.039592083543539047e-02 1.026260294020175934e-02 4.735098979580243395e-09 4.525686048140187268e-09 nan 1.037555281072854996e-02 2.717179516107282922e+01
6.294274330139160156e-01 4.254929423332214355e-01 1.855592947277603754e-09 1.025624386966228485e-02 1.012471038848161697e-02 4.591895308436733103e-09 4.388815977307558569e-09 nan 1.023614779114723206e-02 2.666672927520089686e+01
6.556535363197326660e-01 4.432217776775360107e-01 1.852943630635520644e-09 9.617598727345466614e-03 9.494369849562644958e-03 3.968383399666208788e-09 3.792878899844254192e-09 nan 9.598772041499614716e-03 2.439127886288938996e+01
8.039034605026245117e-01 5.434387326240539551e-01 1.839770603253567837e-09 6.951331626623868942e-03 6.862285081297159195e-03 1.907902724695986763e-09 1.823524664601450240e-09 nan 6.937726866453886032e-03 1.551201584033543668e+01
9.932619333267211914e-01 6.714450716972351074e-01 1.826201010048688587e-09 4.936849232763051987e-03 4.873627796769142151e-03 8.876028245730083199e-10 8.483479474463706538e-10 nan 4.927190486341714859e-03 9.595701825128859497e+00
1.227223634719848633e+00 8.296031951904296875e-01 1.812731498599941669e-09 3.488982329145073891e-03 3.444313770160079002e-03 4.109112494710132069e-10 3.927384251145582539e-10 nan 3.482158062979578972e-03 5.877862037482419311e+00
1.516294717788696289e+00 1.025015234947204590e+00 1.799361337301671755e-09 2.454820089042186737e-03 2.423398196697235107e-03 1.893866313773528987e-10 1.810108729571879849e-10 nan 2.450019121170043945e-03 3.568666725727520639e+00
1.873456120491027832e+00 1.266456365585327148e+00 1.786089789356977996e-09 1.720225787721574306e-03 1.698210719041526318e-03 8.693518821489831794e-11 8.309040955278845786e-11 nan 1.716862432658672333e-03 2.149227511707327398e+00
2.314746379852294922e+00 1.564768552780151367e+00 1.772916133006574509e-09 1.201039412990212440e-03 1.185670960694551468e-03 3.976012921680371903e-11 3.800170594869811680e-11 nan 1.198691432364284992e-03 1.284904248434217910e+00
2.859982252120971680e+00 1.933347940444946289e+00 1.759839636962373426e-09 8.357492042705416679e-04 8.250563987530767918e-04 1.812370392650919371e-11 1.732216974026368206e-11 nan 8.341156062670052052e-04 7.630500340549403182e-01
3.533647537231445312e+00 2.388745784759521484e+00 1.746859588797865175e-09 5.797842168249189854e-04 5.723672220483422279e-04 8.236030780983671917e-12 7.871784821200655813e-12 nan 5.786510882899165154e-04 4.503795614204795239e-01
4.365993976593017578e+00 2.951411962509155273e+00 1.733975279535418463e-09 4.010884149465709925e-04 3.959578461945056915e-04 3.732264063777135377e-12 3.567199920867514251e-12 nan 4.003045905847102404e-04 2.643448991219181643e-01
5.394398689270019531e+00 3.646613597869873047e+00 1.721185999058096773e-09 2.767566475085914135e-04 2.732167777139693499e-04 1.686984644859446103e-12 1.612375163939638867e-12 nan 2.762158401310443878e-04 1.543588676310343744e-01
6.665042877197265625e+00 4.505568981170654297e+00 1.708491050912268841e-09 1.905139506561681628e-04 1.880773343145847321e-04 7.607133239301289152e-13 7.270691752651881057e-13 nan 1.901416835607960820e-04 8.970855432048566169e-02
8.234986305236816406e+00 5.566850662231445312e+00 1.695889732548296616e-09 1.308604696532711387e-04 1.291868975386023521e-04 3.422821921728047556e-13 3.271438024990414029e-13 nan 1.306047925027087331e-04 5.190893236316655029e-02
1.017472743988037109e+01 6.878115653991699219e+00 1.683381361073609185e-09 8.970422641141340137e-05 8.855704800225794315e-05 1.536989936365418252e-13 1.469010731201120246e-13 nan 8.952896314440295100e-05 2.991546500657964180e-02
1.257137203216552734e+01 8.498247146606445312e+00 1.670965250288532184e-09 6.137666787253692746e-05 6.059176666894927621e-05 6.888820704197343159e-14 6.584124657158310634e-14 nan 6.125676009105518460e-05 1.717597388204977066e-02
1.553254413604736328e+01 1.050000000000000000e+01 1.658640709094829109e-09 4.192147753201425076e-05 4.138537042308598757e-05 3.082216692160480442e-14 2.945880640662680572e-14 nan 4.183957571513019502e-05 9.827265453319565872e-03
