# k/h [h/Mpc]            k [1/Mpc]              Primoridal             T_cdm(k)                 T_bar(k)                 T_phot(k)                T_massless neutrions(k)  T_massive neutrinos(k)   T_total(k)               Linear Pk [(Mpc/h)^3]  
1.049045658874092624e-05 7.091548468451946974e-06 2.727206404909961128e-09 1.000000000000000000e+00 1.000000000000000000e+00 1.000000000000000000e+00 1.000000000000000000e+00 nan 1.000000000000000000e+00 5.868784354964246219e+00
1.158353370556142181e-05 7.830468348402064294e-06 2.717761705682844603e-09 1.219251275062561035e+00 1.219251275062561035e+00 1.219206094741821289e+00 1.219204902648925781e+00 nan 1.219251275062561035e+00 6.457850859743218486e+00
1.279050593439023942e-05 8.646382411825470626e-06 2.708349706436794825e-09 1.486573696136474609e+00 1.486573696136474609e+00 1.486451387405395508e+00 1.486448049545288086e+00 nan 1.486573696136474609e+00 7.106041541715767629e+00
1.412324218108551577e-05 9.547311492497101426e-06 2.698970312856197758e-09 1.812506794929504395e+00 1.812506675720214844e+00 1.812257528305053711e+00 1.812250852584838867e+00 nan 1.812506794929504395e+00 7.819293857646031576e+00
1.559484553581569344e-05 1.054211588780162856e-05 2.689623392481895528e-09 2.209901094436645508e+00 2.209901094436645508e+00 2.209448337554931641e+00 2.209436416625976562e+00 nan 2.209901094436645508e+00 8.604134810632219299e+00
1.721978514979127795e-05 1.164057448477251455e-05 2.680308856040028027e-09 2.694423675537109375e+00 2.694423437118530273e+00 2.693650484085083008e+00 2.693630218505859375e+00 nan 2.694423675537109375e+00 9.467750078967677396e+00
1.901403993542771786e-05 1.285349117097212002e-05 2.671026563908324178e-09 3.285178899765014648e+00 3.285178422927856445e+00 3.283907413482666016e+00 3.283874034881591797e+00 nan 3.285178422927856445e+00 1.041804612544361497e+01
2.099525045196060091e-05 1.419278942194068804e-05 2.661776424936157355e-09 4.005455970764160156e+00 4.005455970764160156e+00 4.003417491912841797e+00 4.003364086151123047e+00 nan 4.005455970764160156e+00 1.146372190212928466e+01
2.318289807590190321e-05 1.567163963045459241e-05 2.652558315858844083e-09 4.883654594421386719e+00 4.883653640747070312e+00 4.880443572998046875e+00 4.880358695983886719e+00 nan 4.883654594421386719e+00 1.261434978761357328e+01
2.559849235694855452e-05 1.730458097881637514e-05 2.643372135990062650e-09 5.954395771026611328e+00 5.954395771026611328e+00 5.949402332305908203e+00 5.949270725250244141e+00 nan 5.954395771026611328e+00 1.388045929777776699e+01
2.826578383974265307e-05 1.910767059598583728e-05 2.634217767634683471e-09 7.259896755218505859e+00 7.259896278381347656e+00 7.252204895019531250e+00 7.252002239227294922e+00 nan 7.259896755218505859e+00 1.527364451643915544e+01
3.121100235148333013e-05 2.109863817167934030e-05 2.625095097817206075e-09 8.851626396179199219e+00 8.851624488830566406e+00 8.839863777160644531e+00 8.839554786682128906e+00 nan 8.851626396179199219e+00 1.680665699145936998e+01
3.446310074650682509e-05 2.329705603187903762e-05 2.616004033478672110e-09 1.079233455657958984e+01 1.079233264923095703e+01 1.077445220947265625e+01 1.077398204803466797e+01 nan 1.079233455657958984e+01 1.849351529608866684e+01
3.805406231549568474e-05 2.572454650362487882e-05 2.606944439452153756e-09 1.315853977203369141e+01 1.315853500366210938e+01 1.313147068023681641e+01 1.313076019287109375e+01 nan 1.315853977203369141e+01 2.034966915883008554e+01
4.201919000479392707e-05 2.840497290890198201e-05 2.597916226597658093e-09 1.604351806640625000e+01 1.604351425170898438e+01 1.600269508361816406e+01 1.600162124633789062e+01 nan 1.604351806640625000e+01 2.239209163454910012e+01
4.639747567125596106e-05 3.136469240416772664e-05 2.588919279439887767e-09 1.956101417541503906e+01 1.956100654602050781e+01 1.949961471557617188e+01 1.949800300598144531e+01 nan 1.956101417541503906e+01 2.463947901745569169e+01
5.123196388012729585e-05 3.463280881987884641e-05 2.579953483847589841e-09 2.384969139099121094e+01 2.384967613220214844e+01 2.375756645202636719e+01 2.375514793395996094e+01 nan 2.384968757629394531e+01 2.711238101887829899e+01
5.657019573845900595e-05 3.824145096587017179e-05 2.571018745591721348e-09 2.907860755920410156e+01 2.907858848571777344e+01 2.894063949584960938e+01 2.893701744079589844e+01 nan 2.907860565185546875e+01 2.983340571503339689e+01
6.246465636650100350e-05 4.222610732540488243e-05 2.562114941593048984e-09 3.545390319824218750e+01 3.545387649536132812e+01 3.524760055541992188e+01 3.524218750000000000e+01 nan 3.545390319824218750e+01 3.282743455706762603e+01
6.897329876665025949e-05 4.662595165427774191e-05 2.553241977543412439e-09 4.322687149047851562e+01 4.322682952880859375e+01 4.291878128051757812e+01 4.291069412231445312e+01 nan 4.322686767578125000e+01 3.612183592814447763e+01
7.616012590005993843e-05 5.148424679646268487e-05 2.544399743325443185e-09 5.270389938354492188e+01 5.270383834838867188e+01 5.224430084228515625e+01 5.223224639892578125e+01 nan 5.270389175415039062e+01 3.974670785549605512e+01
8.409580186707898974e-05 5.684876305167563260e-05 2.535588130685252624e-09 6.425852966308593750e+01 6.425843048095703125e+01 6.357357025146484375e+01 6.355561447143554688e+01 nan 6.425851440429687500e+01 4.373514182605779865e+01
9.285835403716191649e-05 6.277224747464060783e-05 2.526807033334104165e-09 7.834614562988281250e+01 7.834599304199218750e+01 7.732617950439453125e+01 7.729945373535156250e+01 nan 7.834611511230468750e+01 4.812354901583440636e+01
1.025339443003758788e-04 6.931294774403795600e-05 2.518056339675267213e-09 9.552191925048828125e+01 9.552170562744140625e+01 9.400427246093750000e+01 9.396453857421875000e+01 nan 9.552189636230468750e+01 5.295193175248797957e+01
1.132176985265687108e-04 7.653516513528302312e-05 2.509335958204897443e-09 1.164626770019531250e+02 1.164623641967773438e+02 1.142061386108398438e+02 1.141471328735351562e+02 nan 1.164626235961914062e+02 5.826431552263848346e+01
1.250146742677316070e-04 8.450992027064785361e-05 2.500645773867358897e-09 1.419934692382812500e+02 1.419929962158203125e+02 1.386407165527343750e+02 1.385531463623046875e+02 nan 1.419933929443359375e+02 6.410903168369561911e+01
1.380408502882346511e-04 9.331561159342527390e-05 2.491985695624705562e-09 1.731200256347656250e+02 1.731193084716796875e+02 1.681421661376953125e+02 1.680123596191406250e+02 nan 1.731199035644531250e+02 7.053922061934513010e+01
1.524243270978331566e-04 1.030388448270969093e-04 2.483355596498544299e-09 2.110684204101562500e+02 2.110673675537109375e+02 2.036835632324218750e+02 2.034913177490234375e+02 nan 2.110682525634765625e+02 7.761324832959097364e+01
1.683065347606316209e-04 1.137752187787555158e-04 2.474755379885282393e-09 2.573329772949218750e+02 2.573314208984375000e+02 2.463867340087890625e+02 2.461023864746093750e+02 nan 2.573327636718750000e+02 8.539520983777407537e+01
1.858436153270304203e-04 1.256302784895524383e-04 2.466184957973141175e-09 3.137349548339843750e+02 3.137326354980468750e+02 2.975256347656250000e+02 2.971056518554687500e+02 nan 3.137345886230468750e+02 9.395544158535162182e+01
2.052080089924857020e-04 1.387206139042973518e-04 2.457644209414643305e-09 3.824942626953125000e+02 3.824908142089843750e+02 3.585183105468750000e+02 3.578991088867187500e+02 nan 3.824936523437500000e+02 1.033711191042210515e+02
2.265901130158454180e-04 1.531749148853123188e-04 2.449133045395065615e-09 4.663156127929687500e+02 4.663105773925781250e+02 4.308986206054687500e+02 4.299875488281250000e+02 nan 4.663148193359375000e+02 1.137267786431317944e+02
2.502001880202442408e-04 1.691353245405480266e-04 2.440651351248999153e-09 5.684951171875000000e+02 5.684877929687500000e+02 5.162593994140625000e+02 5.149222412109375000e+02 nan 5.684940185546875000e+02 1.251150935876291754e+02
2.762703516054898500e-04 1.867587561719119549e-04 2.432199034655000626e-09 6.930484008789062500e+02 6.930374145507812500e+02 6.161511230468750000e+02 6.141940917968750000e+02 nan 6.930467529296875000e+02 1.376374598070825073e+02
3.050569503102451563e-04 2.062184939859434962e-04 2.423775992290330563e-09 8.448665771484375000e+02 8.448504638671875000e+02 7.319183959960937500e+02 7.290645751953125000e+02 nan 8.448641357421875000e+02 1.514046747016089398e+02
3.368430479895323515e-04 2.277058956678956747e-04 2.415382114947829304e-09 1.029907104492187500e+03 1.029883300781250000e+03 8.644544067382812500e+02 8.603107299804687500e+02 nan 1.029903442382812500e+03 1.665376956453648347e+02
3.719411906786262989e-04 2.514322404749691486e-04 2.407017301830847028e-09 1.255423706054687500e+03 1.255388916015625000e+03 1.013848083496093750e+03 1.007863098144531250e+03 nan 1.255418334960937500e+03 1.831683049939585999e+02
4.106964333914220333e-04 2.776307810563594103e-04 2.398681465071051552e-09 1.530245361328125000e+03 1.530194213867187500e+03 1.178908081054687500e+03 1.170318237304687500e+03 nan 1.530237548828125000e+03 2.014397950209103669e+02
4.534898616839200258e-04 3.065591445192694664e-04 2.390374494355455649e-09 1.865117065429687500e+03 1.865042846679687500e+03 1.356562744140625000e+03 1.344330444335937500e+03 nan 1.865105712890625000e+03 2.215076380558754465e+02
5.007422878406941891e-04 3.385017917025834322e-04 2.382096284987275655e-09 2.273109619140625000e+03 2.273001708984375000e+03 1.541174560546875000e+03 1.523918334960937500e+03 nan 2.273093017578125000e+03 2.435401047883995602e+02
5.529182380996644497e-04 3.737727238330990076e-04 2.373846756225058361e-09 2.770113769531250000e+03 2.769958007812500000e+03 1.723870117187500000e+03 1.699804931640625000e+03 nan 2.770089843750000000e+03 2.677185727203878969e+02
6.105307838879525661e-04 4.127188003621995449e-04 2.365625794166928840e-09 3.375444824218750000e+03 3.375220947265625000e+03 1.892122558593750000e+03 1.859026611328125000e+03 nan 3.375410156250000000e+03 2.942379660454385544e+02
6.741464603692293167e-04 4.557229985948652029e-04 2.357433293568910220e-09 4.112562500000000000e+03 4.112243652343750000e+03 2.029959228515625000e+03 1.985206176757812500e+03 nan 4.112513671875000000e+03 3.233068926540443613e+02
7.443906506523489952e-04 5.032080807723104954e-04 2.349269171114912410e-09 5.009940917968750000e+03 5.009490722656250000e+03 2.119371826171875000e+03 2.060078369140625000e+03 nan 5.009872070312500000e+03 3.551473834155971190e+02
8.219541050493717194e-04 5.556409596465528011e-04 2.341133324843220307e-09 6.102122558593750000e+03 6.101494140625000000e+03 2.143613525390625000e+03 2.066956787109375000e+03 nan 6.102026367187500000e+03 3.899946432257155493e+02
9.075994603335857391e-04 6.135372095741331577e-04 2.333025652639057309e-09 7.430975097656250000e+03 7.430105468750000000e+03 2.092881347656250000e+03 1.996616333007812500e+03 nan 7.430842773437500000e+03 4.280966433714245341e+02
1.002168864943087101e-03 6.774661596864461899e-04 2.324946049885245546e-09 9.047203125000000000e+03 9.046016601562500000e+03 1.972065551757812500e+03 1.855207153320312500e+03 nan 9.047020507812500000e+03 4.697124597944014113e+02
1.106592128053307533e-03 7.480562780983746052e-04 2.316894434325377400e-09 1.101215234375000000e+04 1.101056250000000000e+04 1.808386230468750000e+03 1.671859863281250000e+03 nan 1.101191113281250000e+04 5.151114857449929332e+02
1.221895916387438774e-03 8.260016329586505890e-04 2.308870708568745277e-09 1.339998730468750000e+04 1.339788964843750000e+04 1.653735229492187500e+03 1.500621337890625000e+03 nan 1.339966601562500000e+04 5.645715961141266916e+02
1.349214115180075169e-03 9.120687609538435936e-04 2.300874762407135126e-09 1.630026074218750000e+04 1.629754296875000000e+04 1.573774902343750000e+03 1.408677612304687500e+03 nan 1.629984472656250000e+04 6.183760718974956490e+02
1.489798538386821747e-03 1.007103826850652695e-03 2.292906509188567727e-09 1.982098046875000000e+04 1.981751562500000000e+04 1.617210205078125000e+03 1.444632690429687500e+03 nan 1.982045117187500000e+04 6.768107455581122167e+02
1.645031501539051533e-03 1.112041296437382698e-03 2.284965850418265676e-09 2.409223046875000000e+04 2.408786718750000000e+04 1.770810546875000000e+03 1.593486572265625000e+03 nan 2.409156445312500000e+04 7.401579058520097760e+02
1.816439209505915642e-03 1.227912958711385727e-03 2.277052691606405739e-09 2.927043359375000000e+04 2.926496875000000000e+04 1.931817260742187500e+03 1.751358276367187500e+03 nan 2.926959960937500000e+04 8.086899820084771591e+02
2.005707239732146263e-03 1.355858054012060165e-03 2.269166941709029953e-09 3.554332812500000000e+04 3.553644531250000000e+04 1.952594238281250000e+03 1.774345581054687500e+03 nan 3.554227343750000000e+04 8.826597719610953163e+02
2.214696491137146950e-03 1.497134799137711525e-03 2.261308494449764354e-09 4.313577343750000000e+04 4.312695312500000000e+04 1.780281860351562500e+03 1.618792846679687500e+03 nan 4.313442578125000000e+04 9.622892901810538433e+02
2.445461694151163101e-03 1.653132145293056965e-03 2.253477264686429142e-09 5.231649609375000000e+04 5.230494140625000000e+04 1.578125488281250000e+03 1.451728149414062500e+03 nan 5.231473046875000000e+04 1.047758386660491851e+03
2.700272016227245331e-03 1.825383864343166351e-03 2.245673160886940457e-09 6.340590625000000000e+04 6.339044921875000000e+04 1.587135742187500000e+03 1.497091308593750000e+03 nan 6.340353515625000000e+04 1.139191555399344907e+03
2.981632947921752930e-03 2.015583915635943413e-03 2.237896076485985185e-09 7.678507812500000000e+04 7.676415625000000000e+04 1.736216796875000000e+03 1.516098999023437500e+03 nan 7.678188281250000000e+04 1.236642941085791790e+03
3.292310982942581177e-03 2.225602278485894203e-03 2.230145925871712440e-09 9.290585937500000000e+04 9.287741406250000000e+04 1.661479248046875000e+03 1.504635253906250000e+03 nan 9.290150000000000000e+04 1.340078204294391298e+03
3.635360859334468842e-03 2.457503927871584892e-03 2.222422616889744185e-09 1.123022265625000000e+05 1.122635390625000000e+05 1.468092285156250000e+03 1.491797363281250000e+03 nan 1.122963203125000000e+05 1.449352826148577606e+03
4.014155361801385880e-03 2.713568974286317825e-03 2.214726058195065524e-09 1.356030156250000000e+05 1.355500312500000000e+05 1.616628173828125000e+03 1.477459594726562500e+03 nan 1.355949218750000000e+05 1.564190083426649608e+03
4.432419314980506897e-03 2.996315481141209602e-03 2.207056148657132701e-09 1.635457343750000000e+05 1.634723437500000000e+05 1.653231933593750000e+03 1.461524902343750000e+03 nan 1.635345156250000000e+05 1.684156847719571033e+03
4.894265439361333847e-03 3.308523446321487427e-03 2.199412800139309644e-09 1.969912812500000000e+05 1.968885468750000000e+05 1.521234741210937500e+03 1.443882202148437500e+03 nan 1.969755937500000000e+05 1.808637472634448159e+03
5.404234398156404495e-03 3.653262509033083916e-03 2.191795924301313793e-09 2.369395625000000000e+05 2.367950468750000000e+05 1.719826782226562500e+03 1.424407714843750000e+03 nan 2.369174687500000000e+05 1.936805322797122699e+03
5.967340432107448578e-03 4.033922217786312103e-03 2.184205430909534259e-09 2.845446562500000000e+05 2.843407187500000000e+05 1.452653808593750000e+03 1.403000976562500000e+03 nan 2.845135000000000000e+05 2.067593820350002716e+03
6.589121185243129730e-03 4.454245790839195251e-03 2.176641221197925960e-09 3.411296875000000000e+05 3.408400625000000000e+05 1.511208251953125000e+03 1.379535522460937500e+03 nan 3.410854375000000000e+05 2.199666256212609369e+03
7.275689393281936646e-03 4.918366204947233200e-03 2.169103203027300791e-09 4.081985625000000000e+05 4.077856562500000000e+05 1.423732543945312500e+03 1.353902709960937500e+03 nan 4.081354375000000000e+05 2.331384704873043574e+03
8.033796213567256927e-03 5.430846009403467178e-03 2.161591299930936394e-09 4.874437187500000000e+05 4.868540312500000000e+05 1.386892700195312500e+03 1.325986572265625000e+03 nan 4.873536250000000000e+05 2.460783667892934773e+03
8.870895951986312866e-03 5.996725521981716156e-03 2.154105401952956366e-09 5.807465000000000000e+05 5.799023750000000000e+05 1.480876586914062500e+03 1.295673339843750000e+03 nan 5.806175625000000000e+05 2.585538689151683229e+03
9.795218706130981445e-03 6.621567998081445694e-03 2.146645430474833453e-09 6.901670000000000000e+05 6.889580625000000000e+05 1.322734863281250000e+03 1.262853637695312500e+03 nan 6.899823750000000000e+05 2.702959311417095250e+03
1.081585418432950974e-02 7.311517372727394104e-03 2.139211293795359687e-09 8.179156250000000000e+05 8.161841250000000000e+05 1.293499145507812500e+03 1.227415405273437500e+03 nan 8.176510625000000000e+05 2.809968808798899772e+03
1.194283645600080490e-02 8.073357865214347839e-03 2.131802900090153706e-09 9.663036875000000000e+05 9.638273750000000000e+05 1.209958740234375000e+03 1.189254516601562500e+03 nan 9.659252500000000000e+05 2.903120691236899347e+03
1.318724639713764191e-02 8.914578706026077271e-03 2.124420174276236449e-09 1.137664875000000000e+06 1.134131125000000000e+06 1.170531860351562500e+03 1.148275878906250000e+03 nan 1.137125000000000000e+06 2.978653768566874078e+03
1.456132158637046814e-02 9.843453764915466309e-03 2.117063005254935590e-09 1.334238625000000000e+06 1.329214500000000000e+06 1.187899291992187500e+03 1.104402587890625000e+03 nan 1.333471000000000000e+06 3.032575576801390525e+03
1.607857085764408112e-02 1.086911372840404510e-02 2.109731324472420402e-09 1.558011875000000000e+06 1.550904125000000000e+06 1.148776367187500000e+03 1.057588867187500000e+03 nan 1.556925875000000000e+06 3.060833123522017559e+03
1.775391399860382080e-02 1.200164575129747391e-02 2.102425026951150955e-09 1.810527500000000000e+06 1.800537250000000000e+06 1.005983093261718750e+03 1.007841003417968750e+03 nan 1.809001125000000000e+06 3.059579854673150749e+03
1.960382424294948578e-02 1.325218472629785538e-02 2.095144031049849183e-09 2.092664250000000000e+06 2.078740875000000000e+06 9.934346313476562500e+02 9.552441406250000000e+02 nan 2.090537125000000000e+06 3.025547076321469831e+03
2.164648845791816711e-02 1.463302597403526306e-02 2.087888252770266929e-09 2.404444000000000000e+06 2.385244500000000000e+06 1.006104614257812500e+03 9.000019531250000000e+02 nan 2.401510750000000000e+06 2.956566145020800832e+03
2.390199340879917145e-02 1.615774817764759064e-02 2.080657597354892904e-09 2.744940250000000000e+06 2.718817000000000000e+06 9.241583862304687500e+02 8.424838256835937500e+02 nan 2.740949500000000000e+06 2.852182604961993093e+03
2.639251388609409332e-02 1.784133911132812500e-02 2.073451995948668221e-09 3.112424250000000000e+06 3.077468500000000000e+06 8.466533813476562500e+02 7.832755126953125000e+02 nan 3.107084000000000000e+06 2.714329769159145599e+03
2.914254181087017059e-02 1.970035769045352936e-02 2.066271340052806293e-09 3.504952500000000000e+06 3.459138250000000000e+06 6.784808349609375000e+02 7.232297363281250000e+02 nan 3.497953000000000000e+06 2.547902017400753721e+03
3.217911347746849060e-02 2.175308018922805786e-02 2.059115554147728899e-09 3.921593750000000000e+06 3.863075750000000000e+06 7.467020263671875000e+02 6.634902343750000000e+02 nan 3.912653000000000000e+06 2.361005470547931509e+03
3.553209081292152405e-02 2.401969395577907562e-02 2.051984539888671147e-09 4.364448000000000000e+06 4.292061500000000000e+06 6.889916381835937500e+02 6.054700317382812500e+02 nan 4.353388500000000000e+06 2.164629585818624037e+03
3.923443704843521118e-02 2.652247995138168335e-02 2.044878229365854235e-09 4.841272000000000000e+06 4.755220000000000000e+06 5.640809936523437500e+02 5.507419433593750000e+02 nan 4.828125500000000000e+06 1.971502836904674950e+03
4.332255572080612183e-02 2.928604744374752045e-02 2.037796533657790378e-09 5.367858000000000000e+06 5.270465500000000000e+06 5.254534301757812500e+02 5.008102416992187500e+02 nan 5.352978000000000000e+06 1.794047384041369014e+03
4.765481501817703247e-02 3.221465647220611572e-02 2.031010053452367756e-09 5.941807500000000000e+06 5.838099000000000000e+06 4.802509765625000000e+02 4.582019653320312500e+02 nan 5.925963000000000000e+06 1.646046487702879858e+03
5.198707059025764465e-02 3.514325991272926331e-02 2.024834231214258902e-09 6.549896000000000000e+06 6.446014500000000000e+06 4.449615478515625000e+02 4.245320739746093750e+02 nan 6.534025000000000000e+06 1.535979761519083013e+03
5.631932616233825684e-02 3.807186335325241089e-02 2.019169610001785353e-09 7.186777000000000000e+06 7.087647500000000000e+06 4.161464538574218750e+02 3.970393066406250000e+02 nan 7.171632000000000000e+06 1.450380943738578253e+03
6.065158173441886902e-02 4.100047051906585693e-02 2.013939112582009273e-09 7.843937500000000000e+06 7.751988500000000000e+06 3.917638549804687500e+02 3.737756042480468750e+02 nan 7.829890000000000000e+06 1.379753312327075264e+03
6.498383730649948120e-02 4.392907395958900452e-02 2.009081821590703985e-09 8.499894000000000000e+06 8.414327000000000000e+06 3.699086608886718750e+02 3.529235839843750000e+02 nan 8.486821000000000000e+06 1.314080169869499514e+03
6.931609660387039185e-02 4.685768112540245056e-02 2.004548729015451583e-09 9.127927000000000000e+06 9.044711000000000000e+06 3.491902770996093750e+02 3.331563415527343750e+02 nan 9.115213000000000000e+06 1.245867714653282974e+03
7.364834845066070557e-02 4.978628456592559814e-02 2.000299865353250301e-09 9.702686000000000000e+06 9.615319000000000000e+06 3.287992248535156250e+02 3.137016601562500000e+02 nan 9.689338000000000000e+06 1.171125151372482605e+03
7.798060774803161621e-02 5.271489173173904419e-02 1.996302173696350216e-09 1.020830900000000000e+07 1.010918600000000000e+07 3.085276184082031250e+02 2.943610534667968750e+02 nan 1.019316500000000000e+07 1.089901649147464241e+03
8.231285959482192993e-02 5.564349144697189331e-02 1.992528044667567094e-09 1.064236800000000000e+07 1.052446700000000000e+07 2.886143798828125000e+02 2.753625183105468750e+02 nan 1.062435500000000000e+07 1.005289838278533239e+03
8.664511889219284058e-02 5.857209861278533936e-02 1.988954134422163219e-09 1.101520400000000000e+07 1.087368800000000000e+07 2.695213012695312500e+02 2.571464538574218750e+02 nan 1.099358400000000000e+07 9.217027873376795242e+02
9.097737073898315430e-02 6.150070205330848694e-02 1.985560585482697045e-09 1.134604500000000000e+07 1.117942500000000000e+07 2.517303771972656250e+02 2.401727142333984375e+02 nan 1.132059000000000000e+07 8.433063462796460499e+02
9.636187553405761719e-02 6.514062732458114624e-02 1.981568674123380254e-09 1.173885600000000000e+07 1.154466700000000000e+07 2.320821228027343750e+02 2.214268341064453125e+02 nan 1.170918900000000000e+07 7.581554924550902115e+02
1.017463728785514832e-01 6.878054887056350708e-02 1.977801256732118934e-09 1.216612400000000000e+07 1.195427900000000000e+07 2.157148590087890625e+02 2.058111114501953125e+02 nan 1.213375900000000000e+07 6.904679863586879947e+02
1.071308776736259460e-01 7.242047041654586792e-02 1.974234781265857972e-09 1.267395400000000000e+07 1.245785600000000000e+07 2.027102813720703125e+02 1.934034881591796875e+02 nan 1.264093900000000000e+07 6.407555665409468020e+02
1.125153750181198120e-01 7.606039196252822876e-02 1.970849203820953451e-09 1.327252500000000000e+07 1.306502600000000000e+07 1.924974212646484375e+02 1.836593170166015625e+02 nan 1.324082300000000000e+07 6.055335540911460157e+02
1.178998723626136780e-01 7.970031350851058960e-02 1.967627323526894450e-09 1.393447800000000000e+07 1.374399700000000000e+07 1.841194305419921875e+02 1.756656799316406250e+02 nan 1.390537600000000000e+07 5.791585866924532411e+02
1.232843771576881409e-01 8.334024250507354736e-02 1.964554264128985100e-09 1.461174400000000000e+07 1.443975700000000000e+07 1.766269226074218750e+02 1.685169677734375000e+02 nan 1.458546800000000000e+07 5.561055880875995854e+02
1.286688745021820068e-01 8.698015660047531128e-02 1.961617102724775952e-09 1.525094900000000000e+07 1.509163800000000000e+07 1.692834472656250000e+02 1.615105285644531250e+02 nan 1.522661000000000000e+07 5.321092604813436537e+02
1.340533792972564697e-01 9.062008559703826904e-02 1.958804483640675406e-09 1.580529400000000000e+07 1.564739000000000000e+07 1.616379241943359375e+02 1.542160339355468750e+02 nan 1.578117100000000000e+07 5.046336554804440198e+02
1.394378840923309326e-01 9.426000714302062988e-02 1.956106446915437174e-09 1.624890900000000000e+07 1.607911900000000000e+07 1.535766906738281250e+02 1.465249938964843750e+02 nan 1.622296900000000000e+07 4.732731921014993759e+02
1.448223739862442017e-01 9.789992123842239380e-02 1.953514161287429418e-09 1.658594200000000000e+07 1.639288900000000000e+07 1.452934265136718750e+02 1.386222229003906250e+02 nan 1.655644700000000000e+07 4.395449175498550858e+02
1.502068787813186646e-01 1.015398502349853516e-01 1.951019758654691563e-09 1.684694200000000000e+07 1.662442100000000000e+07 1.371533966064453125e+02 1.308560943603515625e+02 nan 1.681294400000000000e+07 4.059267228972900625e+02
1.555913835763931274e-01 1.051797717809677124e-01 1.948616241255242070e-09 1.707961000000000000e+07 1.682823800000000000e+07 1.295581054687500000e+02 1.236096878051757812e+02 nan 1.704120600000000000e+07 3.749202911565849377e+02
1.609758734703063965e-01 1.088196933269500732e-01 1.946297314463125787e-09 1.733833200000000000e+07 1.706519400000000000e+07 1.228485717773437500e+02 1.172082824707031250e+02 nan 1.729660200000000000e+07 3.484614239647111162e+02
1.663603782653808594e-01 1.124596148729324341e-01 1.944057316713681798e-09 1.766759200000000000e+07 1.738404200000000000e+07 1.172037963867187500e+02 1.118226852416992188e+02 nan 1.762427200000000000e+07 3.274367296539502945e+02
1.717448830604553223e-01 1.160995438694953918e-01 1.941891129256332855e-09 1.808471200000000000e+07 1.780306200000000000e+07 1.125751953125000000e+02 1.074065399169921875e+02 nan 1.804168200000000000e+07 3.114654809848398713e+02
1.771293878555297852e-01 1.197394654154777527e-01 1.939794125595426991e-09 1.857656000000000000e+07 1.830665000000000000e+07 1.087320861816406250e+02 1.037397994995117188e+02 nan 1.853532400000000000e+07 2.992455128245362630e+02
1.825138777494430542e-01 1.233793795108795166e-01 1.937762091126241291e-09 1.910991000000000000e+07 1.885658400000000000e+07 1.053735046386718750e+02 1.005353240966796875e+02 nan 1.907120600000000000e+07 2.891634398889172530e+02
1.878983825445175171e-01 1.270193010568618774e-01 1.935791175107242678e-09 1.964187600000000000e+07 1.940395600000000000e+07 1.022075119018554688e+02 9.751461791992187500e+01 nan 1.960552800000000000e+07 2.796847231928423412e+02
1.932828873395919800e-01 1.306592375040054321e-01 1.933877861004656685e-09 2.012808800000000000e+07 1.989905600000000000e+07 9.899507141113281250e+01 9.444963073730468750e+01 nan 2.009309800000000000e+07 2.695672508495463831e+02
1.986673772335052490e-01 1.342991441488265991e-01 1.932018951816384183e-09 2.053522400000000000e+07 2.030532800000000000e+07 9.559973144531250000e+01 9.121018981933593750e+01 nan 2.050010200000000000e+07 2.581332522525324293e+02
2.040518820285797119e-01 1.379390656948089600e-01 1.930211465507478933e-09 2.085329000000000000e+07 2.061239400000000000e+07 9.201907348632812500e+01 8.779396057128906250e+01 nan 2.081648600000000000e+07 2.454401378735573473e+02
2.094363868236541748e-01 1.415790021419525146e-01 1.928452677645768952e-09 2.109642000000000000e+07 2.083676600000000000e+07 8.835574340820312500e+01 8.429889678955078125e+01 nan 2.105675000000000000e+07 2.321043649164329850e+02
2.148208767175674438e-01 1.452189087867736816e-01 1.926740094380007882e-09 2.129440000000000000e+07 2.101252800000000000e+07 8.475716400146484375e+01 8.086559295654296875e+01 nan 2.125133600000000000e+07 2.189464184280838595e+02
2.202053815126419067e-01 1.488588303327560425e-01 1.925071368159055733e-09 2.148420800000000000e+07 2.118158000000000000e+07 8.137051391601562500e+01 7.763449096679687500e+01 nan 2.143797200000000000e+07 2.067355324565396870e+02
2.255898863077163696e-01 1.524987667798995972e-01 1.923444343781293656e-09 2.170193200000000000e+07 2.138421800000000000e+07 7.831115722656250000e+01 7.471562194824218750e+01 nan 2.165339200000000000e+07 1.960337432719817059e+02
2.309743911027908325e-01 1.561386883258819580e-01 1.921857033120720865e-09 2.197250800000000000e+07 2.164778600000000000e+07 7.563224029541015625e+01 7.215970611572265625e+01 nan 2.192289800000000000e+07 1.870691033163831207e+02
2.363588809967041016e-01 1.597786098718643188e-01 1.920307567935778733e-09 2.230266800000000000e+07 2.197915000000000000e+07 7.331414794921875000e+01 6.994802093505859375e+01 nan 2.225324200000000000e+07 1.797140076687251451e+02
2.417433857917785645e-01 1.634185314178466797e-01 1.918794213956308179e-09 2.268225600000000000e+07 2.236614400000000000e+07 7.128409576416015625e+01 6.801115417480468750e+01 nan 2.263396000000000000e+07 1.736002275339655228e+02
2.471278905868530273e-01 1.670584529638290405e-01 1.917315352832477265e-09 2.308912800000000000e+07 2.278319800000000000e+07 6.944303131103515625e+01 6.625458526611328125e+01 nan 2.304239000000000000e+07 1.682506164675856155e+02
2.525123953819274902e-01 1.706983745098114014e-01 1.915869472055197894e-09 2.349331200000000000e+07 2.319648600000000000e+07 6.768418121337890625e+01 6.457647705078125000e+01 nan 2.344796400000000000e+07 1.631622251470890319e+02
2.578969001770019531e-01 1.743383109569549561e-01 1.914455150219987163e-09 2.386417400000000000e+07 2.357216600000000000e+07 6.591598510742187500e+01 6.288943862915039062e+01 nan 2.381956400000000000e+07 1.579111815536340657e+02
2.632813751697540283e-01 1.779782027006149292e-01 1.913071083197014340e-09 2.418187000000000000e+07 2.388856800000000000e+07 6.409046936035156250e+01 6.114773941040039062e+01 nan 2.413705600000000000e+07 1.522873370611589792e+02
2.686658799648284912e-01 1.816181391477584839e-01 1.911715991580206360e-09 2.444402600000000000e+07 2.414326400000000000e+07 6.221268081665039062e+01 5.935618591308593750e+01 nan 2.439807800000000000e+07 1.463337874394852065e+02
2.740503847599029541e-01 1.852580606937408447e-01 1.910388727493893778e-09 2.466175600000000000e+07 2.434888800000000000e+07 6.032078170776367188e+01 5.755117034912109375e+01 nan 2.461395800000000000e+07 1.402464213552690353e+02
2.794348895549774170e-01 1.888979822397232056e-01 1.909088184011114833e-09 2.485225400000000000e+07 2.452524200000000000e+07 5.846213150024414062e+01 5.577787017822265625e+01 nan 2.480229200000000000e+07 1.342545369563915187e+02
2.848193943500518799e-01 1.925379037857055664e-01 1.907813323590368924e-09 2.503581400000000000e+07 2.469549000000000000e+07 5.668416595458984375e+01 5.408156585693359375e+01 nan 2.498382000000000000e+07 1.285772043226220092e+02
2.902038991451263428e-01 1.961778402328491211e-01 1.906563162582237113e-09 2.523402000000000000e+07 2.488362200000000000e+07 5.502986907958984375e+01 5.250323104858398438e+01 nan 2.518048800000000000e+07 1.234035395426298436e+02
2.955884039402008057e-01 1.998177617788314819e-01 1.905336787226579552e-09 2.546339200000000000e+07 2.510751800000000000e+07 5.352463531494140625e+01 5.106711578369140625e+01 nan 2.540902000000000000e+07 1.188380064825405213e+02
3.009728789329528809e-01 2.034576684236526489e-01 1.904133323856378078e-09 2.572830600000000000e+07 2.537163000000000000e+07 5.216472625732421875e+01 4.976963043212890625e+01 nan 2.567381200000000000e+07 1.148552681659079866e+02
3.063573837280273438e-01 2.070975899696350098e-01 1.902951936232507350e-09 2.602098200000000000e+07 2.566708600000000000e+07 5.092210006713867188e+01 4.858405303955078125e+01 nan 2.596691400000000000e+07 1.113277588194367667e+02
3.117418885231018066e-01 2.107375115156173706e-01 1.901791846628511990e-09 2.632753400000000000e+07 2.597811200000000000e+07 4.976025390625000000e+01 4.747554016113281250e+01 nan 2.627414800000000000e+07 1.080963821973463297e+02
3.171263933181762695e-01 2.143774479627609253e-01 1.900652308391623192e-09 2.663289400000000000e+07 2.628755600000000000e+07 4.864498519897460938e+01 4.641146850585937500e+01 nan 2.658013200000000000e+07 1.050159879359720492e+02
3.225108981132507324e-01 2.180173695087432861e-01 1.899532626729035332e-09 2.692244600000000000e+07 2.657902600000000000e+07 4.754722213745117188e+01 4.536410522460937500e+01 nan 2.686998000000000000e+07 1.019661134941508465e+02
3.278954029083251953e-01 2.216572910547256470e-01 1.898432128189829179e-09 2.718445600000000000e+07 2.683975200000000000e+07 4.644668960571289062e+01 4.431409072875976562e+01 nan 2.713179200000000000e+07 9.886525882071046567e+01
3.332799077033996582e-01 2.252972126007080078e-01 1.897350177081271127e-09 2.741445600000000000e+07 2.706517200000000000e+07 4.533792877197265625e+01 4.325624465942382812e+01 nan 2.736109400000000000e+07 9.569574922932089578e+01
3.386643826961517334e-01 2.289371192455291748e-01 1.896286172945125672e-09 2.761725800000000000e+07 2.726082000000000000e+07 4.423131561279296875e+01 4.220045089721679688e+01 nan 2.756280000000000000e+07 9.250596153150291912e+01
3.440488874912261963e-01 2.325770407915115356e-01 1.895239531240720810e-09 2.780377400000000000e+07 2.743891400000000000e+07 4.314558410644531250e+01 4.116457748413085938e+01 nan 2.774803200000000000e+07 8.937674249614867961e+01
3.494333922863006592e-01 2.362169772386550903e-01 1.894209703480833635e-09 2.798581000000000000e+07 2.761274400000000000e+07 4.209856033325195312e+01 4.016563415527343750e+01 nan 2.792881400000000000e+07 8.638212903885518301e+01
3.548178970813751221e-01 2.398568987846374512e-01 1.893196174858241155e-09 2.817325800000000000e+07 2.779348200000000000e+07 4.110300827026367188e+01 3.921579742431640625e+01 nan 2.811523600000000000e+07 8.357309961680107335e+01
3.602024018764495850e-01 2.434968203306198120e-01 1.892198441798694543e-09 2.837353600000000000e+07 2.798931000000000000e+07 4.016645812988281250e+01 3.832224655151367188e+01 nan 2.831483200000000000e+07 8.097801472565302561e+01
3.655869066715240479e-01 2.471367418766021729e-01 1.891216027459402332e-09 2.859036600000000000e+07 2.820409400000000000e+07 3.929018402099609375e+01 3.748620605468750000e+01 nan 2.853135400000000000e+07 7.859990479360212134e+01
3.709714114665985107e-01 2.507766783237457275e-01 1.890248472221847833e-09 2.882207200000000000e+07 2.843568600000000000e+07 3.846780776977539062e+01 3.670158386230468750e+01 nan 2.876304000000000000e+07 7.641193053479413777e+01
3.763558864593505859e-01 2.544165849685668945e-01 1.889295352117686434e-09 2.906200400000000000e+07 2.867656000000000000e+07 3.768698883056640625e+01 3.595660781860351562e+01 nan 2.900311400000000000e+07 7.436491464032161502e+01
3.817403912544250488e-01 2.580564916133880615e-01 1.888356242191734645e-09 2.930177200000000000e+07 2.891731400000000000e+07 3.693440246582031250e+01 3.523857498168945312e+01 nan 2.924303600000000000e+07 7.240702980092962093e+01
3.871248960494995117e-01 2.616964280605316162e-01 1.887430735669950155e-09 2.953416000000000000e+07 2.914981000000000000e+07 3.619957351684570312e+01 3.453748321533203125e+01 nan 2.947544000000000000e+07 7.049856133196122698e+01
3.925094008445739746e-01 2.653363645076751709e-01 1.886518457772270655e-09 2.975391200000000000e+07 2.936821200000000000e+07 3.547549819946289062e+01 3.384665298461914062e+01 nan 2.969498200000000000e+07 6.861390601446673543e+01
3.978939056396484375e-01 2.689762711524963379e-01 1.885619049100158659e-09 2.995803200000000000e+07 2.956939200000000000e+07 3.475862121582031250e+01 3.316268920898437500e+01 nan 2.989865600000000000e+07 6.674089035905581113e+01
4.032784104347229004e-01 2.726162075996398926e-01 1.884732143174389957e-09 3.014713600000000000e+07 2.975421400000000000e+07 3.404988098144531250e+01 3.248649597167968750e+01 nan 3.008710200000000000e+07 6.488438112890568732e+01
4.086629152297973633e-01 2.762561440467834473e-01 1.883857409814700777e-09 3.032580800000000000e+07 2.992784400000000000e+07 3.335454559326171875e+01 3.182309150695800781e+01 nan 3.026500600000000000e+07 6.306527485309835868e+01
4.140473902225494385e-01 2.798960208892822266e-01 1.882994538868699288e-09 3.050028800000000000e+07 3.009720600000000000e+07 3.267911911010742188e+01 3.117867469787597656e+01 nan 3.043870800000000000e+07 6.130843664744494959e+01
4.194318950176239014e-01 2.835359573364257812e-01 1.882143190604211824e-09 3.067555800000000000e+07 3.026791200000000000e+07 3.202807617187500000e+01 3.055752754211425781e+01 nan 3.061327800000000000e+07 5.963024157023008343e+01
4.248163998126983643e-01 2.871758937835693359e-01 1.881303079826970542e-09 3.085474800000000000e+07 3.044352000000000000e+07 3.140349960327148438e+01 2.996162605285644531e+01 nan 3.079192200000000000e+07 5.803797040910102112e+01
4.302009046077728271e-01 2.908158004283905029e-01 1.880473925305205483e-09 3.104002800000000000e+07 3.062634200000000000e+07 3.080619621276855469e+01 2.939174842834472656e+01 nan 3.097682600000000000e+07 5.653416127062970276e+01
4.355854094028472900e-01 2.944557368755340576e-01 1.879655436356054805e-09 3.123207000000000000e+07 3.081691200000000000e+07 3.023536872863769531e+01 2.884713172912597656e+01 nan 3.116864200000000000e+07 5.511542159271057528e+01
4.409699141979217529e-01 2.980956733226776123e-01 1.878847353036435648e-09 3.142868800000000000e+07 3.101268400000000000e+07 2.968749237060546875e+01 2.832440757751464844e+01 nan 3.136513200000000000e+07 5.376879609681523675e+01
4.463544189929962158e-01 3.017355799674987793e-01 1.878049424887222573e-09 3.162558800000000000e+07 3.120892000000000000e+07 2.915737915039062500e+01 2.781863212585449219e+01 nan 3.156192800000000000e+07 5.247568014922922686e+01
4.517388939857482910e-01 3.053754866123199463e-01 1.877261397654174740e-09 3.181896400000000000e+07 3.140137400000000000e+07 2.864074134826660156e+01 2.732571220397949219e+01 nan 3.175516800000000000e+07 5.122095609345900158e+01
4.571233987808227539e-01 3.090154230594635010e-01 1.876483026309890802e-09 3.200674800000000000e+07 3.158766600000000000e+07 2.813519668579101562e+01 2.684338188171386719e+01 nan 3.194272200000000000e+07 4.999662282763765830e+01
4.625079035758972168e-01 3.126553297042846680e-01 1.875714093387305177e-09 3.218777800000000000e+07 3.176651200000000000e+07 2.763938331604003906e+01 2.637033271789550781e+01 nan 3.212341800000000000e+07 4.879828219085882068e+01
4.678924083709716797e-01 3.162952661514282227e-01 1.874954364165268396e-09 3.236137000000000000e+07 3.193728000000000000e+07 2.715246963500976562e+01 2.590577697753906250e+01 nan 3.229658000000000000e+07 4.762333612487773138e+01
4.732769131660461426e-01 3.199352025985717773e-01 1.874203630559428286e-09 3.252825800000000000e+07 3.210092000000000000e+07 2.667486953735351562e+01 2.545010566711425781e+01 nan 3.246297200000000000e+07 4.647352702114419287e+01
4.786614179611206055e-01 3.235751092433929443e-01 1.873461691551420399e-09 3.269110400000000000e+07 3.226037800000000000e+07 2.620850181579589844e+01 2.500514984130859375e+01 nan 3.262529800000000000e+07 4.535572577325888943e+01
4.840458929538726807e-01 3.272150158882141113e-01 1.872728340933758753e-09 3.285310000000000000e+07 3.241914000000000000e+07 2.575551795959472656e+01 2.457296562194824219e+01 nan 3.278679800000000000e+07 4.427731091425444987e+01
4.894303977489471436e-01 3.308549523353576660e-01 1.872003379495005729e-09 3.301613600000000000e+07 3.257932000000000000e+07 2.531686401367187500e+01 2.415445518493652344e+01 nan 3.294940000000000000e+07 4.324138450852017712e+01
4.948149025440216064e-01 3.344948589801788330e-01 1.871286632213937058e-09 3.318066200000000000e+07 3.274146200000000000e+07 2.489227485656738281e+01 2.374936103820800781e+01 nan 3.311356200000000000e+07 4.224695866607244454e+01
5.001994371414184570e-01 3.381348252296447754e-01 1.870577900826693527e-09 3.334675400000000000e+07 3.290563600000000000e+07 2.448121452331542969e+01 2.335717010498046875e+01 nan 3.327936400000000000e+07 4.129207063024404079e+01
5.055838823318481445e-01 3.417747020721435547e-01 1.869877039368293133e-09 3.351438600000000000e+07 3.307168800000000000e+07 2.408307266235351562e+01 2.297731018066406250e+01 nan 3.344675200000000000e+07 4.037469247184581889e+01
5.109683871269226074e-01 3.454146385192871094e-01 1.869183849789121820e-09 3.368276000000000000e+07 3.323864600000000000e+07 2.369672775268554688e+01 2.260870170593261719e+01 nan 3.361491200000000000e+07 3.949103329904884419e+01
5.163528919219970703e-01 3.490545451641082764e-01 1.868498185335105332e-09 3.384992800000000000e+07 3.340438200000000000e+07 2.332034111022949219e+01 2.224960136413574219e+01 nan 3.378186000000000000e+07 3.863506970670071183e+01
5.217373967170715332e-01 3.526944816112518311e-01 1.867819876059786520e-09 3.401400400000000000e+07 3.356684000000000000e+07 2.295225524902343750e+01 2.189841270446777344e+01 nan 3.394568800000000000e+07 3.780140082514326849e+01
5.271219015121459961e-01 3.563344180583953857e-01 1.867148773833358248e-09 3.417432000000000000e+07 3.372528000000000000e+07 2.259174346923828125e+01 2.155445289611816406e+01 nan 3.410571600000000000e+07 3.698782060264289129e+01
5.325064063072204590e-01 3.599743247032165527e-01 1.866484735032350672e-09 3.433122000000000000e+07 3.388003600000000000e+07 2.223880386352539062e+01 2.121772003173828125e+01 nan 3.426229200000000000e+07 3.619443640778445825e+01
5.378909111022949219e-01 3.636142611503601074e-01 1.865827604301946768e-09 3.448502800000000000e+07 3.403148400000000000e+07 2.189340591430664062e+01 2.088818168640136719e+01 nan 3.441573600000000000e+07 3.542120075168672599e+01
5.432754158973693848e-01 3.672541677951812744e-01 1.865177252290424566e-09 3.463589200000000000e+07 3.417989600000000000e+07 2.155541610717773438e+01 2.056571197509765625e+01 nan 3.456622400000000000e+07 3.466778219916185577e+01
5.486599206924438477e-01 3.708941042423248291e-01 1.864533532427482462e-09 3.478468000000000000e+07 3.432624000000000000e+07 2.122514724731445312e+01 2.025060653686523438e+01 nan 3.471464000000000000e+07 3.393515207773396014e+01
5.540444254875183105e-01 3.745340406894683838e-01 1.863896318172137942e-09 3.493286800000000000e+07 3.447210800000000000e+07 2.090323829650878906e+01 1.994347572326660156e+01 nan 3.486248000000000000e+07 3.322536581831916891e+01
5.594289302825927734e-01 3.781739473342895508e-01 1.863265486641235488e-09 3.508141600000000000e+07 3.461852000000000000e+07 2.058995437622070312e+01 1.964457702636718750e+01 nan 3.501069600000000000e+07 3.253925156688935516e+01
5.648134350776672363e-01 3.818138837814331055e-01 1.862640903204479876e-09 3.523013200000000000e+07 3.476530000000000000e+07 2.028487777709960938e+01 1.935350990295410156e+01 nan 3.515911600000000000e+07 3.187541920100839832e+01
5.701979398727416992e-01 3.854538202285766602e-01 1.862022452330667509e-09 3.537848000000000000e+07 3.491188000000000000e+07 1.998740577697753906e+01 1.906969642639160156e+01 nan 3.530719200000000000e+07 3.123198304790651747e+01
5.755824446678161621e-01 3.890937268733978271e-01 1.861410021730888845e-09 3.552639200000000000e+07 3.505814000000000000e+07 1.969723320007324219e+01 1.879284477233886719e+01 nan 3.545485200000000000e+07 3.060799775186727700e+01
5.809668898582458496e-01 3.927336037158966064e-01 1.860803497296447543e-09 3.567385200000000000e+07 3.520397600000000000e+07 1.941408920288085938e+01 1.852270126342773438e+01 nan 3.560206800000000000e+07 3.000265867154859833e+01
5.863513946533203125e-01 3.963735401630401611e-01 1.860202753428811389e-09 3.582016800000000000e+07 3.534863200000000000e+07 1.913735580444335938e+01 1.825867652893066406e+01 nan 3.574812800000000000e+07 2.941405521028682912e+01
5.917358994483947754e-01 4.000134766101837158e-01 1.859607692406273365e-09 3.596435600000000000e+07 3.549109200000000000e+07 1.886631584167480469e+01 1.800007820129394531e+01 nan 3.589205200000000000e+07 2.884001203059412788e+01
5.971204042434692383e-01 4.036533832550048828e-01 1.859018214291441706e-09 3.610619600000000000e+07 3.563110000000000000e+07 1.860067176818847656e+01 1.774663162231445312e+01 nan 3.603361200000000000e+07 2.827970171074820982e+01
6.025049090385437012e-01 4.072933197021484375e-01 1.858434207544148841e-09 3.624624400000000000e+07 3.576922800000000000e+07 1.834055137634277344e+01 1.749845504760742188e+01 nan 3.617336800000000000e+07 2.773350410088500340e+01
6.078894138336181641e-01 4.109332561492919922e-01 1.857855577876460681e-09 3.638486000000000000e+07 3.590587200000000000e+07 1.808597183227539062e+01 1.725555992126464844e+01 nan 3.631168000000000000e+07 2.720149728123285726e+01
6.132739186286926270e-01 4.145731627941131592e-01 1.857282233477322155e-09 3.652193200000000000e+07 3.604096000000000000e+07 1.783670806884765625e+01 1.701774406433105469e+01 nan 3.644844800000000000e+07 2.668303899578002003e+01
6.186584234237670898e-01 4.182130992412567139e-01 1.856714071034082293e-09 3.665759200000000000e+07 3.617466800000000000e+07 1.759266853332519531e+01 1.678491020202636719e+01 nan 3.658381200000000000e+07 2.617781352988642851e+01
6.240429282188415527e-01 4.218530058860778809e-01 1.856151008397507339e-09 3.679252000000000000e+07 3.630771600000000000e+07 1.735401725769042969e+01 1.655721664428710938e+01 nan 3.671845200000000000e+07 2.568634613575036241e+01
6.294274330139160156e-01 4.254929423332214355e-01 1.855592947277603754e-09 3.692728000000000000e+07 3.644066800000000000e+07 1.712085533142089844e+01 1.633475685119628906e+01 nan 3.685294000000000000e+07 2.520888588152454801e+01
6.556535363197326660e-01 4.432217776775360107e-01 1.852943630635520644e-09 3.757362400000000000e+07 3.707896000000000000e+07 1.605478286743164062e+01 1.531763744354248047e+01 nan 3.749804800000000000e+07 2.305783711728778584e+01
8.039034605026245117e-01 5.434387326240539551e-01 1.839770603253567837e-09 4.082662000000000000e+07 4.028924800000000000e+07 1.160395717620849609e+01 1.107116794586181641e+01 nan 4.074452000000000000e+07 1.466398952399955036e+01
9.932619333267211914e-01 6.714450716972351074e-01 1.826201010048688587e-09 4.426343200000000000e+07 4.368099600000000000e+07 8.241158485412597656e+00 7.862770080566406250e+00 nan 4.417445200000000000e+07 9.071115589967295278e+00
1.227223634719848633e+00 8.296031951904296875e-01 1.812731498599941669e-09 4.775445600000000000e+07 4.712624400000000000e+07 5.824217319488525391e+00 5.556801319122314453e+00 nan 4.765848000000000000e+07 5.556526149954224003e+00
1.516294717788696289e+00 1.025015234947204590e+00 1.799361337301671755e-09 5.129257200000000000e+07 5.061795600000000000e+07 4.097874641418457031e+00 3.909721851348876953e+00 nan 5.118951600000000000e+07 3.373570567138560961e+00
1.873456120491027832e+00 1.266456365585327148e+00 1.786089789356977996e-09 5.487066000000000000e+07 5.414911200000000000e+07 2.871605157852172852e+00 2.739756822586059570e+00 nan 5.476042400000000000e+07 2.031731534008553552e+00
2.314746379852294922e+00 1.564768552780151367e+00 1.772916133006574509e-09 5.848327600000000000e+07 5.771433600000000000e+07 2.004918336868286133e+00 1.912863016128540039e+00 nan 5.836579600000000000e+07 1.214659747234443810e+00
2.859982252120971680e+00 1.933347940444946289e+00 1.759839636962373426e-09 6.212555200000000000e+07 6.130882400000000000e+07 1.395133256912231445e+00 1.331076025962829590e+00 nan 6.200076800000000000e+07 7.213349307271733624e-01
3.533647537231445312e+00 2.388745784759521484e+00 1.746859588797865175e-09 6.579312400000000000e+07 6.492827200000000000e+07 9.678465723991394043e-01 9.234079718589782715e-01 nan 6.566099600000000000e+07 4.257578211434779325e-01
4.365993976593017578e+00 2.951411962509155273e+00 1.733975279535418463e-09 6.948228000000000000e+07 6.856900800000000000e+07 6.695463657379150391e-01 6.388040781021118164e-01 nan 6.934275200000000000e+07 2.498934551283959193e-01
5.394398689270019531e+00 3.646613597869873047e+00 1.721185999058096773e-09 7.319000800000000000e+07 7.222806400000000000e+07 4.619971215724945068e-01 4.407843053340911865e-01 nan 7.304304000000000000e+07 1.459202493091953101e-01
6.665042877197265625e+00 4.505568981170654297e+00 1.708491050912268841e-09 7.691310400000000000e+07 7.590226400000000000e+07 3.180306255817413330e-01 3.034279644489288330e-01 nan 7.675867200000000000e+07 8.480428651369517623e-02
8.234986305236816406e+00 5.566850662231445312e+00 1.695889732548296616e-09 8.064954400000000000e+07 7.958960800000000000e+07 2.184500247240066528e-01 2.084195017814636230e-01 nan 8.048760800000000000e+07 4.907113396289251167e-02
1.017472743988037109e+01 6.878115653991699219e+00 1.683381361073609185e-09 8.439683200000000000e+07 8.328760000000000000e+07 1.497471630573272705e-01 1.428710669279098511e-01 nan 8.422736000000000000e+07 2.828002213085034633e-02
1.257137203216552734e+01 8.498247146606445312e+00 1.670965250288532184e-09 8.815284800000000000e+07 8.699416800000000000e+07 1.024594753980636597e-01 9.775456041097640991e-02 nan 8.797582400000000000e+07 1.623698757488932151e-02
1.553254413604736328e+01 1.050000000000000000e+01 1.658640709094829109e-09 9.191566400000000000e+07 9.070730400000000000e+07 6.998262554407119751e-02 6.676884740591049194e-02 nan 9.173105600000000000e+07 9.290024954445745553e-03
