# k/h [h/Mpc]            k [1/Mpc]              Primoridal             T_cdm(k)                 T_bar(k)                 T_phot(k)                T_massless neutrions(k)  T_massive neutrinos(k)   T_total(k)               Linear Pk [(Mpc/h)^3]  
1.049045658874092624e-05 7.091548468451946974e-06 2.727206404909961128e-09 1.000000000000000000e+00 1.000000000000000000e+00 1.000000000000000000e+00 1.000000000000000000e+00 nan 1.000000000000000000e+00 4.517257991018787777e+00
1.158353370556142181e-05 7.830468348402064294e-06 2.717761705682844603e-09 9.999998211860656738e-01 9.999998211860656738e-01 9.999672174453735352e-01 9.999665021896362305e-01 nan 9.999998211860656738e-01 4.970668429285114875e+00
1.279050593439023942e-05 8.646382411825470626e-06 2.708349706436794825e-09 9.999995231628417969e-01 9.999995231628417969e-01 9.999274015426635742e-01 9.999255537986755371e-01 nan 9.999995231628417969e-01 5.469586976470584005e+00
1.412324218108551577e-05 9.547311492497101426e-06 2.698970312856197758e-09 9.999991655349731445e-01 9.999991655349731445e-01 9.998787641525268555e-01 9.998757243156433105e-01 nan 9.999991655349731445e-01 6.018583585765508559e+00
1.559484553581569344e-05 1.054211588780162856e-05 2.689623392481895528e-09 9.999988079071044922e-01 9.999986886978149414e-01 9.998193383216857910e-01 9.998149275779724121e-01 nan 9.999988079071044922e-01 6.622682785189772048e+00
1.721978514979127795e-05 1.164057448477251455e-05 2.680308856040028027e-09 9.999983310699462891e-01 9.999983310699462891e-01 9.997470974922180176e-01 9.997408390045166016e-01 nan 9.999983310699462891e-01 7.287416495929266880e+00
1.901403993542771786e-05 1.285349117097212002e-05 2.671026563908324178e-09 9.999977350234985352e-01 9.999976754188537598e-01 9.996589422225952148e-01 9.996505379676818848e-01 nan 9.999977350234985352e-01 8.018868801223510090e+00
2.099525045196060091e-05 1.419278942194068804e-05 2.661776424936157355e-09 9.999970197677612305e-01 9.999969005584716797e-01 9.995514154434204102e-01 9.995403289794921875e-01 nan 9.999970197677612305e-01 8.823736178943203612e+00
2.318289807590190321e-05 1.567163963045459241e-05 2.652558315858844083e-09 9.999961256980895996e-01 9.999959468841552734e-01 9.994204044342041016e-01 9.994060993194580078e-01 nan 9.999961256980895996e-01 9.709386438712821032e+00
2.559849235694855452e-05 1.730458097881637514e-05 2.643372135990062650e-09 9.999949932098388672e-01 9.999948143959045410e-01 9.992606043815612793e-01 9.992424845695495605e-01 nan 9.999949932098388672e-01 1.068392466051180456e+01
2.826578383974265307e-05 1.910767059598583728e-05 2.634217767634683471e-09 9.999936223030090332e-01 9.999934434890747070e-01 9.990659952163696289e-01 9.990429282188415527e-01 nan 9.999936223030090332e-01 1.175627241185711824e+01
3.121100235148333013e-05 2.109863817167934030e-05 2.625095097817206075e-09 9.999920129776000977e-01 9.999918341636657715e-01 9.988285899162292480e-01 9.987997412681579590e-01 nan 9.999920129776000977e-01 1.293624592758185798e+01
3.446310074650682509e-05 2.329705603187903762e-05 2.616004033478672110e-09 9.999899864196777344e-01 9.999898076057434082e-01 9.985391497611999512e-01 9.985032677650451660e-01 nan 9.999899864196777344e-01 1.423464210243159656e+01
3.805406231549568474e-05 2.572454650362487882e-05 2.606944439452153756e-09 9.999876618385314941e-01 9.999873042106628418e-01 9.981865882873535156e-01 9.981419444084167480e-01 nan 9.999874830245971680e-01 1.566334627446548211e+01
4.201919000479392707e-05 2.840497290890198201e-05 2.597916226597658093e-09 9.999846220016479492e-01 9.999842643737792969e-01 9.977567791938781738e-01 9.977015256881713867e-01 nan 9.999845623970031738e-01 1.723542321820221090e+01
4.639747567125596106e-05 3.136469240416772664e-05 2.588919279439887767e-09 9.999809861183166504e-01 9.999806284904479980e-01 9.972328543663024902e-01 9.971647858619689941e-01 nan 9.999809265136718750e-01 1.896526240330255675e+01
5.123196388012729585e-05 3.463280881987884641e-05 2.579953483847589841e-09 9.999766349792480469e-01 9.999760985374450684e-01 9.965945482254028320e-01 9.965107440948486328e-01 nan 9.999765753746032715e-01 2.086868433887717345e+01
5.657019573845900595e-05 3.824145096587017179e-05 2.571018745591721348e-09 9.999713301658630371e-01 9.999706745147705078e-01 9.958167076110839844e-01 9.957139492034912109e-01 nan 9.999712109565734863e-01 2.296309912430626810e+01
6.246465636650100350e-05 4.222610732540488243e-05 2.562114941593048984e-09 9.999647736549377441e-01 9.999639391899108887e-01 9.948692321777343750e-01 9.947431683540344238e-01 nan 9.999647140502929688e-01 2.526764890164627175e+01
6.897329876665025949e-05 4.662595165427774191e-05 2.553241977543412439e-09 9.999567866325378418e-01 9.999558329582214355e-01 9.937151074409484863e-01 9.935607910156250000e-01 nan 9.999567270278930664e-01 2.780339948583235454e+01
7.616012590005993843e-05 5.148424679646268487e-05 2.544399743325443185e-09 9.999470710754394531e-01 9.999459385871887207e-01 9.923096895217895508e-01 9.921209216117858887e-01 nan 9.999469518661499023e-01 3.059352395833802873e+01
8.409580186707898974e-05 5.684876305167563260e-05 2.535588130685252624e-09 9.999352693557739258e-01 9.999338388442993164e-01 9.905986785888671875e-01 9.903680086135864258e-01 nan 9.999350309371948242e-01 3.366350317381670720e+01
9.285835403716191649e-05 6.277224747464060783e-05 2.526807033334104165e-09 9.999209046363830566e-01 9.999192357063293457e-01 9.885162711143493652e-01 9.882347583770751953e-01 nan 9.999206066131591797e-01 3.704135215917815316e+01
1.025339443003758788e-04 6.931294774403795600e-05 2.518056339675267213e-09 9.999033212661743164e-01 9.999012947082519531e-01 9.859829545021057129e-01 9.856396317481994629e-01 nan 9.999029636383056641e-01 4.075787803331542847e+01
1.132176985265687108e-04 7.653516513528302312e-05 2.509335958204897443e-09 9.998818635940551758e-01 9.998793601989746094e-01 9.829026460647583008e-01 9.824842214584350586e-01 nan 9.998815059661865234e-01 4.484695825561525595e+01
1.250146742677316070e-04 8.450992027064785361e-05 2.500645773867358897e-09 9.998558163642883301e-01 9.998527765274047852e-01 9.791592955589294434e-01 9.786497950553894043e-01 nan 9.998552799224853516e-01 4.934582201111970789e+01
1.380408502882346511e-04 9.331561159342527390e-05 2.491985695624705562e-09 9.998239874839782715e-01 9.998203516006469727e-01 9.746136069297790527e-01 9.739937782287597656e-01 nan 9.998233914375305176e-01 5.429535810850048705e+01
1.524243270978331566e-04 1.030388448270969093e-04 2.483355596498544299e-09 9.997852444648742676e-01 9.997808337211608887e-01 9.690983891487121582e-01 9.683451652526855469e-01 nan 9.997845292091369629e-01 5.974053978374526963e+01
1.683065347606316209e-04 1.137752187787555158e-04 2.474755379885282393e-09 9.997381567955017090e-01 9.997326731681823730e-01 9.624142050743103027e-01 9.614998698234558105e-01 nan 9.997372627258300781e-01 6.573070390758635995e+01
1.858436153270304203e-04 1.256302784895524383e-04 2.466184957973141175e-09 9.996806979179382324e-01 9.996740221977233887e-01 9.543238878250122070e-01 9.532155990600585938e-01 nan 9.996796846389770508e-01 7.231999748710472886e+01
2.052080089924857020e-04 1.387206139042973518e-04 2.457644209414643305e-09 9.996107816696166992e-01 9.996026754379272461e-01 9.445475935935974121e-01 9.432060122489929199e-01 nan 9.996095299720764160e-01 7.956785663792663854e+01
2.265901130158454180e-04 1.531749148853123188e-04 2.449133045395065615e-09 9.995256662368774414e-01 9.995158314704895020e-01 9.327570199966430664e-01 9.311362504959106445e-01 nan 9.995240569114685059e-01 8.753942936975096245e+01
2.502001880202442408e-04 1.691353245405480266e-04 2.440651351248999153e-09 9.994221329689025879e-01 9.994102716445922852e-01 9.185715913772583008e-01 9.166178107261657715e-01 nan 9.994202852249145508e-01 9.630609628605550654e+01
2.762703516054898500e-04 1.867587561719119549e-04 2.432199034655000626e-09 9.992962479591369629e-01 9.992818832397460938e-01 9.015551805496215820e-01 8.992059230804443359e-01 nan 9.992941021919250488e-01 1.059459533272720080e+02
3.050569503102451563e-04 2.062184939859434962e-04 2.423775992290330563e-09 9.991432428359985352e-01 9.991259574890136719e-01 8.812162280082702637e-01 8.784008026123046875e-01 nan 9.991406798362731934e-01 1.165443979963352632e+02
3.368430479895323515e-04 2.277058956678956747e-04 2.415382114947829304e-09 9.989575147628784180e-01 9.989365339279174805e-01 8.570137023925781250e-01 8.536522388458251953e-01 nan 9.989543557167053223e-01 1.281946682190168474e+02
3.719411906786262989e-04 2.514322404749691486e-04 2.407017301830847028e-09 9.987320899963378906e-01 9.987068176269531250e-01 8.283694386482238770e-01 8.243750333786010742e-01 nan 9.987283349037170410e-01 1.409983303031755497e+02
4.106964333914220333e-04 2.776307810563594103e-04 2.398681465071051552e-09 9.984588623046875000e-01 9.984285831451416016e-01 7.946941256523132324e-01 7.899743914604187012e-01 nan 9.984542727470397949e-01 1.550659186751599066e+02
4.534898616839200258e-04 3.065591445192694664e-04 2.390374494355455649e-09 9.981281161308288574e-01 9.980918765068054199e-01 7.554281353950500488e-01 7.498899698257446289e-01 nan 9.981225728988647461e-01 1.705173551062910349e+02
5.007422878406941891e-04 3.385017917025834322e-04 2.382096284987275655e-09 9.977284073829650879e-01 9.976850152015686035e-01 7.101052403450012207e-01 7.036611437797546387e-01 nan 9.977217912673950195e-01 1.874824900780107555e+02
5.529182380996644497e-04 3.737727238330990076e-04 2.373846756225058361e-09 9.972460269927978516e-01 9.971944689750671387e-01 6.584433913230895996e-01 6.510215997695922852e-01 nan 9.972381591796875000e-01 2.061012866764381499e+02
6.105307838879525661e-04 4.127188003621995449e-04 2.365625794166928840e-09 9.966650605201721191e-01 9.966043829917907715e-01 6.004663109779357910e-01 5.920240283012390137e-01 nan 9.966557621955871582e-01 2.265241749964045823e+02
6.741464603692293167e-04 4.557229985948652029e-04 2.357433293568910220e-09 9.959673881530761719e-01 9.958961009979248047e-01 5.366536378860473633e-01 5.271939635276794434e-01 nan 9.959565401077270508e-01 2.489123132871775113e+02
7.443906506523489952e-04 5.032080807723104954e-04 2.349269171114912410e-09 9.951317906379699707e-01 9.950490593910217285e-01 4.681083559989929199e-01 4.576993584632873535e-01 nan 9.951192140579223633e-01 2.734370568076271866e+02
8.219541050493717194e-04 5.556409596465528011e-04 2.341133324843220307e-09 9.941343665122985840e-01 9.940390586853027344e-01 3.967100381851196289e-01 3.855031728744506836e-01 nan 9.941197633743286133e-01 3.002799753153441884e+02
9.075994603335857391e-04 6.135372095741331577e-04 2.333025652639057309e-09 9.929484128952026367e-01 9.928399920463562012e-01 3.251993656158447266e-01 3.134415447711944580e-01 nan 9.929318428039550781e-01 3.296321880926112726e+02
1.002168864943087101e-03 6.774661596864461899e-04 2.324946049885245546e-09 9.915445446968078613e-01 9.914225935935974121e-01 2.571063935756683350e-01 2.451373189687728882e-01 nan 9.915260076522827148e-01 3.616935179736573787e+02
1.106592128053307533e-03 7.480562780983746052e-04 2.316894434325377400e-09 9.898905754089355469e-01 9.897555708885192871e-01 1.964157968759536743e-01 1.846410632133483887e-01 nan 9.898700118064880371e-01 3.966712149090501498e+02
1.221895916387438774e-03 8.260016329586505890e-04 2.308870708568745277e-09 9.879523515701293945e-01 9.878051877021789551e-01 1.468760818243026733e-01 1.357095092535018921e-01 nan 9.879298806190490723e-01 4.347787105090381488e+02
1.349214115180075169e-03 9.120687609538435936e-04 2.300874762407135126e-09 9.856933951377868652e-01 9.855358004570007324e-01 1.109590083360671997e-01 1.007384434342384338e-01 nan 9.856693148612976074e-01 4.762336004356270678e+02
1.489798538386821747e-03 1.007103826850652695e-03 2.292906509188567727e-09 9.830754995346069336e-01 9.829091429710388184e-01 8.869836479425430298e-02 7.960073649883270264e-02 nan 9.830500483512878418e-01 5.212547928538808719e+02
1.645031501539051533e-03 1.112041296437382698e-03 2.284965850418265676e-09 9.800579547882080078e-01 9.798845648765563965e-01 7.697007805109024048e-02 6.897586584091186523e-02 nan 9.800315499305725098e-01 5.700591551640851549e+02
1.816439209505915642e-03 1.227912958711385727e-03 2.277052691606405739e-09 9.765976667404174805e-01 9.764178395271301270e-01 7.003437727689743042e-02 6.299667805433273315e-02 nan 9.765700697898864746e-01 6.228561910038353062e+02
2.005707239732146263e-03 1.355858054012060165e-03 2.269166941709029953e-09 9.726473689079284668e-01 9.724599123001098633e-01 6.191183254122734070e-02 5.573216825723648071e-02 nan 9.726186990737915039e-01 6.798408738094566388e+02
2.214696491137146950e-03 1.497134799137711525e-03 2.261308494449764354e-09 9.681554436683654785e-01 9.679569005966186523e-01 4.991902783513069153e-02 4.470960795879364014e-02 nan 9.681251645088195801e-01 7.411851536035443360e+02
2.445461694151163101e-03 1.653132145293056965e-03 2.253477264686429142e-09 9.630661606788635254e-01 9.628506898880004883e-01 3.670391440391540527e-02 3.272019326686859131e-02 nan 9.630331993103027344e-01 8.070282820307247675e+02
2.700272016227245331e-03 1.825383864343166351e-03 2.245673160886940457e-09 9.573192000389099121e-01 9.570803642272949219e-01 2.755528129637241364e-02 2.483990229666233063e-02 nan 9.572826623916625977e-01 8.774655709314605474e+02
2.981632947921752930e-03 2.015583915635943413e-03 2.237896076485985185e-09 9.508520364761352539e-01 9.505841135978698730e-01 2.387701906263828278e-02 2.178495936095714569e-02 nan 9.508111476898193359e-01 9.525382985750607077e+02
3.292310982942581177e-03 2.225602278485894203e-03 2.230145925871712440e-09 9.435998797416687012e-01 9.432983398437500000e-01 2.088249474763870239e-02 1.773269847035408020e-02 nan 9.435538053512573242e-01 1.032220156792520129e+03
3.635360859334468842e-03 2.457503927871584892e-03 2.222422616889744185e-09 9.354954957962036133e-01 9.351557493209838867e-01 1.539921108633279800e-02 1.442012190818786621e-02 nan 9.354435801506042480e-01 1.116400628433784050e+03
4.014155361801385880e-03 2.713568974286317825e-03 2.214726058195065524e-09 9.264693260192871094e-01 9.260841012001037598e-01 1.157359313219785690e-02 1.171363703906536102e-02 nan 9.264104962348937988e-01 1.204865967808378400e+03
4.432419314980506897e-03 2.996315481141209602e-03 2.207056148657132701e-09 9.164507985115051270e-01 9.160093069076538086e-01 1.071376819163560867e-02 9.503721259534358978e-03 nan 9.163832664489746094e-01 1.297283781938571110e+03
4.894265439361333847e-03 3.308523446321487427e-03 2.199412800139309644e-09 9.053679704666137695e-01 9.048570394515991211e-01 8.253470994532108307e-03 7.700706832110881805e-03 nan 9.052899479866027832e-01 1.393179266087151746e+03
5.404234398156404495e-03 3.653262509033083916e-03 2.191795924301313793e-09 8.931487798690795898e-01 8.925552964210510254e-01 6.871678866446018219e-03 6.230817642062902451e-03 nan 8.930581212043762207e-01 1.491916068953736840e+03
5.967340432107448578e-03 4.033922217786312103e-03 2.184205430909534259e-09 8.797211050987243652e-01 8.790297508239746094e-01 6.050150375813245773e-03 5.033578723669052124e-03 nan 8.796154856681823730e-01 1.592673578615556607e+03
6.589121185243129730e-03 4.454245790839195251e-03 2.176641221197925960e-09 8.650125861167907715e-01 8.642030954360961914e-01 4.278596956282854080e-03 4.059406463056802750e-03 nan 8.648889064788818359e-01 1.694422238660257108e+03
7.275689393281936646e-03 4.918366204947233200e-03 2.169103203027300791e-09 8.489513993263244629e-01 8.480005264282226562e-01 3.468431532382965088e-03 3.267576219514012337e-03 nan 8.488061428070068359e-01 1.795901600550910871e+03
8.033796213567256927e-03 5.430846009403467178e-03 2.161591299930936394e-09 8.314663171768188477e-01 8.303479552268981934e-01 2.937387209385633469e-03 2.624737331643700600e-03 nan 8.312954306602478027e-01 1.895597675823107693e+03
8.870895951986312866e-03 5.996725521981716156e-03 2.154105401952956366e-09 8.124860525131225586e-01 8.111684918403625488e-01 2.056503901258111000e-03 2.103541046380996704e-03 nan 8.122847080230712891e-01 1.991722081407077212e+03
9.795218706130981445e-03 6.621567998081445694e-03 2.146645430474833453e-09 7.919414043426513672e-01 7.903890609741210938e-01 1.891234889626502991e-03 1.681572524830698967e-03 nan 7.917042970657348633e-01 2.082202832923505412e+03
1.081585418432950974e-02 7.311517372727394104e-03 2.139211293795359687e-09 7.697637081146240234e-01 7.679358720779418945e-01 1.480751787312328815e-03 1.340484479442238808e-03 nan 7.694845199584960938e-01 2.164670831657611870e+03
1.194283645600080490e-02 8.073357865214347839e-03 2.131802900090153706e-09 7.458876371383666992e-01 7.437391281127929688e-01 1.204027445055544376e-03 1.065251533873379230e-03 nan 7.455593943595886230e-01 2.236473894015885890e+03
1.318724639713764191e-02 8.914578706026077271e-03 2.124420174276236449e-09 7.202543020248413086e-01 7.177355885505676270e-01 9.794774232432246208e-04 8.435884956270456314e-04 nan 7.198694944381713867e-01 2.294715037814939933e+03
1.456132158637046814e-02 9.843453764915466309e-03 2.117063005254935590e-09 6.928155422210693359e-01 6.898742914199829102e-01 7.406314834952354431e-04 6.654551252722740173e-04 nan 6.923661231994628906e-01 2.336319934521202413e+03
1.607857085764408112e-02 1.086911372840404510e-02 2.109731324472420402e-09 6.635427474975585938e-01 6.601258516311645508e-01 5.381920491345226765e-04 5.226548528298735619e-04 nan 6.630207300186157227e-01 2.358168661629621056e+03
1.775391399860382080e-02 1.200164575129747391e-02 2.102425026951150955e-09 6.324388980865478516e-01 6.284961700439453125e-01 4.011399578303098679e-04 4.085042164660990238e-04 nan 6.318365335464477539e-01 2.357296699153437658e+03
1.960382424294948578e-02 1.325218472629785538e-02 2.095144031049849183e-09 5.995562076568603516e-01 5.950457453727722168e-01 3.418839478399604559e-04 3.175593737978488207e-04 nan 5.988671183586120605e-01 2.331186358597096387e+03
2.164648845791816711e-02 1.463302597403526306e-02 2.087888252770266929e-09 5.650198459625244141e-01 5.599152445793151855e-01 2.629236259963363409e-04 2.453918277751654387e-04 nan 5.642399787902832031e-01 2.278162122216566786e+03
2.390199340879917145e-02 1.615774817764759064e-02 2.080657597354892904e-09 5.290568470954895020e-01 5.233574509620666504e-01 1.897320908028632402e-04 1.884013327071443200e-04 nan 5.281860828399658203e-01 2.197869383784456204e+03
2.639251388609409332e-02 1.784133911132812500e-02 2.073451995948668221e-09 4.920287132263183594e-01 4.857709705829620361e-01 1.632635539863258600e-04 1.436622696928679943e-04 nan 4.910726249217987061e-01 2.091790142039708826e+03
2.914254181087017059e-02 1.970035769045352936e-02 2.066271340052806293e-09 4.544614553451538086e-01 4.477322399616241455e-01 1.103872709791176021e-04 1.087952841771766543e-04 nan 4.534333348274230957e-01 1.963682868935217130e+03
3.217911347746849060e-02 2.175308018922805786e-02 2.059115554147728899e-09 4.170621931552886963e-01 4.100106954574584961e-01 8.960538980318233371e-05 8.186043123714625835e-05 nan 4.159848988056182861e-01 1.819780140210137688e+03
3.553209081292152405e-02 2.401969395577907562e-02 2.051984539888671147e-09 3.807055354118347168e-01 3.735496103763580322e-01 6.254838808672502637e-05 6.126859079813584685e-05 nan 3.796122670173645020e-01 1.668536320227841315e+03
3.923443704843521118e-02 2.652247995138168335e-02 2.044878229365854235e-09 3.463672995567321777e-01 3.393887877464294434e-01 5.092774517834186554e-05 4.570878081722185016e-05 nan 3.453011512756347656e-01 1.519746351327159118e+03
4.332255572080612183e-02 2.928604744374752045e-02 2.037796533657790378e-09 3.149840831756591797e-01 3.085052073001861572e-01 3.778373502427712083e-05 3.409037162782624364e-05 nan 3.139942884445190430e-01 1.382975945495920769e+03
4.765481501817703247e-02 3.221465647220611572e-02 2.031010053452367756e-09 2.881474494934082031e-01 2.824450731277465820e-01 2.726308593992143869e-05 2.577692976046819240e-05 nan 2.872762680053710938e-01 1.268851684369012673e+03
5.198707059025764465e-02 3.514325991272926331e-02 2.024834231214258902e-09 2.668943405151367188e-01 2.620944380760192871e-01 2.122531077475287020e-05 2.006824070122092962e-05 nan 2.661610543727874756e-01 1.183930137281409998e+03
5.631932616233825684e-02 3.807186335325241089e-02 2.019169610001785353e-09 2.495149523019790649e-01 2.456121146678924561e-01 1.691437319095712155e-05 1.599226743564940989e-05 nan 2.489186972379684448e-01 1.117855960897728210e+03
6.065158173441886902e-02 4.100047051906585693e-02 2.013939112582009273e-09 2.348057031631469727e-01 2.316844463348388672e-01 1.372987844661111012e-05 1.298135157412616536e-05 nan 2.343288660049438477e-01 1.063330457995183906e+03
6.498383730649948120e-02 4.392907395958900452e-02 2.009081821590703985e-09 2.216393202543258667e-01 2.191093564033508301e-01 1.129306656366679817e-05 1.067737321136519313e-05 nan 2.212527841329574585e-01 1.012649298192718447e+03
6.931609660387039185e-02 4.685768112540245056e-02 2.004548729015451583e-09 2.091892659664154053e-01 2.070271074771881104e-01 9.369637155032251030e-06 8.858801265887450427e-06 nan 2.088589370250701904e-01 9.600458020479937886e+02
7.364834845066070557e-02 4.978628456592559814e-02 2.000299865353250301e-09 1.969700902700424194e-01 1.949595510959625244e-01 7.815080607542768121e-06 7.389000529656186700e-06 nan 1.966629177331924438e-01 9.024458186138940619e+02
7.798060774803161621e-02 5.271489173173904419e-02 1.996302173696350216e-09 1.848506927490234375e-01 1.828161925077438354e-01 6.541065886267460883e-06 6.184452104207593948e-06 nan 1.845398843288421631e-01 8.398805289613376317e+02
8.231285959482192993e-02 5.564349144697189331e-02 1.992528044667567094e-09 1.729639619588851929e-01 1.707919985055923462e-01 5.491725005413172767e-06 5.192330263525946066e-06 nan 1.726321429014205933e-01 7.747220157464014392e+02
8.664511889219284058e-02 5.857209861278533936e-02 1.988954134422163219e-09 1.615745127201080322e-01 1.592215299606323242e-01 4.628382612281711772e-06 4.376063770905602723e-06 nan 1.612150371074676514e-01 7.103576829019667684e+02
9.097737073898315430e-02 6.150070205330848694e-02 1.985560585482697045e-09 1.509602814912796021e-01 1.484472006559371948e-01 3.920951257896376774e-06 3.707205678438185714e-06 nan 1.505763232707977295e-01 6.499865327023825330e+02
9.636187553405761719e-02 6.514062732458114624e-02 1.981568674123380254e-09 1.392248719930648804e-01 1.366138905286788940e-01 3.222197392460657284e-06 3.046548954444006085e-06 nan 1.388259828090667725e-01 5.844003844722382155e+02
1.017463728785514832e-01 6.878054887056350708e-02 1.977801256732118934e-09 1.294266730546951294e-01 1.268715560436248779e-01 2.686349262148723938e-06 2.539913111831992865e-06 nan 1.290363073348999023e-01 5.322450195870964080e+02
1.071308776736259460e-01 7.242047041654586792e-02 1.974234781265857972e-09 1.216155439615249634e-01 1.192643940448760986e-01 2.277023440910852514e-06 2.152898105123313144e-06 nan 1.212563440203666687e-01 4.939171609442521458e+02
1.125153750181198120e-01 7.606039196252822876e-02 1.970849203820953451e-09 1.154578700661659241e-01 1.134111210703849792e-01 1.960305780812632293e-06 1.853442313404229935e-06 nan 1.151451617479324341e-01 4.667398211650732947e+02
1.178998723626136780e-01 7.970031350851058960e-02 1.967627323526894450e-09 1.103926673531532288e-01 1.086814627051353455e-01 1.707645310489169788e-06 1.614551365491934121e-06 nan 1.101312264800071716e-01 4.463742017560304589e+02
1.232843771576881409e-01 8.334024250507354736e-02 1.964554264128985100e-09 1.058632358908653259e-01 1.044502779841423035e-01 1.498191409154969733e-06 1.416513327967550140e-06 nan 1.056473702192306519e-01 4.285730407713617751e+02
1.286688745021820068e-01 8.698015660047531128e-02 1.961617102724775952e-09 1.014372035861015320e-01 1.002357527613639832e-01 1.318242425440985244e-06 1.246373130925348960e-06 nan 1.012536510825157166e-01 4.100574735808979767e+02
1.340533792972564697e-01 9.062008559703826904e-02 1.958804483640675406e-09 9.684791415929794312e-02 9.575091302394866943e-02 1.159620069302036427e-06 1.096398364097694866e-06 nan 9.668032079935073853e-02 3.888766516810052281e+02
1.394378840923309326e-01 9.426000714302062988e-02 1.956106446915437174e-09 9.202588349580764771e-02 9.093569219112396240e-02 1.018336092784011271e-06 9.628178077036864124e-07 nan 9.185932576656341553e-02 3.647167487028155506e+02
1.448223739862442017e-01 9.789992123842239380e-02 1.953514161287429418e-09 8.708167076110839844e-02 8.593257516622543335e-02 8.931012871471466497e-07 8.444118293482461013e-07 nan 8.690611273050308228e-02 3.387413596874264385e+02
1.502068787813186646e-01 1.015398502349853516e-01 1.951019758654691563e-09 8.222678303718566895e-02 8.099549263715744019e-02 7.837026601009711158e-07 7.409786917378369253e-07 nan 8.203866332769393921e-02 3.128531550011498439e+02
1.555913835763931274e-01 1.051797717809677124e-01 1.948616241255242070e-09 7.769484817981719971e-02 7.639844715595245361e-02 6.899483082634105813e-07 6.523363822452665772e-07 nan 7.749678939580917358e-02 2.889740224217846389e+02
1.609758734703063965e-01 1.088196933269500732e-01 1.946297314463125787e-09 7.368520647287368774e-02 7.236913591623306274e-02 6.111820312071358785e-07 5.778646254839259200e-07 nan 7.348414510488510132e-02 2.685920132256275679e+02
1.663603782653808594e-01 1.124596148729324341e-01 1.944057316713681798e-09 7.030317187309265137e-02 6.902387738227844238e-02 5.459637577587272972e-07 5.162016236681665760e-07 nan 7.010772079229354858e-02 2.523894756170947460e+02
1.717448830604553223e-01 1.160995438694953918e-01 1.941891129256332855e-09 6.752073019742965698e-02 6.632837653160095215e-02 4.920368041894107591e-07 4.652141285532707116e-07 nan 6.733856350183486938e-02 2.400741470785853551e+02
1.771293878555297852e-01 1.197394654154777527e-01 1.939794125595426991e-09 6.520304828882217407e-02 6.412881612777709961e-02 4.467866574486833997e-07 4.224301619615289383e-07 nan 6.503892689943313599e-02 2.306452478153315155e+02
1.825138777494430542e-01 1.233793795108795166e-01 1.937762091126241291e-09 6.317414343357086182e-02 6.222453713417053223e-02 4.078163726717320969e-07 3.855838031086022966e-07 nan 6.302905827760696411e-02 2.228628034247049641e+02
1.878983825445175171e-01 1.270193010568618774e-01 1.935791175107242678e-09 6.126313656568527222e-02 6.042169779539108276e-02 3.732182562998787034e-07 3.528714103140373481e-07 nan 6.113458052277565002e-02 2.155472407987913073e+02
1.932828873395919800e-01 1.306592375040054321e-01 1.933877861004656685e-09 5.932959541678428650e-02 5.856413766741752625e-02 3.416280378587543964e-07 3.230031495604634983e-07 nan 5.921264737844467163e-02 2.077436176752845256e+02
1.986673772335052490e-01 1.342991441488265991e-01 1.932018951816384183e-09 5.729284137487411499e-02 5.656562373042106628e-02 3.122701457414223114e-07 2.952457407445763238e-07 nan 5.718173831701278687e-02 1.989303978046772556e+02
2.040518820285797119e-01 1.379390656948089600e-01 1.930211465507478933e-09 5.515064299106597900e-02 5.442831665277481079e-02 2.849200768650916871e-07 2.693869305403495673e-07 nan 5.504028499126434326e-02 1.891512109711731284e+02
2.094363868236541748e-01 1.415790021419525146e-01 1.928452677645768952e-09 5.296248197555541992e-02 5.222342908382415771e-02 2.596905233076540753e-07 2.455330445627623703e-07 nan 5.284957215189933777e-02 1.788793707080183992e+02
2.148208767175674438e-01 1.452189087867736816e-01 1.926740094380007882e-09 5.081414803862571716e-02 5.005155503749847412e-02 2.367816875903372420e-07 2.238733429749117931e-07 nan 5.069763958454132080e-02 1.687451876866669807e+02
2.202053815126419067e-01 1.488588303327560425e-01 1.925071368159055733e-09 4.879140108823776245e-02 4.801218584179878235e-02 2.163391314979890012e-07 2.045454294830051367e-07 nan 4.867235198616981506e-02 1.593396434431853947e+02
2.255898863077163696e-01 1.524987667798995972e-01 1.923444343781293656e-09 4.696170613169670105e-02 4.618219658732414246e-02 1.983844697406311752e-07 1.875696540309945703e-07 nan 4.684261232614517212e-02 1.510947668732557361e+02
2.309743911027908325e-01 1.561386883258819580e-01 1.921857033120720865e-09 4.535632953047752380e-02 4.459632188081741333e-02 1.827689999345238903e-07 1.728054712657467462e-07 nan 4.524021595716476440e-02 1.441860344982766549e+02
2.363588809967041016e-01 1.597786098718643188e-01 1.920307567935778733e-09 4.396393150091171265e-02 4.324083402752876282e-02 1.691871887032903032e-07 1.599640171434657532e-07 nan 4.385345429182052612e-02 1.385154658358270297e+02
2.417433857917785645e-01 1.634185314178466797e-01 1.918794213956308179e-09 4.274206981062889099e-02 4.206664487719535828e-02 1.572561671991934418e-07 1.486832843511365354e-07 nan 4.263887926936149597e-02 1.338001378883458017e+02
2.471278905868530273e-01 1.670584529638290405e-01 1.917315352832477265e-09 4.163287952542304993e-02 4.100738838315010071e-02 1.465919439169738325e-07 1.386003276593328337e-07 nan 4.153731837868690491e-02 1.296733287782425066e+02
2.525123953819274902e-01 1.706983745098114014e-01 1.915869472055197894e-09 4.057380184531211853e-02 3.999255597591400146e-02 1.368508151244895998e-07 1.293901590315726935e-07 nan 4.048500210046768188e-02 1.257484091897635921e+02
2.578969001770019531e-01 1.743383109569549561e-01 1.914455150219987163e-09 3.951094672083854675e-02 3.896277025341987610e-02 1.277686720868587145e-07 1.208030937505100155e-07 nan 3.942719846963882446e-02 1.216994651363199438e+02
2.632813751697540283e-01 1.779782027006149292e-01 1.913071083197014340e-09 3.841598331928253174e-02 3.788768500089645386e-02 1.192007985650889168e-07 1.127023097069468349e-07 nan 3.833527117967605591e-02 1.173647407095485988e+02
2.686658799648284912e-01 1.816181391477584839e-01 1.911715991580206360e-09 3.729165345430374146e-02 3.677141293883323669e-02 1.111167691192349594e-07 1.050590299200848676e-07 nan 3.721217438578605652e-02 1.127772973945082953e+02
2.740503847599029541e-01 1.852580606937408447e-01 1.910388727493893778e-09 3.616017103195190430e-02 3.564005345106124878e-02 1.035455454712064238e-07 9.790061739067823510e-08 nan 3.608070686459541321e-02 1.080875262308801439e+02
2.794348895549774170e-01 1.888979822397232056e-01 1.909088184011114833e-09 3.504903241991996765e-02 3.452614322304725647e-02 9.652465138287880109e-08 9.126251399038665113e-08 nan 3.496914356946945190e-02 1.034715917872524500e+02
2.848193943500518799e-01 1.925379037857055664e-01 1.907813323590368924e-09 3.398584201931953430e-02 3.346203640103340149e-02 9.008387991116251214e-08 8.517291405496507650e-08 nan 3.390581160783767700e-02 9.909778968560210899e+01
2.902038991451263428e-01 1.961778402328491211e-01 1.906563162582237113e-09 3.299574553966522217e-02 3.247625380754470825e-02 8.423956643355268170e-08 7.964722215092479018e-08 nan 3.291637822985649109e-02 9.511145513749485758e+01
2.955884039402008057e-01 1.998177617788314819e-01 1.905336787226579552e-09 3.209373727440834045e-02 3.158516436815261841e-02 7.897744325191524695e-08 7.467197349342313828e-08 nan 3.201603889465332031e-02 9.159298053733748191e+01
3.009728789329528809e-01 2.034576684236526489e-01 1.904133323856378078e-09 3.127766400575637817e-02 3.078601881861686707e-02 7.424144854439873598e-08 7.019415448894505971e-08 nan 3.120254911482334137e-02 8.852293988727909380e+01
3.063573837280273438e-01 2.070975899696350098e-01 1.902951936232507350e-09 3.053110465407371521e-02 3.006028570234775543e-02 6.994781642788439058e-08 6.613456804416273371e-08 nan 3.045917302370071411e-02 8.580323766196960378e+01
3.117418885231018066e-01 2.107375115156173706e-01 1.901791846628511990e-09 2.983269095420837402e-02 2.938375063240528107e-02 6.601113256010648911e-08 6.241247518801174010e-08 nan 2.976410277187824249e-02 8.331159649263747724e+01
3.171263933181762695e-01 2.143774479627609253e-01 1.900652308391623192e-09 2.916240878403186798e-02 2.873365394771099091e-02 6.235890026573542855e-08 5.895932631005962321e-08 nan 2.909690327942371368e-02 8.093648711636797088e+01
3.225108981132507324e-01 2.180173695087432861e-01 1.899532626729035332e-09 2.850320376455783844e-02 2.809095010161399841e-02 5.893342702734116756e-08 5.572058370262311655e-08 nan 2.844022028148174286e-02 7.858524145914257986e+01
3.278954029083251953e-01 2.216572910547256470e-01 1.898432128189829179e-09 2.784308046102523804e-02 2.744277752935886383e-02 5.569413730199812562e-08 5.265788161068485351e-08 nan 2.778192050755023956e-02 7.619517137907531890e+01
3.332799077033996582e-01 2.252972126007080078e-01 1.897350177081271127e-09 2.717873081564903259e-02 2.678610943257808685e-02 5.262216618007187208e-08 4.975339251700461318e-08 nan 2.711874432861804962e-02 7.375261272858477923e+01
3.386643826961517334e-01 2.289371192455291748e-01 1.896286172945125672e-09 2.651616744697093964e-02 2.612814493477344513e-02 4.971826328414863383e-08 4.700781275346344046e-08 nan 2.645688690245151520e-02 7.129471816234932646e+01
3.440488874912261963e-01 2.325770407915115356e-01 1.895239531240720810e-09 2.586632035672664642e-02 2.548145875334739685e-02 4.699168343336168618e-08 4.442988199571118457e-08 nan 2.580752409994602203e-02 6.888363606612917067e+01
3.494333922863006592e-01 2.362169772386550903e-01 1.894209703480833635e-09 2.523957937955856323e-02 2.485809661448001862e-02 4.444911638756821048e-08 4.202593473223714682e-08 nan 2.518129721283912659e-02 6.657622572549239237e+01
3.548178970813751221e-01 2.398568987846374512e-01 1.893196174858241155e-09 2.464338950812816620e-02 2.426674030721187592e-02 4.209080017858468636e-08 3.979619123128941283e-08 nan 2.458584494888782501e-02 6.441166184382043980e+01
3.602024018764495850e-01 2.434968203306198120e-01 1.892198441798694543e-09 2.408214658498764038e-02 2.371238730847835541e-02 3.991120678392690024e-08 3.773542189833278826e-08 nan 2.402565628290176392e-02 6.241172682661881765e+01
3.655869066715240479e-01 2.471367418766021729e-01 1.891216027459402332e-09 2.355663105845451355e-02 2.319576591253280640e-02 3.789896751982269052e-08 3.583287977448890160e-08 nan 2.350149862468242645e-02 6.057879391620858200e+01
3.709714114665985107e-01 2.507766783237457275e-01 1.890248472221847833e-09 2.306311950087547302e-02 2.271255291998386383e-02 3.603638631943795190e-08 3.407183513104428130e-08 nan 2.300956100225448608e-02 5.889221912686696214e+01
3.763558864593505859e-01 2.544165849685668945e-01 1.889295352117686434e-09 2.259438484907150269e-02 2.225461788475513458e-02 3.430194794873386854e-08 3.243194868218779447e-08 nan 2.254247665405273438e-02 5.731418174619440009e+01
3.817403912544250488e-01 2.580564916133880615e-01 1.888356242191734645e-09 2.214261330664157867e-02 2.181320264935493469e-02 3.267532378004034399e-08 3.089398958877609402e-08 nan 2.209228463470935822e-02 5.580489033644982300e+01
3.871248960494995117e-01 2.616964280605316162e-01 1.887430735669950155e-09 2.170164510607719421e-02 2.138142660260200500e-02 3.114055147079852759e-08 2.944288901574054762e-08 nan 2.165272273123264313e-02 5.433377994322233917e+01
3.925094008445739746e-01 2.653363645076751709e-01 1.886518457772270655e-09 2.126736193895339966e-02 2.095478028059005737e-02 2.968612022868910572e-08 2.806774368480091653e-08 nan 2.121960557997226715e-02 5.288113953218572760e+01
3.978939056396484375e-01 2.689762711524963379e-01 1.885619049100158659e-09 2.083764225244522095e-02 2.053113840520381927e-02 2.830434375766799349e-08 2.676129717826825072e-08 nan 2.079081535339355469e-02 5.143762024557779711e+01
4.032784104347229004e-01 2.726162075996398926e-01 1.884732143174389957e-09 2.041298523545265198e-02 2.011132612824440002e-02 2.699172796383209061e-08 2.552024369606442633e-08 nan 2.036689780652523041e-02 5.000692111222537761e+01
4.086629152297973633e-01 2.762561440467834473e-01 1.883857409814700777e-09 1.999645866453647614e-02 1.969892531633377075e-02 2.574835455959600949e-08 2.434465606881985877e-08 nan 1.995100267231464386e-02 4.860510960916710133e+01
4.140473902225494385e-01 2.798960208892822266e-01 1.882994538868699288e-09 1.959187351167201996e-02 1.929829828441143036e-02 2.457508863074053806e-08 2.323535319703751156e-08 nan 1.954702101647853851e-02 4.725127199339544148e+01
4.194318950176239014e-01 2.835359573364257812e-01 1.882143190604211824e-09 1.920181699097156525e-02 1.891249045729637146e-02 2.347106331512804900e-08 2.219151618021442118e-08 nan 1.915761269629001617e-02 4.595801303114889436e+01
4.248163998126983643e-01 2.871758937835693359e-01 1.881303079826970542e-09 1.882749237120151520e-02 1.854297704994678497e-02 2.243366381549094513e-08 2.121067232963014249e-08 nan 1.878402568399906158e-02 4.473088617892586427e+01
4.302009046077728271e-01 2.908158004283905029e-01 1.880473925305205483e-09 1.846938952803611755e-02 1.819029450416564941e-02 2.145953104104592057e-08 2.028964729561266722e-08 nan 1.842675171792507172e-02 4.357186996093566478e+01
4.355854094028472900e-01 2.944557368755340576e-01 1.879655436356054805e-09 1.812703907489776611e-02 1.785383000969886780e-02 2.054439818266473594e-08 1.942440164270919922e-08 nan 1.808529905974864960e-02 4.247836008470977021e+01
4.409699141979217529e-01 2.980956733226776123e-01 1.878847353036435648e-09 1.779838092625141144e-02 1.753126457333564758e-02 1.968250629147405562e-08 1.860949616627749492e-08 nan 1.775757223367691040e-02 4.144039900651765151e+01
4.463544189929962158e-01 3.017355799674987793e-01 1.878049424887222573e-09 1.748036965727806091e-02 1.721924170851707458e-02 1.886747469370675390e-08 1.783889302942043287e-08 nan 1.744047552347183228e-02 4.044366622633614128e+01
4.517388939857482910e-01 3.053754866123199463e-01 1.877261397654174740e-09 1.717047579586505890e-02 1.691497117280960083e-02 1.809398675334250584e-08 1.710757402406670735e-08 nan 1.713144034147262573e-02 3.947656662040778741e+01
4.571233987808227539e-01 3.090154230594635010e-01 1.876483026309890802e-09 1.686730235815048218e-02 1.661688834428787231e-02 1.735833521365748311e-08 1.641202551638798468e-08 nan 1.682904548943042755e-02 3.853290798454074917e+01
4.625079035758972168e-01 3.126553297042846680e-01 1.875714093387305177e-09 1.657004281878471375e-02 1.632415130734443665e-02 1.665770099634755752e-08 1.574958830019568268e-08 nan 1.653247512876987457e-02 3.760932676519554008e+01
4.678924083709716797e-01 3.162952661514282227e-01 1.874954364165268396e-09 1.627818495035171509e-02 1.603631116449832916e-02 1.598977483752150874e-08 1.511807390386366023e-08 nan 1.624123193323612213e-02 3.670380975123107703e+01
4.732769131660461426e-01 3.199352025985717773e-01 1.874203630559428286e-09 1.599195227026939392e-02 1.575374044477939606e-02 1.535311966449626198e-08 1.451612696712345496e-08 nan 1.595555990934371948e-02 3.581768943764581792e+01
4.786614179611206055e-01 3.235751092433929443e-01 1.873461691551420399e-09 1.571246981620788574e-02 1.547774206846952438e-02 1.474722388650206994e-08 1.394326432091474999e-08 nan 1.567661017179489136e-02 3.495623841839594093e+01
4.840458929538726807e-01 3.272150158882141113e-01 1.872728340933758753e-09 1.544099394232034683e-02 1.520973723381757736e-02 1.417170469864004190e-08 1.339912003572862886e-08 nan 1.540566328912973404e-02 3.412512846981616121e+01
4.894303977489471436e-01 3.308549523353576660e-01 1.872003379495005729e-09 1.517806947231292725e-02 1.495037972927093506e-02 1.362551227401809228e-08 1.288270468080554565e-08 nan 1.514328457415103912e-02 3.332676229399920942e+01
4.948149025440216064e-01 3.344948589801788330e-01 1.871286632213937058e-09 1.492353808134794235e-02 1.469956059008836746e-02 1.310702035794975018e-08 1.239247815476574033e-08 nan 1.488931849598884583e-02 3.256035583922993482e+01
5.001994371414184570e-01 3.381348252296447754e-01 1.870577900826693527e-09 1.467707008123397827e-02 1.445692963898181915e-02 1.261454052325916564e-08 1.192684528916743147e-08 nan 1.464343816041946411e-02 3.182439693628680999e+01
5.055838823318481445e-01 3.417747020721435547e-01 1.869877039368293133e-09 1.443832647055387497e-02 1.422208081930875778e-02 1.214647671332613754e-08 1.148429884523238798e-08 nan 1.440528780221939087e-02 3.111733855644850877e+01
5.109683871269226074e-01 3.454146385192871094e-01 1.869183849789121820e-09 1.420663949102163315e-02 1.399425230920314789e-02 1.170105967673862324e-08 1.106316549481789480e-08 nan 1.417419221252202988e-02 3.043625955234690394e+01
5.163528919219970703e-01 3.490545451641082764e-01 1.868498185335105332e-09 1.398093346506357193e-02 1.377227902412414551e-02 1.127630167019333385e-08 1.066156141149576797e-08 nan 1.394905522465705872e-02 2.977652956823397901e+01
5.217373967170715332e-01 3.526944816112518311e-01 1.867819876059786520e-09 1.376021560281515121e-02 1.355510670691728592e-02 1.087042189595877062e-08 1.027780882623119396e-08 nan 1.372887939214706421e-02 2.913398527988743680e+01
5.271219015121459961e-01 3.563344180583953857e-01 1.867148773833358248e-09 1.354406680911779404e-02 1.334228366613388062e-02 1.048220354959994438e-08 9.910754883435402007e-09 nan 1.351323910057544708e-02 2.850694187047661998e+01
5.325064063072204590e-01 3.599743247032165527e-01 1.866484735032350672e-09 1.333248149603605270e-02 1.313381269574165344e-02 1.011082773061389162e-08 9.559625979704833298e-09 nan 1.330212969332933426e-02 2.789547445740209497e+01
5.378909111022949219e-01 3.636142611503601074e-01 1.865827604301946768e-09 1.312543172389268875e-02 1.292970590293407440e-02 9.755505736563918617e-09 9.223673380631680629e-09 nan 1.309552881866693497e-02 2.729954597641872738e+01
5.432754158973693848e-01 3.672541677951812744e-01 1.865177252290424566e-09 1.292283739894628525e-02 1.272993069142103195e-02 9.415455082262269570e-09 8.902160786306012596e-09 nan 1.289336569607257843e-02 2.671888816717902415e+01
5.486599206924438477e-01 3.708941042423248291e-01 1.864533532427482462e-09 1.272486615926027298e-02 1.253471523523330688e-02 9.090109998055595497e-09 8.594554401497589424e-09 nan 1.269581541419029236e-02 2.615425555944853286e+01
5.540444254875183105e-01 3.745340406894683838e-01 1.863896318172137942e-09 1.253189891576766968e-02 1.234448049217462540e-02 8.779085902688166243e-09 8.300483855805396161e-09 nan 1.250326540321111679e-02 2.560722776790299093e+01
5.594289302825927734e-01 3.781739473342895508e-01 1.863265486641235488e-09 1.234409213066101074e-02 1.215941179543733597e-02 8.481848112751322333e-09 8.019450881135981035e-09 nan 1.231587771326303482e-02 2.507843581477432693e+01
5.648134350776672363e-01 3.818138837814331055e-01 1.862640903204479876e-09 1.216119062155485153e-02 1.197925675660371780e-02 8.197610590343629156e-09 7.750709407616795943e-09 nan 1.213339529931545258e-02 2.456681090324028460e+01
5.701979398727416992e-01 3.854538202285766602e-01 1.862022452330667509e-09 1.198283676058053970e-02 1.180364377796649933e-02 7.925561540389480797e-09 7.493491160914800275e-09 nan 1.195545960217714310e-02 2.407090059182937125e+01
5.755824446678161621e-01 3.890937268733978271e-01 1.861410021730888845e-09 1.180885452777147293e-02 1.163237448781728745e-02 7.665051704464076465e-09 7.247182409741981246e-09 nan 1.178189180791378021e-02 2.358998311234188705e+01
5.809668898582458496e-01 3.927336037158966064e-01 1.860803497296447543e-09 1.163908746093511581e-02 1.146526448428630829e-02 7.415478897598859476e-09 7.011216052177360325e-09 nan 1.161253079771995544e-02 2.312342893064941052e+01
5.863513946533203125e-01 3.963735401630401611e-01 1.860202753428811389e-09 1.147316582500934601e-02 1.130191981792449951e-02 7.176141014753056879e-09 6.784926398495372268e-09 nan 1.144700311124324799e-02 2.266977524150011547e+01
5.917358994483947754e-01 4.000134766101837158e-01 1.859607692406273365e-09 1.131066028028726578e-02 1.114189997315406799e-02 6.946342168134833628e-09 6.567655308487019283e-09 nan 1.128487754613161087e-02 2.222734827615406772e+01
5.971204042434692383e-01 4.036533832550048828e-01 1.859018214291441706e-09 1.115140318870544434e-02 1.098502986133098602e-02 6.725580981026269001e-09 6.358928494876181503e-09 nan 1.112598553299903870e-02 2.179551124513929139e+01
6.025049090385437012e-01 4.072933197021484375e-01 1.858434207544148841e-09 1.099545974284410477e-02 1.083138771355152130e-02 6.513526162876814851e-09 6.158434207037544184e-09 nan 1.097039226442575455e-02 2.137455233658112874e+01
6.078894138336181641e-01 4.109332561492919922e-01 1.857855577876460681e-09 1.084284111857414246e-02 1.068099588155746460e-02 6.309828215478319180e-09 5.965840710331349328e-09 nan 1.081811450421810150e-02 2.096453237558382554e+01
6.132739186286926270e-01 4.145731627941131592e-01 1.857282233477322155e-09 1.069341599941253662e-02 1.053373981267213821e-02 6.114073247687201729e-09 5.780758094431348582e-09 nan 1.066902000457048416e-02 2.056495585008475757e+01
6.186584234237670898e-01 4.182130992412567139e-01 1.856714071034082293e-09 1.054711639881134033e-02 1.038957294076681137e-02 5.925905544046372597e-09 5.602848407448846046e-09 nan 1.052304729819297791e-02 2.017557358983938443e+01
6.240429282188415527e-01 4.218530058860778809e-01 1.856151008397507339e-09 1.040404755622148514e-02 1.024860609322786331e-02 5.745079523222784701e-09 5.431880278905509840e-09 nan 1.038029883056879044e-02 1.979679557923515887e+01
6.294274330139160156e-01 4.254929423332214355e-01 1.855592947277603754e-09 1.026426255702972412e-02 1.011090073734521866e-02 5.571331396225787103e-09 5.267604130665404227e-09 nan 1.024083141237497330e-02 1.942881487628059389e+01
6.556535363197326660e-01 4.432217776775360107e-01 1.852943630635520644e-09 9.625114500522613525e-03 9.481437504291534424e-03 4.814826315424625136e-09 4.552340726604597876e-09 nan 9.603163227438926697e-03 1.777096111537688472e+01
8.039034605026245117e-01 5.434387326240539551e-01 1.839770603253567837e-09 6.956762634217739105e-03 6.852939724922180176e-03 2.314852087792473867e-09 2.188655479073986498e-09 nan 6.940901279449462891e-03 1.130171735740463212e+01
9.932619333267211914e-01 6.714450716972351074e-01 1.826201010048688587e-09 4.940706305205821991e-03 4.866992589086294174e-03 1.076925548737506233e-09 1.018215733950000867e-09 nan 4.929444752633571625e-03 6.991219403637297880e+00
1.227223634719848633e+00 8.296031951904296875e-01 1.812731498599941669e-09 3.491708543151617050e-03 3.439626190811395645e-03 4.985573065496851086e-10 4.713778811726854201e-10 nan 3.483751323074102402e-03 4.282483088245403025e+00
1.516294717788696289e+00 1.025015234947204590e+00 1.799361337301671755e-09 2.456737449392676353e-03 2.420100383460521698e-03 2.297821932728538741e-10 2.172553387191911156e-10 nan 2.451140200719237328e-03 2.600051894132286101e+00
1.873456120491027832e+00 1.266456365585327148e+00 1.786089789356977996e-09 1.721569569781422615e-03 1.695900340564548969e-03 1.054781748055511059e-10 9.972790648848928186e-11 nan 1.717647770419716835e-03 1.565879939460244508e+00
2.314746379852294922e+00 1.564768552780151367e+00 1.772916133006574509e-09 1.201977487653493881e-03 1.184057793579995632e-03 4.824083493781827769e-11 4.561092128985144711e-11 nan 1.199239748530089855e-03 9.361527558662801063e-01
2.859982252120971680e+00 1.933347940444946289e+00 1.759839636962373426e-09 8.364019449800252914e-04 8.239336311817169189e-04 2.198943110931494971e-11 2.079064351234727326e-11 nan 8.344971574842929840e-04 5.559413638748349484e-01
3.533647537231445312e+00 2.388745784759521484e+00 1.746859588797865175e-09 5.802371888421475887e-04 5.715880542993545532e-04 9.992748815912388949e-12 9.447977990240108426e-12 nan 5.789157585240900517e-04 3.281366931188665070e-01
4.365993976593017578e+00 2.951411962509155273e+00 1.733975279535418463e-09 4.014017176814377308e-04 3.954185231123119593e-04 4.528342978371568961e-12 4.281471011058357590e-12 nan 4.004876245744526386e-04 1.925958740770049304e-01
5.394398689270019531e+00 3.646613597869873047e+00 1.721185999058096773e-09 2.769728598650544882e-04 2.728442486841231585e-04 2.046812155528932031e-12 1.935225417415420424e-12 nan 2.763420925475656986e-04 1.124625030827800659e-01
6.665042877197265625e+00 4.505568981170654297e+00 1.708491050912268841e-09 1.906627876451238990e-04 1.878204784588888288e-04 9.229704674151850696e-13 8.726519398587206933e-13 nan 1.902285584947094321e-04 6.535969785318782033e-02
8.234986305236816406e+00 5.566850662231445312e+00 1.695889732548296616e-09 1.309627405134961009e-04 1.290099899051710963e-04 4.152895204372758498e-13 3.926482619945326213e-13 nan 1.306644116993993521e-04 3.781973713991536312e-02
1.017472743988037109e+01 6.878115653991699219e+00 1.683381361073609185e-09 8.977435936685651541e-05 8.843528485158458352e-05 1.864822451189476760e-13 1.763150985888833899e-13 nan 8.956977399066090584e-05 2.179577865841924103e-02
1.257137203216552734e+01 8.498247146606445312e+00 1.670965250288532184e-09 6.142468191683292389e-05 6.050794399925507605e-05 8.358166724920304547e-14 7.902450802023050502e-14 nan 6.128463428467512131e-05 1.251406552247008933e-02
1.553254413604736328e+01 1.050000000000000000e+01 1.658640709094829109e-09 4.195430301479063928e-05 4.132757385377772152e-05 3.739631827402896402e-14 3.535720164999506254e-14 nan 4.185855505056679249e-05 7.159957693216489200e-03
