# k/h [h/Mpc]            k [1/Mpc]              Primoridal             T_cdm(k)                 T_bar(k)                 T_phot(k)                T_massless neutrions(k)  T_massive neutrinos(k)   T_total(k)               Linear Pk [(Mpc/h)^3]  
1.049045658874092624e-05 7.091548468451946974e-06 2.727206404909961128e-09 1.000000000000000000e+00 1.000000000000000000e+00 1.000000000000000000e+00 1.000000000000000000e+00 nan 1.000000000000000000e+00 1.117553849163911295e+01
1.158353370556142181e-05 7.830468348402064294e-06 2.717761705682844603e-09 1.219251275062561035e+00 1.219251155853271484e+00 1.219188213348388672e+00 1.219186425209045410e+00 nan 1.219251155853271484e+00 1.229725867602317635e+01
1.279050593439023942e-05 8.646382411825470626e-06 2.708349706436794825e-09 1.486573696136474609e+00 1.486573696136474609e+00 1.486403107643127441e+00 1.486398339271545410e+00 nan 1.486573696136474609e+00 1.353156370444001411e+01
1.412324218108551577e-05 9.547311492497101426e-06 2.698970312856197758e-09 1.812506556510925293e+00 1.812506556510925293e+00 1.812159180641174316e+00 1.812149524688720703e+00 nan 1.812506556510925293e+00 1.488975839771264909e+01
1.559484553581569344e-05 1.054211588780162856e-05 2.689623392481895528e-09 2.209900856018066406e+00 2.209900856018066406e+00 2.209269762039184570e+00 2.209252595901489258e+00 nan 2.209900856018066406e+00 1.638427929612362632e+01
1.721978514979127795e-05 1.164057448477251455e-05 2.680308856040028027e-09 2.694422960281372070e+00 2.694422960281372070e+00 2.693346023559570312e+00 2.693315982818603516e+00 nan 2.694422960281372070e+00 1.802880006647711397e+01
1.901403993542771786e-05 1.285349117097212002e-05 2.671026563908324178e-09 3.285177946090698242e+00 3.285177469253540039e+00 3.283406257629394531e+00 3.283357381820678711e+00 nan 3.285177946090698242e+00 1.983838544499691281e+01
2.099525045196060091e-05 1.419278942194068804e-05 2.661776424936157355e-09 4.005455017089843750e+00 4.005454540252685547e+00 4.002614974975585938e+00 4.002535820007324219e+00 nan 4.005455017089843750e+00 2.182959392178840119e+01
2.318289807590190321e-05 1.567163963045459241e-05 2.652558315858844083e-09 4.883652687072753906e+00 4.883652210235595703e+00 4.879178524017333984e+00 4.879054069519042969e+00 nan 4.883652687072753906e+00 2.402065278161762407e+01
2.559849235694855452e-05 1.730458097881637514e-05 2.643372135990062650e-09 5.954393386840820312e+00 5.954391956329345703e+00 5.947434902191162109e+00 5.947241783142089844e+00 nan 5.954393386840820312e+00 2.643161854431927438e+01
2.826578383974265307e-05 1.910767059598583728e-05 2.634217767634683471e-09 7.259892940521240234e+00 7.259891510009765625e+00 7.249175071716308594e+00 7.248877048492431641e+00 nan 7.259892463684082031e+00 2.908456027874012761e+01
3.121100235148333013e-05 2.109863817167934030e-05 2.625095097817206075e-09 8.851619720458984375e+00 8.851617813110351562e+00 8.835231781005859375e+00 8.834776878356933594e+00 nan 8.851619720458984375e+00 3.200374929903345134e+01
3.446310074650682509e-05 2.329705603187903762e-05 2.616004033478672110e-09 1.079232597351074219e+01 1.079232215881347656e+01 1.076741123199462891e+01 1.076671981811523438e+01 nan 1.079232501983642578e+01 3.521591499904867817e+01
3.805406231549568474e-05 2.572454650362487882e-05 2.606944439452153756e-09 1.315852642059326172e+01 1.315852069854736328e+01 1.312081813812255859e+01 1.311977195739746094e+01 nan 1.315852451324462891e+01 3.875044658704759826e+01
4.201919000479392707e-05 2.840497290890198201e-05 2.597916226597658093e-09 1.604349708557128906e+01 1.604349136352539062e+01 1.598663330078125000e+01 1.598505496978759766e+01 nan 1.604349708557128906e+01 4.263966364546766386e+01
4.639747567125596106e-05 3.136469240416772664e-05 2.588919279439887767e-09 1.956098175048828125e+01 1.956097221374511719e+01 1.947547149658203125e+01 1.947309875488281250e+01 nan 1.956097984313964844e+01 4.691917344570454418e+01
5.123196388012729585e-05 3.463280881987884641e-05 2.579953483847589841e-09 2.384964179992675781e+01 2.384962463378906250e+01 2.372135543823242188e+01 2.371779441833496094e+01 nan 2.384963798522949219e+01 5.162809538145823041e+01
5.657019573845900595e-05 3.824145096587017179e-05 2.571018745591721348e-09 2.907853317260742188e+01 2.907851219177246094e+01 2.888643836975097656e+01 2.888111305236816406e+01 nan 2.907853126525878906e+01 5.680948865713278195e+01
6.246465636650100350e-05 4.222610732540488243e-05 2.562114941593048984e-09 3.545379257202148438e+01 3.545376205444335938e+01 3.516661071777343750e+01 3.515864944458007812e+01 nan 3.545378494262695312e+01 6.251073085065947055e+01
6.897329876665025949e-05 4.662595165427774191e-05 2.553241977543412439e-09 4.322671127319335938e+01 4.322666168212890625e+01 4.279793930053710938e+01 4.278606033325195312e+01 nan 4.322669982910156250e+01 6.878390370564416401e+01
7.616012590005993843e-05 5.148424679646268487e-05 2.544399743325443185e-09 5.270365905761718750e+01 5.270358276367187500e+01 5.206423568725585938e+01 5.204652404785156250e+01 nan 5.270364761352539062e+01 7.568631909107939748e+01
8.409580186707898974e-05 5.684876305167563260e-05 2.535588130685252624e-09 6.425816345214843750e+01 6.425805664062500000e+01 6.330554199218750000e+01 6.327919387817382812e+01 nan 6.425814819335937500e+01 8.328099733404914673e+01
9.285835403716191649e-05 6.277224747464060783e-05 2.526807033334104165e-09 7.834559631347656250e+01 7.834542846679687500e+01 7.692770385742187500e+01 7.688851165771484375e+01 nan 7.834556579589843750e+01 9.163720576069394497e+01
1.025339443003758788e-04 6.931294774403795600e-05 2.518056339675267213e-09 9.552111816406250000e+01 9.552087402343750000e+01 9.341250610351562500e+01 9.335430145263671875e+01 nan 9.552108001708984375e+01 1.008311807249705936e+02
1.132176985265687108e-04 7.653516513528302312e-05 2.509335958204897443e-09 1.164614868164062500e+02 1.164611282348632812e+02 1.133283538818359375e+02 1.132419815063476562e+02 nan 1.164614257812500000e+02 1.109465999444931725e+02
1.250146742677316070e-04 8.450992027064785361e-05 2.500645773867358897e-09 1.419916992187500000e+02 1.419911499023437500e+02 1.373402862548828125e+02 1.372122497558593750e+02 nan 1.419915924072265625e+02 1.220755508936444045e+02
1.380408502882346511e-04 9.331561159342527390e-05 2.491985695624705562e-09 1.731174011230468750e+02 1.731165771484375000e+02 1.662182312011718750e+02 1.660287017822265625e+02 nan 1.731172790527343750e+02 1.343190759348482572e+02
1.524243270978331566e-04 1.030388448270969093e-04 2.483355596498544299e-09 2.110644836425781250e+02 2.110633087158203125e+02 2.008416137695312500e+02 2.005614776611328125e+02 nan 2.110643157958984375e+02 1.477882791700112648e+02
1.683065347606316209e-04 1.137752187787555158e-04 2.474755379885282393e-09 2.573272094726562500e+02 2.573254394531250000e+02 2.421964111328125000e+02 2.417830047607421875e+02 nan 2.573269348144531250e+02 1.626051282046146298e+02
1.858436153270304203e-04 1.256302784895524383e-04 2.466184957973141175e-09 3.137263793945312500e+02 3.137237548828125000e+02 2.913604431152343750e+02 2.907515258789062500e+02 nan 3.137259521484375000e+02 1.789033257236343957e+02
2.052080089924857020e-04 1.387206139042973518e-04 2.457644209414643305e-09 3.824814758300781250e+02 3.824776611328125000e+02 3.494707031250000000e+02 3.485760192871093750e+02 nan 3.824808654785156250e+02 1.968296560323157678e+02
2.265901130158454180e-04 1.531749148853123188e-04 2.449133045395065615e-09 4.662966918945312500e+02 4.662911071777343750e+02 4.176619873046875000e+02 4.163509216308593750e+02 nan 4.662958679199218750e+02 2.165448082837981758e+02
2.502001880202442408e-04 1.691353245405480266e-04 2.440651351248999153e-09 5.684673461914062500e+02 5.684589233398437500e+02 4.969663696289062500e+02 4.950517578125000000e+02 nan 5.684660644531250000e+02 2.382250763547714882e+02
2.762703516054898500e-04 1.867587561719119549e-04 2.432199034655000626e-09 6.930073242187500000e+02 6.929949951171875000e+02 5.881579589843750000e+02 5.853731689453125000e+02 nan 6.930054321289062500e+02 2.620628188563124468e+02
3.050569503102451563e-04 2.062184939859434962e-04 2.423775992290330563e-09 8.448062133789062500e+02 8.447880249023437500e+02 6.915264892578125000e+02 6.874960327148437500e+02 nan 8.448034057617187500e+02 2.882686787183951651e+02
3.368430479895323515e-04 2.277058956678956747e-04 2.415382114947829304e-09 1.029818359375000000e+03 1.029791870117187500e+03 8.065661621093750000e+02 8.007677001953125000e+02 nan 1.029814453125000000e+03 3.170720469239556678e+02
3.719411906786262989e-04 2.514322404749691486e-04 2.407017301830847028e-09 1.255293945312500000e+03 1.255254882812500000e+03 9.315728759765625000e+02 9.232914428710937500e+02 nan 1.255287963867187500e+03 3.487231799464022970e+02
4.106964333914220333e-04 2.776307810563594103e-04 2.398681465071051552e-09 1.530056030273437500e+03 1.529999145507812500e+03 1.063163940429687500e+03 1.051441772460937500e+03 nan 1.530047363281250000e+03 3.834935079643422000e+02
4.534898616839200258e-04 3.065591445192694664e-04 2.390374494355455649e-09 1.864841796875000000e+03 1.864759155273437500e+03 1.195782592773437500e+03 1.179369995117187500e+03 nan 1.864829101562500000e+03 4.216778401922248349e+02
5.007422878406941891e-04 3.385017917025834322e-04 2.382096284987275655e-09 2.272711181640625000e+03 2.272591308593750000e+03 1.321307617187500000e+03 1.298631713867187500e+03 nan 2.272692871093750000e+03 4.635947537039670578e+02
5.529182380996644497e-04 3.737727238330990076e-04 2.373846756225058361e-09 2.769540283203125000e+03 2.769368652343750000e+03 1.429007690429687500e+03 1.398184692382812500e+03 nan 2.769514648437500000e+03 5.095877069516359938e+02
6.105307838879525661e-04 4.127188003621995449e-04 2.365625794166928840e-09 3.374625488281250000e+03 3.374380371093750000e+03 1.506206420898437500e+03 1.465135742187500000e+03 nan 3.374588134765625000e+03 5.600259088709655089e+02
6.741464603692293167e-04 4.557229985948652029e-04 2.357433293568910220e-09 4.111400878906250000e+03 4.111053710937500000e+03 1.540123657226562500e+03 1.486713500976562500e+03 nan 4.111347656250000000e+03 6.153041816800722472e+02
7.443906506523489952e-04 5.032080807723104954e-04 2.349269171114912410e-09 5.008309570312500000e+03 5.007823242187500000e+03 1.521330444335937500e+03 1.453903564453125000e+03 nan 5.008235839843750000e+03 6.758433635620231144e+02
8.219541050493717194e-04 5.556409596465528011e-04 2.341133324843220307e-09 6.099856445312500000e+03 6.099181640625000000e+03 1.448855468750000000e+03 1.366745483398437500e+03 nan 6.099753417968750000e+03 7.420895319640989101e+02
9.075994603335857391e-04 6.135372095741331577e-04 2.333025652639057309e-09 7.427865234375000000e+03 7.426941894531250000e+03 1.335906982421875000e+03 1.240163574218750000e+03 nan 7.427724609375000000e+03 8.145137921670487913e+02
1.002168864943087101e-03 6.774661596864461899e-04 2.324946049885245546e-09 9.042993164062500000e+03 9.041748046875000000e+03 1.213301269531250000e+03 1.107261840820312500e+03 nan 9.042801757812500000e+03 8.936103377554794633e+02
1.106592128053307533e-03 7.480562780983746052e-04 2.316894434325377400e-09 1.100654101562500000e+04 1.100489160156250000e+04 1.125478759765625000e+03 1.014794433593750000e+03 nan 1.100629003906250000e+04 9.798932534854084224e+02
1.221895916387438774e-03 8.260016329586505890e-04 2.308870708568745277e-09 1.339262109375000000e+04 1.339047460937500000e+04 1.113617675781250000e+03 1.005307312011718750e+03 nan 1.339229394531250000e+04 1.073894683971405811e+03
1.349214115180075169e-03 9.120687609538435936e-04 2.300874762407135126e-09 1.629074023437500000e+04 1.628800000000000000e+04 1.186009765625000000e+03 1.086562988281250000e+03 nan 1.629032226562500000e+04 1.176157608770869047e+03
1.489798538386821747e-03 1.007103826850652695e-03 2.292906509188567727e-09 1.980884765625000000e+04 1.980540429687500000e+04 1.291408569335937500e+03 1.204975219726562500e+03 nan 1.980832031250000000e+04 1.287228606302245908e+03
1.645031501539051533e-03 1.112041296437382698e-03 2.284965850418265676e-09 2.407694140625000000e+04 2.407266210937500000e+04 1.330623535156250000e+03 1.259154418945312500e+03 nan 2.407628906250000000e+04 1.407645270514446565e+03
1.816439209505915642e-03 1.227912958711385727e-03 2.277052691606405739e-09 2.925132031250000000e+04 2.924602929687500000e+04 1.236145751953125000e+03 1.181928833007812500e+03 nan 2.925051367187500000e+04 1.537924258266700235e+03
2.005707239732146263e-03 1.355858054012060165e-03 2.269166941709029953e-09 3.551955078125000000e+04 3.551296875000000000e+04 1.076670410156250000e+03 1.042919189453125000e+03 nan 3.551854296875000000e+04 1.678542507617094770e+03
2.214696491137146950e-03 1.497134799137711525e-03 2.261308494449764354e-09 4.310629687500000000e+04 4.309800000000000000e+04 1.031706787109375000e+03 1.014952636718750000e+03 nan 4.310503515625000000e+04 1.829920426697044832e+03
2.445461694151163101e-03 1.653132145293056965e-03 2.253477264686429142e-09 5.228009765625000000e+04 5.226939843750000000e+04 1.145106201171875000e+03 1.008855407714843750e+03 nan 5.227846484375000000e+04 1.992401717223663127e+03
2.700272016227245331e-03 1.825383864343166351e-03 2.245673160886940457e-09 6.336112109375000000e+04 6.334705859375000000e+04 1.183800903320312500e+03 1.002876403808593750e+03 nan 6.335896875000000000e+04 2.166223960382771111e+03
2.981632947921752930e-03 2.015583915635943413e-03 2.237896076485985185e-09 7.673015625000000000e+04 7.671148437500000000e+04 1.056130371093750000e+03 9.961395263671875000e+02 nan 7.672731250000000000e+04 2.351489355231675745e+03
3.292310982942581177e-03 2.225602278485894203e-03 2.230145925871712440e-09 9.283864843750000000e+04 9.281375781250000000e+04 1.080466918945312500e+03 9.885684204101562500e+02 nan 9.283485156250000000e+04 2.548131839581953500e+03
3.635360859334468842e-03 2.457503927871584892e-03 2.222422616889744185e-09 1.122201953125000000e+05 1.121869609375000000e+05 1.156793945312500000e+03 9.800961303710937500e+02 nan 1.122151250000000000e+05 2.755876069218803423e+03
4.014155361801385880e-03 2.713568974286317825e-03 2.214726058195065524e-09 1.355030781250000000e+05 1.354584062500000000e+05 1.005005126953125000e+03 9.706560668945312500e+02 nan 1.354962656250000000e+05 2.974194982156228434e+03
4.432419314980506897e-03 2.996315481141209602e-03 2.207056148657132701e-09 1.634242187500000000e+05 1.633633593750000000e+05 1.113987426757812500e+03 9.601663208007812500e+02 nan 1.634149062500000000e+05 3.202264126203885553e+03
4.894265439361333847e-03 3.308523446321487427e-03 2.199412800139309644e-09 1.968437031250000000e+05 1.967598750000000000e+05 1.035298583984375000e+03 9.485574340820312500e+02 nan 1.968308906250000000e+05 3.438910065438795755e+03
5.404234398156404495e-03 3.653262509033083916e-03 2.191795924301313793e-09 2.367605625000000000e+05 2.366444375000000000e+05 1.041998901367187500e+03 9.357524414062500000e+02 nan 2.367428437500000000e+05 3.682560366126580902e+03
5.967340432107448578e-03 4.033922217786312103e-03 2.184205430909534259e-09 2.843278437500000000e+05 2.841662187500000000e+05 9.388281860351562500e+02 9.216766357421875000e+02 nan 2.843031875000000000e+05 3.931184651412017956e+03
6.589121185243129730e-03 4.454245790839195251e-03 2.176641221197925960e-09 3.408673125000000000e+05 3.406405000000000000e+05 1.003501708984375000e+03 9.062524414062500000e+02 nan 3.408326562500000000e+05 4.182237472852794781e+03
7.275689393281936646e-03 4.918366204947233200e-03 2.169103203027300791e-09 4.078812812500000000e+05 4.075613437500000000e+05 9.551932983398437500e+02 8.894061889648437500e+02 nan 4.078324062500000000e+05 4.432602622681499270e+03
8.033796213567256927e-03 5.430846009403467178e-03 2.161591299930936394e-09 4.870602812500000000e+05 4.866076250000000000e+05 8.483381347656250000e+02 8.710621948242187500e+02 nan 4.869911250000000000e+05 4.678537997209183231e+03
8.870895951986312866e-03 5.996725521981716156e-03 2.154105401952956366e-09 5.802832500000000000e+05 5.796404375000000000e+05 8.776886596679687500e+02 8.511446533203125000e+02 nan 5.801850625000000000e+05 4.915618356520246380e+03
9.795218706130981445e-03 6.621567998081445694e-03 2.146645430474833453e-09 6.896075000000000000e+05 6.886930625000000000e+05 8.329379882812500000e+02 8.295812988281250000e+02 nan 6.894677500000000000e+05 5.138724441902523722e+03
1.081585418432950974e-02 7.311517372727394104e-03 2.139211293795359687e-09 8.172396250000000000e+05 8.159376875000000000e+05 8.142233886718750000e+02 8.062992553710937500e+02 nan 8.170406875000000000e+05 5.341997014476090953e+03
1.194283645600080490e-02 8.073357865214347839e-03 2.131802900090153706e-09 9.654869375000000000e+05 9.636339375000000000e+05 7.681983032226562500e+02 7.812294311523437500e+02 nan 9.652037500000000000e+05 5.518879118062243833e+03
1.318724639713764191e-02 8.914578706026077271e-03 2.124420174276236449e-09 1.136677500000000000e+06 1.134043875000000000e+06 8.021152954101562500e+02 7.543092651367187500e+02 nan 1.136275125000000000e+06 5.662211796392471115e+03
1.456132158637046814e-02 9.843453764915466309e-03 2.117063005254935590e-09 1.333043750000000000e+06 1.329312375000000000e+06 7.637834472656250000e+02 7.254885253906250000e+02 nan 1.332473625000000000e+06 5.764394738358891118e+03
1.607857085764408112e-02 1.086911372840404510e-02 2.109731324472420402e-09 1.556565375000000000e+06 1.551301375000000000e+06 7.197278442382812500e+02 6.947366333007812500e+02 nan 1.555761125000000000e+06 5.817723927821712095e+03
1.775391399860382080e-02 1.200164575129747391e-02 2.102425026951150955e-09 1.808775000000000000e+06 1.801393500000000000e+06 6.574381713867187500e+02 6.620575561523437500e+02 nan 1.807647250000000000e+06 5.814881456666797021e+03
1.960382424294948578e-02 1.325218472629785538e-02 2.095144031049849183e-09 2.090540625000000000e+06 2.080272750000000000e+06 6.504724121093750000e+02 6.275075073242187500e+02 nan 2.088972125000000000e+06 5.749662143098784327e+03
2.164648845791816711e-02 1.463302597403526306e-02 2.087888252770266929e-09 2.401872250000000000e+06 2.387736000000000000e+06 6.362797241210937500e+02 5.912200317382812500e+02 nan 2.399712500000000000e+06 5.617954905651634363e+03
2.390199340879917145e-02 1.615774817764759064e-02 2.080657597354892904e-09 2.741831250000000000e+06 2.722622000000000000e+06 6.252051391601562500e+02 5.534375000000000000e+02 nan 2.738896000000000000e+06 5.418924942050207392e+03
2.639251388609409332e-02 1.784133911132812500e-02 2.073451995948668221e-09 3.108678750000000000e+06 3.083002500000000000e+06 5.257109375000000000e+02 5.145447387695312500e+02 nan 3.104756000000000000e+06 5.156286462202514485e+03
2.914254181087017059e-02 1.970035769045352936e-02 2.066271340052806293e-09 3.500469250000000000e+06 3.466846750000000000e+06 5.085436706542968750e+02 4.751017150878906250e+02 nan 3.495332250000000000e+06 4.839396410737160295e+03
3.217911347746849060e-02 2.175308018922805786e-02 2.059115554147728899e-09 3.916277750000000000e+06 3.873363000000000000e+06 4.840734863281250000e+02 4.358595275878906250e+02 nan 3.909721250000000000e+06 4.483725972921386528e+03
3.553209081292152405e-02 2.401969395577907562e-02 2.051984539888671147e-09 4.358231500000000000e+06 4.305176500000000000e+06 3.875397644042968750e+02 3.977461853027343750e+02 nan 4.350126500000000000e+06 4.110227918004564344e+03
3.923443704843521118e-02 2.652247995138168335e-02 2.044878229365854235e-09 4.834138500000000000e+06 4.771096000000000000e+06 3.555998840332031250e+02 3.617946777343750000e+02 nan 4.824507000000000000e+06 3.743146171041809794e+03
4.332255572080612183e-02 2.928604744374752045e-02 2.037796533657790378e-09 5.359863000000000000e+06 5.288537500000000000e+06 3.182273864746093750e+02 3.289930419921875000e+02 nan 5.348966500000000000e+06 3.406116868280761992e+03
4.765481501817703247e-02 3.221465647220611572e-02 2.031010053452367756e-09 5.933122000000000000e+06 5.857189000000000000e+06 3.104723205566406250e+02 3.010014953613281250e+02 nan 5.921521000000000000e+06 3.125300430964819498e+03
5.198707059025764465e-02 3.514325991272926331e-02 2.024834231214258902e-09 6.540746000000000000e+06 6.464694000000000000e+06 2.876563110351562500e+02 2.788813781738281250e+02 nan 6.529127000000000000e+06 2.916698719953365071e+03
5.631932616233825684e-02 3.807186335325241089e-02 2.019169610001785353e-09 7.177344000000000000e+06 7.104767500000000000e+06 2.690259094238281250e+02 2.608191223144531250e+02 nan 7.166255500000000000e+06 2.754619100214541959e+03
6.065158173441886902e-02 4.100047051906585693e-02 2.013939112582009273e-09 7.834307500000000000e+06 7.766973500000000000e+06 2.532613983154296875e+02 2.455353546142578125e+02 nan 7.824020500000000000e+06 2.620925651887143431e+03
6.498383730649948120e-02 4.392907395958900452e-02 2.009081821590703985e-09 8.490036000000000000e+06 8.427355000000000000e+06 2.391315002441406250e+02 2.318364410400390625e+02 nan 8.480459000000000000e+06 2.496515057700864418e+03
6.931609660387039185e-02 4.685768112540245056e-02 2.004548729015451583e-09 9.117697000000000000e+06 9.056712000000000000e+06 2.257373199462890625e+02 2.188507995605468750e+02 nan 9.108380000000000000e+06 2.367108937320912446e+03
7.364834845066070557e-02 4.978628456592559814e-02 2.000299865353250301e-09 9.691860000000000000e+06 9.627811000000000000e+06 2.125554351806640625e+02 2.060710754394531250e+02 nan 9.682075000000000000e+06 2.225122131315111801e+03
7.798060774803161621e-02 5.271489173173904419e-02 1.996302173696350216e-09 1.019662600000000000e+07 1.012395400000000000e+07 1.994513244628906250e+02 1.933667755126953125e+02 nan 1.018552400000000000e+07 2.070679552426945065e+03
8.231285959482192993e-02 5.564349144697189331e-02 1.992528044667567094e-09 1.062959400000000000e+07 1.054316800000000000e+07 1.865792388916015625e+02 1.808874664306640625e+02 nan 1.061639000000000000e+07 1.909714068778765295e+03
8.664511889219284058e-02 5.857209861278533936e-02 1.988954134422163219e-09 1.100118700000000000e+07 1.089747700000000000e+07 1.742373657226562500e+02 1.689221649169921875e+02 nan 1.098534300000000000e+07 1.750673629789208462e+03
9.097737073898315430e-02 6.150070205330848694e-02 1.985560585482697045e-09 1.133075300000000000e+07 1.120867900000000000e+07 1.627371368408203125e+02 1.577728424072265625e+02 nan 1.131210400000000000e+07 1.601526450635408764e+03
9.636187553405761719e-02 6.514062732458114624e-02 1.981568674123380254e-09 1.172214000000000000e+07 1.157990800000000000e+07 1.500359344482421875e+02 1.454591674804687500e+02 nan 1.170040900000000000e+07 1.439596618924543691e+03
1.017463728785514832e-01 6.878054887056350708e-02 1.977801256732118934e-09 1.214836300000000000e+07 1.199323200000000000e+07 1.394551696777343750e+02 1.352011566162109375e+02 nan 1.212466200000000000e+07 1.310976441480079529e+03
1.071308776736259460e-01 7.242047041654586792e-02 1.974234781265857972e-09 1.265563400000000000e+07 1.249741200000000000e+07 1.310476684570312500e+02 1.270501251220703125e+02 nan 1.263146100000000000e+07 1.216623707992836216e+03
1.125153750181198120e-01 7.606039196252822876e-02 1.970849203820953451e-09 1.325410700000000000e+07 1.310218800000000000e+07 1.244445419311523438e+02 1.206483535766601562e+02 nan 1.323089700000000000e+07 1.149879612394060359e+03
1.178998723626136780e-01 7.970031350851058960e-02 1.967627323526894450e-09 1.391625900000000000e+07 1.377678900000000000e+07 1.190274963378906250e+02 1.153964996337890625e+02 nan 1.389495200000000000e+07 1.099971349101941314e+03
1.232843771576881409e-01 8.334024250507354736e-02 1.964554264128985100e-09 1.459377800000000000e+07 1.446782300000000000e+07 1.141830444335937500e+02 1.106997680664062500e+02 nan 1.457453500000000000e+07 1.056352374198971575e+03
1.286688745021820068e-01 8.698015660047531128e-02 1.961617102724775952e-09 1.523302500000000000e+07 1.511632100000000000e+07 1.094352722167968750e+02 1.060968093872070312e+02 nan 1.521519500000000000e+07 1.010880011917377942e+03
1.340533792972564697e-01 9.062008559703826904e-02 1.958804483640675406e-09 1.578701500000000000e+07 1.567131300000000000e+07 1.044926376342773438e+02 1.013049316406250000e+02 nan 1.576933800000000000e+07 9.587190459317939712e+02
1.394378840923309326e-01 9.426000714302062988e-02 1.956106446915437174e-09 1.622981600000000000e+07 1.610539200000000000e+07 9.928158569335937500e+01 9.625287628173828125e+01 nan 1.621080600000000000e+07 8.991061304285248070e+02
1.448223739862442017e-01 9.789992123842239380e-02 1.953514161287429418e-09 1.656564600000000000e+07 1.642418800000000000e+07 9.392721557617187500e+01 9.106188201904296875e+01 nan 1.654403600000000000e+07 8.349490784802709413e+02
1.502068787813186646e-01 1.015398502349853516e-01 1.951019758654691563e-09 1.682524600000000000e+07 1.666222600000000000e+07 8.866548156738281250e+01 8.596070098876953125e+01 nan 1.680034000000000000e+07 7.709898577288095112e+02
1.555913835763931274e-01 1.051797717809677124e-01 1.948616241255242070e-09 1.705656000000000000e+07 1.687243800000000000e+07 8.375580596923828125e+01 8.120082855224609375e+01 nan 1.702843000000000000e+07 7.120100742304466621e+02
1.609758734703063965e-01 1.088196933269500732e-01 1.946297314463125787e-09 1.731419400000000000e+07 1.711416200000000000e+07 7.941854095458984375e+01 7.699588012695312500e+01 nan 1.728363400000000000e+07 6.617056960899097930e+02
1.663603782653808594e-01 1.124596148729324341e-01 1.944057316713681798e-09 1.764278200000000000e+07 1.743514800000000000e+07 7.576937103271484375e+01 7.345803833007812500e+01 nan 1.761106000000000000e+07 6.217660424298924227e+02
1.717448830604553223e-01 1.160995438694953918e-01 1.941891129256332855e-09 1.805966200000000000e+07 1.785343000000000000e+07 7.277693176269531250e+01 7.055686950683593750e+01 nan 1.802815600000000000e+07 5.914611316791982745e+02
1.771293878555297852e-01 1.197394654154777527e-01 1.939794125595426991e-09 1.855162200000000000e+07 1.835398600000000000e+07 7.029216766357421875e+01 6.814788818359375000e+01 nan 1.852142800000000000e+07 5.683045356313223238e+02
1.825138777494430542e-01 1.233793795108795166e-01 1.937762091126241291e-09 1.908525000000000000e+07 1.889974200000000000e+07 6.812062072753906250e+01 6.604255676269531250e+01 nan 1.905690800000000000e+07 5.492146658226159843e+02
1.878983825445175171e-01 1.270193010568618774e-01 1.935791175107242678e-09 1.961745400000000000e+07 1.944319800000000000e+07 6.607363891601562500e+01 6.405800628662109375e+01 nan 1.959083200000000000e+07 5.312614051631662733e+02
1.932828873395919800e-01 1.306592375040054321e-01 1.933877861004656685e-09 2.010366800000000000e+07 1.993589600000000000e+07 6.399675750732421875e+01 6.204446792602539062e+01 nan 2.007803400000000000e+07 5.120742003057566762e+02
1.986673772335052490e-01 1.342991441488265991e-01 1.932018951816384183e-09 2.051046200000000000e+07 2.034204400000000000e+07 6.180178070068359375e+01 5.991644287109375000e+01 nan 2.048473200000000000e+07 4.903613130563967957e+02
2.040518820285797119e-01 1.379390656948089600e-01 1.930211465507478933e-09 2.082784200000000000e+07 2.065135800000000000e+07 5.948710632324218750e+01 5.767238998413085938e+01 nan 2.080088000000000000e+07 4.662353574448233076e+02
2.094363868236541748e-01 1.415790021419525146e-01 1.928452677645768952e-09 2.107002600000000000e+07 2.087980600000000000e+07 5.711906433105468750e+01 5.537660598754882812e+01 nan 2.104096400000000000e+07 4.408757402302643982e+02
2.148208767175674438e-01 1.452189087867736816e-01 1.926740094380007882e-09 2.126695000000000000e+07 2.106047200000000000e+07 5.479288482666015625e+01 5.312140274047851562e+01 nan 2.123540400000000000e+07 4.158509206380529690e+02
2.202053815126419067e-01 1.488588303327560425e-01 1.925071368159055733e-09 2.145576200000000000e+07 2.123411200000000000e+07 5.260367584228515625e+01 5.099898529052734375e+01 nan 2.142190000000000000e+07 3.926310864931588185e+02
2.255898863077163696e-01 1.524987667798995972e-01 1.923444343781293656e-09 2.167270400000000000e+07 2.144002800000000000e+07 5.062598419189453125e+01 4.908163070678710938e+01 nan 2.163716000000000000e+07 3.722892883330090399e+02
2.309743911027908325e-01 1.561386883258819580e-01 1.921857033120720865e-09 2.194279000000000000e+07 2.170499400000000000e+07 4.889414596557617188e+01 4.740261840820312500e+01 nan 2.190646000000000000e+07 3.552603963490826686e+02
2.363588809967041016e-01 1.597786098718643188e-01 1.920307567935778733e-09 2.227275200000000000e+07 2.203584400000000000e+07 4.739550018310546875e+01 4.594968795776367188e+01 nan 2.223655800000000000e+07 3.413000015604818032e+02
2.417433857917785645e-01 1.634185314178466797e-01 1.918794213956308179e-09 2.265235800000000000e+07 2.242086800000000000e+07 4.608303070068359375e+01 4.467724609375000000e+01 nan 2.261699200000000000e+07 3.297045496798394879e+02
2.471278905868530273e-01 1.670584529638290405e-01 1.917315352832477265e-09 2.305934400000000000e+07 2.283529600000000000e+07 4.489272308349609375e+01 4.352324295043945312e+01 nan 2.302511400000000000e+07 3.195624428176375318e+02
2.525123953819274902e-01 1.706983745098114014e-01 1.915869472055197894e-09 2.346359600000000000e+07 2.324620200000000000e+07 4.375559616088867188e+01 4.242079544067382812e+01 nan 2.343038200000000000e+07 3.099135063423295833e+02
2.578969001770019531e-01 1.743383109569549561e-01 1.914455150219987163e-09 2.383438000000000000e+07 2.362049600000000000e+07 4.261245727539062500e+01 4.131252288818359375e+01 nan 2.380170200000000000e+07 2.999494168755375654e+02
2.632813751697540283e-01 1.779782027006149292e-01 1.913071083197014340e-09 2.415178600000000000e+07 2.393694400000000000e+07 4.143231582641601562e+01 4.016838455200195312e+01 nan 2.411896200000000000e+07 2.892696298379472637e+02
2.686658799648284912e-01 1.816181391477584839e-01 1.911715991580206360e-09 2.441344400000000000e+07 2.419313200000000000e+07 4.021841812133789062e+01 3.899152374267578125e+01 nan 2.437978600000000000e+07 2.779569229064872502e+02
2.740503847599029541e-01 1.852580606937408447e-01 1.910388727493893778e-09 2.463051800000000000e+07 2.440134200000000000e+07 3.899542999267578125e+01 3.780584335327148438e+01 nan 2.459550400000000000e+07 2.663858365884104273e+02
2.794348895549774170e-01 1.888979822397232056e-01 1.909088184011114833e-09 2.482029000000000000e+07 2.458077000000000000e+07 3.779393768310546875e+01 3.664101028442382812e+01 nan 2.478369600000000000e+07 2.549948619383226571e+02
2.848193943500518799e-01 1.925379037857055664e-01 1.907813323590368924e-09 2.500317000000000000e+07 2.475391200000000000e+07 3.664459228515625000e+01 3.552672958374023438e+01 nan 2.496508600000000000e+07 2.442029652979738614e+02
2.902038991451263428e-01 1.961778402328491211e-01 1.906563162582237113e-09 2.520081400000000000e+07 2.494419000000000000e+07 3.557517623901367188e+01 3.448993682861328125e+01 nan 2.516161000000000000e+07 2.343711154679232607e+02
2.955884039402008057e-01 1.998177617788314819e-01 1.905336787226579552e-09 2.542978600000000000e+07 2.516916200000000000e+07 3.460209274291992188e+01 3.354654312133789062e+01 nan 2.538996800000000000e+07 2.256984553122658497e+02
3.009728789329528809e-01 2.034576684236526489e-01 1.904133323856378078e-09 2.569447400000000000e+07 2.543326400000000000e+07 3.372293090820312500e+01 3.269419860839843750e+01 nan 2.565456600000000000e+07 2.181364469032510556e+02
3.063573837280273438e-01 2.070975899696350098e-01 1.902951936232507350e-09 2.598704600000000000e+07 2.572786800000000000e+07 3.291957473754882812e+01 3.191534805297851562e+01 nan 2.594745000000000000e+07 2.114414513915144767e+02
3.117418885231018066e-01 2.107375115156173706e-01 1.901791846628511990e-09 2.629354600000000000e+07 2.603764600000000000e+07 3.216844177246093750e+01 3.118712425231933594e+01 nan 2.625445000000000000e+07 2.053096586899277725e+02
3.171263933181762695e-01 2.143774479627609253e-01 1.900652308391623192e-09 2.659884600000000000e+07 2.634592400000000000e+07 3.144742012023925781e+01 3.048809623718261719e+01 nan 2.656020400000000000e+07 1.994640334557328742e+02
3.225108981132507324e-01 2.180173695087432861e-01 1.899532626729035332e-09 2.688826200000000000e+07 2.663673000000000000e+07 3.073773384094238281e+01 2.980005455017089844e+01 nan 2.684983200000000000e+07 1.936745548403899306e+02
3.278954029083251953e-01 2.216572910547256470e-01 1.898432128189829179e-09 2.715002400000000000e+07 2.689755000000000000e+07 3.002626419067382812e+01 2.911029052734375000e+01 nan 2.711145000000000000e+07 1.877859234531779578e+02
3.332799077033996582e-01 2.252972126007080078e-01 1.897350177081271127e-09 2.737966600000000000e+07 2.712383200000000000e+07 2.930949783325195312e+01 2.841539001464843750e+01 nan 2.734058000000000000e+07 1.817648752425350835e+02
3.386643826961517334e-01 2.289371192455291748e-01 1.896286172945125672e-09 2.758202200000000000e+07 2.732094800000000000e+07 2.859412574768066406e+01 2.772184181213378906e+01 nan 2.754213600000000000e+07 1.757037624518234793e+02
3.440488874912261963e-01 2.325770407915115356e-01 1.895239531240720810e-09 2.776805400000000000e+07 2.750081800000000000e+07 2.789226150512695312e+01 2.704138755798339844e+01 nan 2.772722600000000000e+07 1.697571811269068291e+02
3.494333922863006592e-01 2.362169772386550903e-01 1.894209703480833635e-09 2.794961800000000000e+07 2.767638200000000000e+07 2.721541023254394531e+01 2.638518905639648438e+01 nan 2.790787400000000000e+07 1.640665951553676223e+02
3.548178970813751221e-01 2.398568987846374512e-01 1.893196174858241155e-09 2.813665200000000000e+07 2.785850600000000000e+07 2.657183265686035156e+01 2.576124572753906250e+01 nan 2.809416000000000000e+07 1.587294435274747286e+02
3.602024018764495850e-01 2.434968203306198120e-01 1.892198441798694543e-09 2.833659600000000000e+07 2.805519800000000000e+07 2.596638107299804688e+01 2.517426300048828125e+01 nan 2.829360200000000000e+07 1.537998204825098583e+02
3.655869066715240479e-01 2.471367418766021729e-01 1.891216027459402332e-09 2.855318200000000000e+07 2.827028600000000000e+07 2.539989471435546875e+01 2.462505531311035156e+01 nan 2.850996200000000000e+07 1.492835168894210369e+02
3.709714114665985107e-01 2.507766783237457275e-01 1.890248472221847833e-09 2.878470800000000000e+07 2.850173000000000000e+07 2.486824226379394531e+01 2.410962104797363281e+01 nan 2.874147400000000000e+07 1.451291845491477659e+02
3.763558864593505859e-01 2.544165849685668945e-01 1.889295352117686434e-09 2.902449800000000000e+07 2.874221200000000000e+07 2.436345481872558594e+01 2.362023162841796875e+01 nan 2.898137000000000000e+07 1.412429171222769071e+02
3.817403912544250488e-01 2.580564916133880615e-01 1.888356242191734645e-09 2.926412800000000000e+07 2.898255200000000000e+07 2.387691879272460938e+01 2.314853858947753906e+01 nan 2.922111200000000000e+07 1.375258687848107115e+02
3.871248960494995117e-01 2.616964280605316162e-01 1.887430735669950155e-09 2.949634800000000000e+07 2.921484800000000000e+07 2.340186691284179688e+01 2.268797683715820312e+01 nan 2.945334000000000000e+07 1.339022191128297834e+02
3.925094008445739746e-01 2.653363645076751709e-01 1.886518457772270655e-09 2.971587800000000000e+07 2.943338600000000000e+07 2.293377304077148438e+01 2.223416137695312500e+01 nan 2.967272000000000000e+07 1.303231036899471462e+02
3.978939056396484375e-01 2.689762711524963379e-01 1.885619049100158659e-09 2.991972800000000000e+07 2.963507800000000000e+07 2.247033691406250000e+01 2.178486251831054688e+01 nan 2.987623600000000000e+07 1.267654683431276226e+02
4.032784104347229004e-01 2.726162075996398926e-01 1.884732143174389957e-09 3.010851600000000000e+07 2.982073200000000000e+07 2.201216506958007812e+01 2.134066772460937500e+01 nan 3.006454800000000000e+07 1.232386724414405705e+02
4.086629152297973633e-01 2.762561440467834473e-01 1.883857409814700777e-09 3.028685000000000000e+07 2.999537200000000000e+07 2.156266021728515625e+01 2.090487861633300781e+01 nan 3.024231600000000000e+07 1.197826795257824415e+02
4.140473902225494385e-01 2.798960208892822266e-01 1.882994538868699288e-09 3.046098800000000000e+07 3.016576800000000000e+07 2.112602233886718750e+01 2.048155975341796875e+01 nan 3.041588600000000000e+07 1.164449222542115905e+02
4.194318950176239014e-01 2.835359573364257812e-01 1.882143190604211824e-09 3.063594000000000000e+07 3.033738000000000000e+07 2.070515060424804688e+01 2.007352638244628906e+01 nan 3.059032800000000000e+07 1.132568248472988159e+02
4.248163998126983643e-01 2.871758937835693359e-01 1.881303079826970542e-09 3.081485000000000000e+07 3.051366800000000000e+07 2.030138397216796875e+01 1.968207740783691406e+01 nan 3.076883800000000000e+07 1.102322316093492276e+02
4.302009046077728271e-01 2.908158004283905029e-01 1.880473925305205483e-09 3.099988800000000000e+07 3.069691000000000000e+07 1.991524505615234375e+01 1.930771827697753906e+01 nan 3.095360200000000000e+07 1.073760182153559555e+02
4.355854094028472900e-01 2.944557368755340576e-01 1.879655436356054805e-09 3.119172800000000000e+07 3.088767400000000000e+07 1.954621887207031250e+01 1.894995117187500000e+01 nan 3.114527600000000000e+07 1.046816926351036301e+02
4.409699141979217529e-01 2.980956733226776123e-01 1.878847353036435648e-09 3.138816400000000000e+07 3.108349000000000000e+07 1.919202995300292969e+01 1.860656547546386719e+01 nan 3.134161600000000000e+07 1.021244881813705376e+02
4.463544189929962158e-01 3.017355799674987793e-01 1.878049424887222573e-09 3.158488800000000000e+07 3.127972400000000000e+07 1.884932518005371094e+01 1.827431488037109375e+01 nan 3.153826600000000000e+07 9.966892659343184846e+01
4.517388939857482910e-01 3.053754866123199463e-01 1.877261397654174740e-09 3.177808600000000000e+07 3.147224000000000000e+07 1.851532936096191406e+01 1.795050811767578125e+01 nan 3.173136000000000000e+07 9.728622570060048247e+01
4.571233987808227539e-01 3.090154230594635010e-01 1.876483026309890802e-09 3.196566600000000000e+07 3.165873000000000000e+07 1.818851089477539062e+01 1.763365936279296875e+01 nan 3.191877000000000000e+07 9.496102117883491189e+01
4.625079035758972168e-01 3.126553297042846680e-01 1.875714093387305177e-09 3.214647000000000000e+07 3.183793200000000000e+07 1.786798477172851562e+01 1.732291030883789062e+01 nan 3.209933400000000000e+07 9.268498596568809944e+01
4.678924083709716797e-01 3.162952661514282227e-01 1.874954364165268396e-09 3.231981600000000000e+07 3.200921000000000000e+07 1.755321121215820312e+01 1.701774024963378906e+01 nan 3.227236400000000000e+07 9.045322606926075082e+01
4.732769131660461426e-01 3.199352025985717773e-01 1.874203630559428286e-09 3.248645000000000000e+07 3.217346600000000000e+07 1.724445915222167969e+01 1.671840667724609375e+01 nan 3.243863400000000000e+07 8.826911832808968938e+01
4.786614179611206055e-01 3.235751092433929443e-01 1.873461691551420399e-09 3.264903400000000000e+07 3.233357200000000000e+07 1.694297027587890625e+01 1.642611312866210938e+01 nan 3.260084000000000000e+07 8.614575666440312318e+01
4.840458929538726807e-01 3.272150158882141113e-01 1.872728340933758753e-09 3.281077400000000000e+07 3.249294400000000000e+07 1.665012931823730469e+01 1.614221000671386719e+01 nan 3.276221600000000000e+07 8.409724732596872343e+01
4.894303977489471436e-01 3.308549523353576660e-01 1.872003379495005729e-09 3.297357400000000000e+07 3.265365000000000000e+07 1.636655616760253906e+01 1.586728477478027344e+01 nan 3.292469600000000000e+07 8.212953490693081449e+01
4.948149025440216064e-01 3.344948589801788330e-01 1.871286632213937058e-09 3.313788200000000000e+07 3.281621000000000000e+07 1.609207344055175781e+01 1.560117721557617188e+01 nan 3.308873600000000000e+07 8.024076749501712413e+01
5.001994371414184570e-01 3.381348252296447754e-01 1.870577900826693527e-09 3.330377000000000000e+07 3.298069600000000000e+07 1.582633495330810547e+01 1.534354209899902344e+01 nan 3.325441000000000000e+07 7.842717437619570831e+01
5.055838823318481445e-01 3.417747020721435547e-01 1.869877039368293133e-09 3.347121000000000000e+07 3.314698000000000000e+07 1.556894683837890625e+01 1.509400653839111328e+01 nan 3.342167200000000000e+07 7.668487994410592989e+01
5.109683871269226074e-01 3.454146385192871094e-01 1.869183849789121820e-09 3.363940000000000000e+07 3.331413800000000000e+07 1.531918716430664062e+01 1.485186576843261719e+01 nan 3.358970400000000000e+07 7.500667450987401708e+01
5.163528919219970703e-01 3.490545451641082764e-01 1.868498185335105332e-09 3.380638800000000000e+07 3.348007000000000000e+07 1.507586479187011719e+01 1.461596679687500000e+01 nan 3.375653200000000000e+07 7.338106356456853518e+01
5.217373967170715332e-01 3.526944816112518311e-01 1.867819876059786520e-09 3.397027600000000000e+07 3.364276800000000000e+07 1.483790683746337891e+01 1.438526725769042969e+01 nan 3.392023200000000000e+07 7.179773668849239243e+01
5.271219015121459961e-01 3.563344180583953857e-01 1.867148773833358248e-09 3.413038800000000000e+07 3.380151600000000000e+07 1.460484790802001953e+01 1.415931797027587891e+01 nan 3.408014400000000000e+07 7.025250033941092909e+01
5.325064063072204590e-01 3.599743247032165527e-01 1.866484735032350672e-09 3.428708800000000000e+07 3.395664000000000000e+07 1.437668228149414062e+01 1.393811511993408203e+01 nan 3.423660000000000000e+07 6.874558000249828638e+01
5.378909111022949219e-01 3.636142611503601074e-01 1.865827604301946768e-09 3.444068400000000000e+07 3.410850800000000000e+07 1.415339279174804688e+01 1.372163772583007812e+01 nan 3.438993600000000000e+07 6.727688458606377253e+01
5.432754158973693848e-01 3.672541677951812744e-01 1.865177252290424566e-09 3.459133600000000000e+07 3.425735600000000000e+07 1.393489551544189453e+01 1.350980377197265625e+01 nan 3.454030800000000000e+07 6.584581605765914958e+01
5.486599206924438477e-01 3.708941042423248291e-01 1.864533532427482462e-09 3.473990800000000000e+07 3.440414800000000000e+07 1.372138977050781250e+01 1.330280876159667969e+01 nan 3.468861200000000000e+07 6.445422097429747055e+01
5.540444254875183105e-01 3.745340406894683838e-01 1.863896318172137942e-09 3.488789200000000000e+07 3.455043600000000000e+07 1.351328468322753906e+01 1.310105323791503906e+01 nan 3.483634000000000000e+07 6.310605415653645167e+01
5.594289302825927734e-01 3.781739473342895508e-01 1.863265486641235488e-09 3.503624000000000000e+07 3.469721600000000000e+07 1.331075763702392578e+01 1.290470409393310547e+01 nan 3.498444800000000000e+07 6.180286304381986184e+01
5.648134350776672363e-01 3.818138837814331055e-01 1.862640903204479876e-09 3.518476800000000000e+07 3.484432400000000000e+07 1.311353588104248047e+01 1.271349811553955078e+01 nan 3.513275600000000000e+07 6.054203444941757084e+01
5.701979398727416992e-01 3.854538202285766602e-01 1.862022452330667509e-09 3.533293200000000000e+07 3.499119600000000000e+07 1.292122650146484375e+01 1.252705764770507812e+01 nan 3.528072400000000000e+07 5.931994791204552797e+01
5.755824446678161621e-01 3.890937268733978271e-01 1.861410021730888845e-09 3.548066800000000000e+07 3.513772000000000000e+07 1.273363971710205078e+01 1.234519195556640625e+01 nan 3.542827600000000000e+07 5.813485523995833404e+01
5.809668898582458496e-01 3.927336037158966064e-01 1.860803497296447543e-09 3.562795200000000000e+07 3.528381600000000000e+07 1.255059337615966797e+01 1.216772937774658203e+01 nan 3.557537600000000000e+07 5.698514844632314436e+01
5.863513946533203125e-01 3.963735401630401611e-01 1.860202753428811389e-09 3.577408800000000000e+07 3.542873600000000000e+07 1.237169742584228516e+01 1.199429130554199219e+01 nan 3.572132400000000000e+07 5.586722678312831647e+01
5.917358994483947754e-01 4.000134766101837158e-01 1.859607692406273365e-09 3.591810000000000000e+07 3.557148000000000000e+07 1.219647693634033203e+01 1.182441616058349609e+01 nan 3.586514000000000000e+07 5.477694439857129538e+01
5.971204042434692383e-01 4.036533832550048828e-01 1.859018214291441706e-09 3.605976000000000000e+07 3.571180400000000000e+07 1.202474594116210938e+01 1.165792369842529297e+01 nan 3.600660000000000000e+07 5.371272074070932234e+01
6.025049090385437012e-01 4.072933197021484375e-01 1.858434207544148841e-09 3.619962000000000000e+07 3.585026000000000000e+07 1.185658645629882812e+01 1.149489402770996094e+01 nan 3.614624800000000000e+07 5.267530071663929903e+01
6.078894138336181641e-01 4.109332561492919922e-01 1.857855577876460681e-09 3.633805200000000000e+07 3.598724000000000000e+07 1.169200801849365234e+01 1.133533573150634766e+01 nan 3.628446000000000000e+07 5.166482310298874125e+01
6.132739186286926270e-01 4.145731627941131592e-01 1.857282233477322155e-09 3.647494400000000000e+07 3.612267600000000000e+07 1.153086757659912109e+01 1.117911148071289062e+01 nan 3.642112800000000000e+07 5.068007455567211395e+01
6.186584234237670898e-01 4.182130992412567139e-01 1.856714071034082293e-09 3.661042000000000000e+07 3.625672800000000000e+07 1.137310409545898438e+01 1.102616024017333984e+01 nan 3.655638800000000000e+07 4.972046096582403152e+01
6.240429282188415527e-01 4.218530058860778809e-01 1.856151008397507339e-09 3.674516800000000000e+07 3.639010000000000000e+07 1.121882438659667969e+01 1.087658786773681641e+01 nan 3.669092400000000000e+07 4.878699067403173473e+01
6.294274330139160156e-01 4.254929423332214355e-01 1.855592947277603754e-09 3.687976400000000000e+07 3.652336800000000000e+07 1.106809139251708984e+01 1.073045158386230469e+01 nan 3.682531200000000000e+07 4.788014516469055337e+01
6.556535363197326660e-01 4.432217776775360107e-01 1.852943630635520644e-09 3.752528800000000000e+07 3.716299600000000000e+07 1.037891101837158203e+01 1.006229496002197266e+01 nan 3.746993600000000000e+07 4.379461172452685958e+01
8.039034605026245117e-01 5.434387326240539551e-01 1.839770603253567837e-09 4.077410000000000000e+07 4.038054000000000000e+07 7.501592159271240234e+00 7.272750854492187500e+00 nan 4.071397200000000000e+07 2.785186572695979734e+01
9.932619333267211914e-01 6.714450716972351074e-01 1.826201010048688587e-09 4.420650000000000000e+07 4.377993600000000000e+07 5.327648639678955078e+00 5.165125370025634766e+00 nan 4.414132800000000000e+07 1.722911426500791165e+01
1.227223634719848633e+00 8.296031951904296875e-01 1.812731498599941669e-09 4.769304000000000000e+07 4.723295200000000000e+07 3.765172004699707031e+00 3.650313138961791992e+00 nan 4.762275200000000000e+07 1.055372654200085236e+01
1.516294717788696289e+00 1.025015234947204590e+00 1.799361337301671755e-09 5.122662000000000000e+07 5.073255600000000000e+07 2.649146080017089844e+00 2.568332195281982422e+00 nan 5.115113200000000000e+07 6.407556400964163679e+00
1.873456120491027832e+00 1.266456365585327148e+00 1.786089789356977996e-09 5.480010400000000000e+07 5.427168800000000000e+07 1.856401801109313965e+00 1.799771070480346680e+00 nan 5.471937600000000000e+07 3.858948889773207380e+00
2.314746379852294922e+00 1.564768552780151367e+00 1.772916133006574509e-09 5.840807600000000000e+07 5.784497200000000000e+07 1.296116352081298828e+00 1.256577372550964355e+00 nan 5.832204800000000000e+07 2.307051763243431974e+00
2.859982252120971680e+00 1.933347940444946289e+00 1.759839636962373426e-09 6.204567200000000000e+07 6.144760800000000000e+07 9.019095897674560547e-01 8.743961453437805176e-01 nan 6.195430000000000000e+07 1.370060318593739224e+00
3.533647537231445312e+00 2.388745784759521484e+00 1.746859588797865175e-09 6.570853200000000000e+07 6.507528000000000000e+07 6.256821751594543457e-01 6.065952181816101074e-01 nan 6.561178400000000000e+07 8.086588893474027095e-01
4.365993976593017578e+00 2.951411962509155273e+00 1.733975279535418463e-09 6.939293600000000000e+07 6.872432800000000000e+07 4.328406155109405518e-01 4.196364283561706543e-01 nan 6.929078400000000000e+07 4.746325566455177336e-01
5.394398689270019531e+00 3.646613597869873047e+00 1.721185999058096773e-09 7.309589600000000000e+07 7.239180800000000000e+07 2.986665964126586914e-01 2.895554602146148682e-01 nan 7.298832800000000000e+07 2.771521455126120803e-01
6.665042877197265625e+00 4.505568981170654297e+00 1.708491050912268841e-09 7.681419200000000000e+07 7.607456000000000000e+07 2.055968195199966431e-01 1.993248462677001953e-01 nan 7.670119200000000000e+07 1.610721029436588680e-01
8.234986305236816406e+00 5.566850662231445312e+00 1.695889732548296616e-09 8.054580000000000000e+07 7.977064000000000000e+07 1.412211060523986816e-01 1.369129419326782227e-01 nan 8.042737600000000000e+07 9.320267101462779979e-02
1.017472743988037109e+01 6.878115653991699219e+00 1.683381361073609185e-09 8.428824800000000000e+07 8.347764800000000000e+07 9.680689126253128052e-02 9.385360777378082275e-02 nan 8.416440800000000000e+07 5.371329149376843221e-02
1.257137203216552734e+01 8.498247146606445312e+00 1.670965250288532184e-09 8.803938400000000000e+07 8.719361600000000000e+07 6.623691320419311523e-02 6.421616673469543457e-02 nan 8.791017600000000000e+07 3.083947675294014881e-02
1.553254413604736328e+01 1.050000000000000000e+01 1.658640709094829109e-09 9.179728000000000000e+07 9.091681600000000000e+07 4.524166136980056763e-02 4.386138916015625000e-02 nan 9.166276000000000000e+07 1.764483772133804487e-02
