# k/h [h/Mpc]            k [1/Mpc]              Primoridal             T_cdm(k)                 T_bar(k)                 T_phot(k)                T_massless neutrions(k)  T_massive neutrinos(k)   T_total(k)               Linear Pk [(Mpc/h)^3]  
1.049045658874092624e-05 7.091548468451946974e-06 2.727206404909961128e-09 1.000000000000000000e+00 1.000000000000000000e+00 1.000000000000000000e+00 1.000000000000000000e+00 nan 1.000000000000000000e+00 1.675617750851391818e+01
1.158353370556142181e-05 7.830468348402064294e-06 2.717761705682844603e-09 9.999997615814208984e-01 9.999996423721313477e-01 9.999356269836425781e-01 9.999338984489440918e-01 nan 9.999997615814208984e-01 1.843804155622510166e+01
1.279050593439023942e-05 8.646382411825470626e-06 2.708349706436794825e-09 9.999994039535522461e-01 9.999994039535522461e-01 9.998571872711181641e-01 9.998533725738525391e-01 nan 9.999994039535522461e-01 2.028871332114599468e+01
1.412324218108551577e-05 9.547311492497101426e-06 2.698970312856197758e-09 9.999989867210388184e-01 9.999989867210388184e-01 9.997615218162536621e-01 9.997550845146179199e-01 nan 9.999989867210388184e-01 2.232514023305246553e+01
1.559484553581569344e-05 1.054211588780162856e-05 2.689623392481895528e-09 9.999985098838806152e-01 9.999985098838806152e-01 9.996448755264282227e-01 9.996352791786193848e-01 nan 9.999985098838806152e-01 2.456596177243373447e+01
1.721978514979127795e-05 1.164057448477251455e-05 2.680308856040028027e-09 9.999979138374328613e-01 9.999977946281433105e-01 9.995027184486389160e-01 9.994892477989196777e-01 nan 9.999979138374328613e-01 2.703169490375680795e+01
1.901403993542771786e-05 1.285349117097212002e-05 2.671026563908324178e-09 9.999972581863403320e-01 9.999971389770507812e-01 9.993294477462768555e-01 9.993112683296203613e-01 nan 9.999972581863403320e-01 2.974491640103469692e+01
2.099525045196060091e-05 1.419278942194068804e-05 2.661776424936157355e-09 9.999963641166687012e-01 9.999963045120239258e-01 9.991181492805480957e-01 9.990942478179931641e-01 nan 9.999963641166687012e-01 3.273045628113806771e+01
2.318289807590190321e-05 1.567163963045459241e-05 2.652558315858844083e-09 9.999952912330627441e-01 9.999952316284179688e-01 9.988605976104736328e-01 9.988297224044799805e-01 nan 9.999952912330627441e-01 3.601563846703274407e+01
2.559849235694855452e-05 1.730458097881637514e-05 2.643372135990062650e-09 9.999940395355224609e-01 9.999938607215881348e-01 9.985467195510864258e-01 9.985072612762451172e-01 nan 9.999940395355224609e-01 3.963054731444213274e+01
2.826578383974265307e-05 1.910767059598583728e-05 2.634217767634683471e-09 9.999923706054687500e-01 9.999921917915344238e-01 9.981641173362731934e-01 9.981142878532409668e-01 nan 9.999923706054687500e-01 4.360824883044541167e+01
3.121100235148333013e-05 2.109863817167934030e-05 2.625095097817206075e-09 9.999905228614807129e-01 9.999902844429016113e-01 9.976977705955505371e-01 9.976352453231811523e-01 nan 9.999905228614807129e-01 4.798517192779977591e+01
3.446310074650682509e-05 2.329705603187903762e-05 2.616004033478672110e-09 9.999881982803344727e-01 9.999878406524658203e-01 9.971294403076171875e-01 9.970515966415405273e-01 nan 9.999881982803344727e-01 5.280135361471373301e+01
3.805406231549568474e-05 2.572454650362487882e-05 2.606944439452153756e-09 9.999852180480957031e-01 9.999849200248718262e-01 9.964370131492614746e-01 9.963403344154357910e-01 nan 9.999852180480957031e-01 5.810085639858679940e+01
4.201919000479392707e-05 2.840497290890198201e-05 2.597916226597658093e-09 9.999818801879882812e-01 9.999814033508300781e-01 9.955933094024658203e-01 9.954738020896911621e-01 nan 9.999818205833435059e-01 6.393219703874983395e+01
4.639747567125596106e-05 3.136469240416772664e-05 2.588919279439887767e-09 9.999775886535644531e-01 9.999771118164062500e-01 9.945656061172485352e-01 9.944182634353637695e-01 nan 9.999775290489196777e-01 7.034868432380380909e+01
5.123196388012729585e-05 3.463280881987884641e-05 2.579953483847589841e-09 9.999724030494689941e-01 9.999718070030212402e-01 9.933138489723205566e-01 9.931327104568481445e-01 nan 9.999723434448242188e-01 7.740899585736288202e+01
5.657019573845900595e-05 3.824145096587017179e-05 2.571018745591721348e-09 9.999660849571228027e-01 9.999653697013854980e-01 9.917897582054138184e-01 9.915673136711120605e-01 nan 9.999660253524780273e-01 8.517772598572251752e+01
6.246465636650100350e-05 4.222610732540488243e-05 2.562114941593048984e-09 9.999583959579467773e-01 9.999574422836303711e-01 9.899345040321350098e-01 9.896619319915771484e-01 nan 9.999582171440124512e-01 9.372584470525796974e+01
6.897329876665025949e-05 4.662595165427774191e-05 2.553241977543412439e-09 9.999489784240722656e-01 9.999479055404663086e-01 9.876769781112670898e-01 9.873434305191040039e-01 nan 9.999489188194274902e-01 1.031314724662064179e+02
7.616012590005993843e-05 5.148424679646268487e-05 2.544399743325443185e-09 9.999375939369201660e-01 9.999361634254455566e-01 9.849309921264648438e-01 9.845235347747802734e-01 nan 9.999374151229858398e-01 1.134805267575755607e+02
8.409580186707898974e-05 5.684876305167563260e-05 2.535588130685252624e-09 9.999236464500427246e-01 9.999219775199890137e-01 9.815928339958190918e-01 9.810954928398132324e-01 nan 9.999234676361083984e-01 1.248674573906062477e+02
9.285835403716191649e-05 6.277224747464060783e-05 2.526807033334104165e-09 9.999067783355712891e-01 9.999046921730041504e-01 9.775373339653015137e-01 9.769311547279357910e-01 nan 9.999063611030578613e-01 1.373961715618085577e+02
1.025339443003758788e-04 6.931294774403795600e-05 2.518056339675267213e-09 9.998860955238342285e-01 9.998834729194641113e-01 9.726142287254333496e-01 9.718762040138244629e-01 nan 9.998857378959655762e-01 1.511808132482971132e+02
1.132176985265687108e-04 7.653516513528302312e-05 2.509335958204897443e-09 9.998608827590942383e-01 9.998577833175659180e-01 9.666435122489929199e-01 9.657462239265441895e-01 nan 9.998604655265808105e-01 1.663469532822108476e+02
1.250146742677316070e-04 8.450992027064785361e-05 2.500645773867358897e-09 9.998303055763244629e-01 9.998264312744140625e-01 9.594110846519470215e-01 9.583215117454528809e-01 nan 9.998297095298767090e-01 1.830325443448480200e+02
1.380408502882346511e-04 9.331561159342527390e-05 2.491985695624705562e-09 9.997929334640502930e-01 9.997882246971130371e-01 9.506625533103942871e-01 9.493415355682373047e-01 nan 9.997922182083129883e-01 2.013890455527382244e+02
1.524243270978331566e-04 1.030388448270969093e-04 2.483355596498544299e-09 9.997474551200866699e-01 9.997418522834777832e-01 9.400987625122070312e-01 9.384999275207519531e-01 nan 9.997465610504150391e-01 2.215829635560046427e+02
1.683065347606316209e-04 1.137752187787555158e-04 2.474755379885282393e-09 9.996922016143798828e-01 9.996852278709411621e-01 9.273702502250671387e-01 9.254391789436340332e-01 nan 9.996911287307739258e-01 2.437970230390374695e+02
1.858436153270304203e-04 1.256302784895524383e-04 2.466184957973141175e-09 9.996248483657836914e-01 9.996165037155151367e-01 9.120735526084899902e-01 9.097468256950378418e-01 nan 9.996235966682434082e-01 2.682315945652658797e+02
2.052080089924857020e-04 1.387206139042973518e-04 2.457644209414643305e-09 9.995430111885070801e-01 9.995328783988952637e-01 8.937492966651916504e-01 8.909539580345153809e-01 nan 9.995414614677429199e-01 2.951065682997540875e+02
2.265901130158454180e-04 1.531749148853123188e-04 2.449133045395065615e-09 9.994435310363769531e-01 9.994311928749084473e-01 8.718840479850769043e-01 8.685373067855834961e-01 nan 9.994416832923889160e-01 3.246626999591763365e+02
2.502001880202442408e-04 1.691353245405480266e-04 2.440651351248999153e-09 9.993227124214172363e-01 9.993078112602233887e-01 8.459188938140869141e-01 8.419287800788879395e-01 nan 9.993204474449157715e-01 3.571638029216503583e+02
2.762703516054898500e-04 1.867587561719119549e-04 2.432199034655000626e-09 9.991761445999145508e-01 9.991581439971923828e-01 8.152661919593811035e-01 8.105334639549255371e-01 nan 9.991733431816101074e-01 3.928982423499687684e+02
3.050569503102451563e-04 2.062184939859434962e-04 2.423775992290330563e-09 9.989984035491943359e-01 9.989767670631408691e-01 7.793412208557128906e-01 7.737624645233154297e-01 nan 9.989950656890869141e-01 4.321808919524331145e+02
3.368430479895323515e-04 2.277058956678956747e-04 2.415382114947829304e-09 9.987831115722656250e-01 9.987570643424987793e-01 7.376118302345275879e-01 7.310855388641357422e-01 nan 9.987791180610656738e-01 4.753553212947268776e+02
3.719411906786262989e-04 2.514322404749691486e-04 2.407017301830847028e-09 9.985228180885314941e-01 9.984915256500244141e-01 6.896713376045227051e-01 6.821072697639465332e-01 nan 9.985180497169494629e-01 5.227957082354295153e+02
4.106964333914220333e-04 2.776307810563594103e-04 2.398681465071051552e-09 9.982086420059204102e-01 9.981712698936462402e-01 6.353421807289123535e-01 6.266745924949645996e-01 nan 9.982029199600219727e-01 5.749084412438683103e+02
4.534898616839200258e-04 3.065591445192694664e-04 2.390374494355455649e-09 9.978300333023071289e-01 9.977856278419494629e-01 5.748084187507629395e-01 5.650140643119812012e-01 nan 9.978232383728027344e-01 6.321340726559999439e+02
5.007422878406941891e-04 3.385017917025834322e-04 2.382096284987275655e-09 9.973750710487365723e-01 9.973225593566894531e-01 5.087742209434509277e-01 4.978951513767242432e-01 nan 9.973670244216918945e-01 6.949493566127700888e+02
5.529182380996644497e-04 3.737727238330990076e-04 2.373846756225058361e-09 9.968296885490417480e-01 9.967678189277648926e-01 4.386291205883026123e-01 4.267980158329010010e-01 nan 9.968202114105224609e-01 7.638675662129271586e+02
6.105307838879525661e-04 4.127188003621995449e-04 2.365625794166928840e-09 9.961779117584228516e-01 9.961056709289550781e-01 3.665794432163238525e-01 3.540444672107696533e-01 nan 9.961669445037841797e-01 8.394406162047955604e+02
6.741464603692293167e-04 4.557229985948652029e-04 2.357433293568910220e-09 9.954019784927368164e-01 9.953185319900512695e-01 2.956799864768981934e-01 2.828208208084106445e-01 nan 9.953891634941101074e-01 9.222597018313447279e+02
7.443906506523489952e-04 5.032080807723104954e-04 2.349269171114912410e-09 9.944817423820495605e-01 9.943860173225402832e-01 2.296680212020874023e-01 2.169927507638931274e-01 nan 9.944671392440795898e-01 1.012954354015560057e+03
8.219541050493717194e-04 5.556409596465528011e-04 2.341133324843220307e-09 9.933951497077941895e-01 9.932869672775268555e-01 1.724954247474670410e-01 1.606048494577407837e-01 nan 9.933786392211914062e-01 1.112193527909842260e+03
9.075994603335857391e-04 6.135372095741331577e-04 2.333025652639057309e-09 9.921182990074157715e-01 9.919974207878112793e-01 1.274975091218948364e-01 1.170058250427246094e-01 nan 9.920997619628906250e-01 1.220683944315596818e+03
1.002168864943087101e-03 6.774661596864461899e-04 2.324946049885245546e-09 9.906249046325683594e-01 9.904921054840087891e-01 9.628279507160186768e-02 8.769719302654266357e-02 nan 9.906046390533447266e-01 1.339167313710615190e+03
1.106592128053307533e-03 7.480562780983746052e-04 2.316894434325377400e-09 9.888867735862731934e-01 9.887433648109436035e-01 7.770159840583801270e-02 7.128719985485076904e-02 nan 9.888648390769958496e-01 1.468417243225540233e+03
1.221895916387438774e-03 8.260016329586505890e-04 2.308870708568745277e-09 9.868731498718261719e-01 9.867210388183593750e-01 6.757619231939315796e-02 6.326446682214736938e-02 nan 9.868499040603637695e-01 1.609233378383981062e+03
1.349214115180075169e-03 9.120687609538435936e-04 2.300874762407135126e-09 9.845501184463500977e-01 9.843915700912475586e-01 5.997017025947570801e-02 5.738136544823646545e-02 nan 9.845259189605712891e-01 1.762430876652111010e+03
1.489798538386821747e-03 1.007103826850652695e-03 2.292906509188567727e-09 9.818802475929260254e-01 9.817176461219787598e-01 5.014444515109062195e-02 4.874922707676887512e-02 nan 9.818553924560546875e-01 1.928827855798606151e+03
1.645031501539051533e-03 1.112041296437382698e-03 2.284965850418265676e-09 9.788219332695007324e-01 9.786570668220520020e-01 3.771083056926727295e-02 3.704192116856575012e-02 nan 9.787967205047607422e-01 2.109229473581341608e+03
1.816439209505915642e-03 1.227912958711385727e-03 2.277052691606405739e-09 9.753294587135314941e-01 9.751630425453186035e-01 2.682749181985855103e-02 2.655839920043945312e-02 nan 9.753039479255676270e-01 2.304406829103811560e+03
2.005707239732146263e-03 1.355858054012060165e-03 2.269166941709029953e-09 9.713532328605651855e-01 9.711844325065612793e-01 2.147107943892478943e-02 2.129890955984592438e-02 nan 9.713274836540222168e-01 2.515074856151700715e+03
2.214696491137146950e-03 1.497134799137711525e-03 2.261308494449764354e-09 9.668404459953308105e-01 9.666667580604553223e-01 1.984746009111404419e-02 1.595928333699703217e-02 nan 9.668138623237609863e-01 2.741865782786769159e+03
2.445461694151163101e-03 1.653132145293056965e-03 2.253477264686429142e-09 9.617343544960021973e-01 9.615520834922790527e-01 1.664372347295284271e-02 1.302101928740739822e-02 nan 9.617065191268920898e-01 2.985292253446193172e+03
2.700272016227245331e-03 1.825383864343166351e-03 2.245673160886940457e-09 9.559751152992248535e-01 9.557803869247436523e-01 1.196139212697744370e-02 1.061610039323568344e-02 nan 9.559454917907714844e-01 3.245710334631680780e+03
2.981632947921752930e-03 2.015583915635943413e-03 2.237896076485985185e-09 9.494999647140502930e-01 9.492893815040588379e-01 1.000131294131278992e-02 8.648412302136421204e-03 nan 9.494677186012268066e-01 3.523275084475826134e+03
3.292310982942581177e-03 2.225602278485894203e-03 2.230145925871712440e-09 9.422430992126464844e-01 9.420149922370910645e-01 8.572733029723167419e-03 7.039209362119436264e-03 nan 9.422082901000976562e-01 3.817882948877284889e+03
3.635360859334468842e-03 2.457503927871584892e-03 2.222422616889744185e-09 9.341371059417724609e-01 9.338895082473754883e-01 6.130381487309932709e-03 5.723868962377309799e-03 nan 9.340992569923400879e-01 4.129124450335633810e+03
4.014155361801385880e-03 2.713568974286317825e-03 2.214726058195065524e-09 9.251121282577514648e-01 9.248414635658264160e-01 5.769218318164348602e-03 4.649301059544086456e-03 nan 9.250707626342773438e-01 4.456208188494751084e+03
4.432419314980506897e-03 2.996315481141209602e-03 2.207056148657132701e-09 9.150968790054321289e-01 9.147971868515014648e-01 4.241104237735271454e-03 3.772013820707798004e-03 nan 9.150510430335998535e-01 4.797896631577847074e+03
4.894265439361333847e-03 3.308523446321487427e-03 2.199412800139309644e-09 9.040194153785705566e-01 9.036836028099060059e-01 3.503487212583422661e-03 3.056288696825504303e-03 nan 9.039680957794189453e-01 5.152432828411281662e+03
5.404234398156404495e-03 3.653262509033083916e-03 2.191795924301313793e-09 8.918074369430541992e-01 8.914288282394409180e-01 2.573325298726558685e-03 2.472842810675501823e-03 nan 8.917496204376220703e-01 5.517457625426604864e+03
5.967340432107448578e-03 4.033922217786312103e-03 2.184205430909534259e-09 8.783883452415466309e-01 8.779591321945190430e-01 2.238882007077336311e-03 1.997647108510136604e-03 nan 8.783228397369384766e-01 5.889928022364025310e+03
6.589121185243129730e-03 4.454245790839195251e-03 2.176641221197925960e-09 8.636896610260009766e-01 8.631990551948547363e-01 1.762758824042975903e-03 1.610997831448912621e-03 nan 8.636147379875183105e-01 6.266028093076122786e+03
7.275689393281936646e-03 4.918366204947233200e-03 2.169103203027300791e-09 8.476393818855285645e-01 8.470749258995056152e-01 1.354125677607953548e-03 1.296735252253711224e-03 nan 8.475531339645385742e-01 6.641086931297326373e+03
8.033796213567256927e-03 5.430846009403467178e-03 2.161591299930936394e-09 8.301658630371093750e-01 8.295143246650695801e-01 1.172887743450701237e-03 1.041611772961914539e-03 nan 8.300663232803344727e-01 7.009493757078661474e+03
8.870895951986312866e-03 5.996725521981716156e-03 2.154105401952956366e-09 8.111975193023681641e-01 8.104418516159057617e-01 8.297958993352949619e-04 8.347688126377761364e-04 nan 8.110820055007934570e-01 7.364617515026453475e+03
9.795218706130981445e-03 6.621567998081445694e-03 2.146645430474833453e-09 7.906647920608520508e-01 7.897867560386657715e-01 7.167769945226609707e-04 6.673102616332471371e-04 nan 7.905307412147521973e-01 7.698778067665819435e+03
1.081585418432950974e-02 7.311517372727394104e-03 2.139211293795359687e-09 7.684989571571350098e-01 7.674768567085266113e-01 5.744465161114931107e-04 5.319505580700933933e-04 nan 7.683427929878234863e-01 8.003199023718810167e+03
1.194283645600080490e-02 8.073357865214347839e-03 2.131802900090153706e-09 7.446339726448059082e-01 7.434445619583129883e-01 4.876934108324348927e-04 4.227269382681697607e-04 nan 7.444522976875305176e-01 8.268044640237567364e+03
1.318724639713764191e-02 8.914578706026077271e-03 2.124420174276236449e-09 7.190112471580505371e-01 7.176280021667480469e-01 3.519071906339377165e-04 3.347629681229591370e-04 nan 7.187998890876770020e-01 8.482589296145471963e+03
1.456132158637046814e-02 9.843453764915466309e-03 2.117063005254935590e-09 6.915820240974426270e-01 6.899777650833129883e-01 3.190475981682538986e-04 2.640735765453428030e-04 nan 6.913368701934814453e-01 8.635440831075191454e+03
1.607857085764408112e-02 1.086911372840404510e-02 2.109731324472420402e-09 6.623177528381347656e-01 6.604646444320678711e-01 2.195202396251261234e-04 2.074060321319848299e-04 nan 6.620346307754516602e-01 8.715050767814575011e+03
1.775391399860382080e-02 1.200164575129747391e-02 2.102425026951150955e-09 6.312216520309448242e-01 6.290932893753051758e-01 1.613270287634804845e-04 1.621077535673975945e-04 nan 6.308965086936950684e-01 8.710457218839917914e+03
1.960382424294948578e-02 1.325218472629785538e-02 2.095144031049849183e-09 5.983463525772094727e-01 5.959209799766540527e-01 1.429528347216546535e-04 1.260183198610320687e-04 nan 5.979758501052856445e-01 8.612367578214578316e+03
2.164648845791816711e-02 1.463302597403526306e-02 2.087888252770266929e-09 5.638180375099182129e-01 5.610818862915039062e-01 1.136745486292056739e-04 9.738024527905508876e-05 nan 5.634000301361083984e-01 8.414633772887897067e+03
2.390199340879917145e-02 1.615774817764759064e-02 2.080657597354892904e-09 5.278651714324951172e-01 5.248181223869323730e-01 7.274443487403914332e-05 7.476483733626082540e-05 nan 5.273996591567993164e-01 8.116023958070530171e+03
2.639251388609409332e-02 1.784133911132812500e-02 2.073451995948668221e-09 4.908514022827148438e-01 4.875130057334899902e-01 5.862545367563143373e-05 5.701106056221760809e-05 nan 4.903413653373718262e-01 7.722134487238091424e+03
2.914254181087017059e-02 1.970035769045352936e-02 2.066271340052806293e-09 4.533055126667022705e-01 4.497218430042266846e-01 4.614882709574885666e-05 4.317472848924808204e-05 nan 4.527580440044403076e-01 7.247018150788017920e+03
3.217911347746849060e-02 2.175308018922805786e-02 2.059115554147728899e-09 4.159381687641143799e-01 4.121882319450378418e-01 3.358344474690966308e-05 3.248603752581402659e-05 nan 4.153652787208557129e-01 6.713900450527391513e+03
3.553209081292152405e-02 2.401969395577907562e-02 2.051984539888671147e-09 3.796274662017822266e-01 3.758263885974884033e-01 2.681190744624473155e-05 2.431437678751535714e-05 nan 3.790467381477355957e-01 6.154214242462975562e+03
3.923443704843521118e-02 2.652247995138168335e-02 2.044878229365854235e-09 3.453525006771087646e-01 3.416490852832794189e-01 1.927779521793127060e-05 1.813953349483199418e-05 nan 3.447867035865783691e-01 5.604316268665919779e+03
4.332255572080612183e-02 2.928604744374752045e-02 2.037796533657790378e-09 3.140513598918914795e-01 3.106154799461364746e-01 1.352816616417840123e-05 1.352873641735641286e-05 nan 3.135264515876770020e-01 5.099631288496007073e+03
4.765481501817703247e-02 3.221465647220611572e-02 2.031010053452367756e-09 2.873100042343139648e-01 2.842873632907867432e-01 1.049072216119384393e-05 1.022947344608837739e-05 nan 2.868481874465942383e-01 4.679322057397776916e+03
5.198707059025764465e-02 3.514325991272926331e-02 2.024834231214258902e-09 2.661530673503875732e-01 2.636092901229858398e-01 8.167298801708966494e-06 7.963909411046188325e-06 nan 2.657644450664520264e-01 4.367273335174039858e+03
5.631932616233825684e-02 3.807186335325241089e-02 2.019169610001785353e-09 2.488637864589691162e-01 2.467952817678451538e-01 6.508389560622163117e-06 6.346308055071858689e-06 nan 2.485477924346923828e-01 4.124926859334000255e+03
6.065158173441886902e-02 4.100047051906585693e-02 2.013939112582009273e-09 2.342325150966644287e-01 2.325775325298309326e-01 5.282969596009934321e-06 5.151404820935567841e-06 nan 2.339796870946884155e-01 3.925051845210322426e+03
6.498383730649948120e-02 4.392907395958900452e-02 2.009081821590703985e-09 2.211281806230545044e-01 2.197857648134231567e-01 4.345290562923764810e-06 4.237075700075365603e-06 nan 2.209230810403823853e-01 3.738984859874627546e+03
6.931609660387039185e-02 4.685768112540245056e-02 2.004548729015451583e-09 2.087231129407882690e-01 2.075748741626739502e-01 3.605185156629886478e-06 3.515402113407617435e-06 nan 2.085476964712142944e-01 3.545311458118022529e+03
7.364834845066070557e-02 4.978628456592559814e-02 2.000299865353250301e-09 1.965330988168716431e-01 1.954647004604339600e-01 3.007036639246507548e-06 2.932149527623550966e-06 nan 1.963698565959930420e-01 3.332668009678658109e+03
7.798060774803161621e-02 5.271489173173904419e-02 1.996302173696350216e-09 1.844300627708435059e-01 1.833487898111343384e-01 2.516845825084601529e-06 2.454166860843542963e-06 nan 1.842648684978485107e-01 3.101265269819208243e+03
8.231285959482192993e-02 5.564349144697189331e-02 1.992528044667567094e-09 1.725511848926544189e-01 1.713971644639968872e-01 2.113107257173396647e-06 2.060483211607788689e-06 nan 1.723748743534088135e-01 2.860029852190854854e+03
8.664511889219284058e-02 5.857209861278533936e-02 1.988954134422163219e-09 1.611656844615936279e-01 1.599161326885223389e-01 1.780932507244870067e-06 1.736581452860264108e-06 nan 1.609747707843780518e-01 2.621661286654898504e+03
9.097737073898315430e-02 6.150070205330848694e-02 1.985560585482697045e-09 1.505557149648666382e-01 1.492218822240829468e-01 1.508742116129724309e-06 1.471169866817945149e-06 nan 1.503519266843795776e-01 2.398134763010952611e+03
9.636187553405761719e-02 6.514062732458114624e-02 1.981568674123380254e-09 1.388306766748428345e-01 1.374457031488418579e-01 1.239882976733497344e-06 1.209006427416170482e-06 nan 1.386190801858901978e-01 2.155498981189960432e+03
1.017463728785514832e-01 6.878054887056350708e-02 1.977801256732118934e-09 1.290509700775146484e-01 1.276962310075759888e-01 1.033695980368065648e-06 1.007954097076435573e-06 nan 1.288439929485321045e-01 1.962848154040000736e+03
1.071308776736259460e-01 7.242047041654586792e-02 1.974234781265857972e-09 1.212660372257232666e-01 1.200197711586952209e-01 8.761849699112644885e-07 8.543655098947056103e-07 nan 1.210756301879882812e-01 1.821605732403121692e+03
1.125153750181198120e-01 7.606039196252822876e-02 1.970849203820953451e-09 1.151393130421638489e-01 1.140544787049293518e-01 7.543054039160779212e-07 7.355209277193353046e-07 nan 1.149735748767852783e-01 1.721769784324421153e+03
1.178998723626136780e-01 7.970031350851058960e-02 1.967627323526894450e-09 1.101056858897209167e-01 1.091985702514648438e-01 6.570747927980846725e-07 6.407114483408804517e-07 nan 1.099670976400375366e-01 1.647169319358271423e+03
1.232843771576881409e-01 8.334024250507354736e-02 1.964554264128985100e-09 1.056043952703475952e-01 1.048550903797149658e-01 5.764728143731190357e-07 5.621166110358899459e-07 nan 1.054899245500564575e-01 1.581971311864101381e+03
1.286688745021820068e-01 8.698015660047531128e-02 1.961617102724775952e-09 1.012001559138298035e-01 1.005626320838928223e-01 5.072280373497051187e-07 4.945961222801997792e-07 nan 1.011027470231056213e-01 1.513953989608171241e+03
1.340533792972564697e-01 9.062008559703826904e-02 1.958804483640675406e-09 9.662520885467529297e-02 9.604283422231674194e-02 4.461931268906482728e-07 4.350812332631903701e-07 nan 9.653624147176742554e-02 1.435860655521548551e+03
1.394378840923309326e-01 9.426000714302062988e-02 1.956106446915437174e-09 9.181086719036102295e-02 9.123200178146362305e-02 3.918323159268766176e-07 3.820742051630077185e-07 nan 9.172242134809494019e-02 1.346554760577613706e+03
1.448223739862442017e-01 9.789992123842239380e-02 1.953514161287429418e-09 8.686979115009307861e-02 8.625975996255874634e-02 3.436479687479732092e-07 3.350899078213842586e-07 nan 8.677659928798675537e-02 1.250409719392116131e+03
1.502068787813186646e-01 1.015398502349853516e-01 1.951019758654691563e-09 8.201622962951660156e-02 8.136279881000518799e-02 3.015568665887258248e-07 2.940471404144773260e-07 nan 8.191640675067901611e-02 1.154552461740678154e+03
1.555913835763931274e-01 1.051797717809677124e-01 1.948616241255242070e-09 7.748636603355407715e-02 7.679864019155502319e-02 2.654842887750419322e-07 2.588729159924696432e-07 nan 7.738129049539566040e-02 1.066166319668743199e+03
1.609758734703063965e-01 1.088196933269500732e-01 1.946297314463125787e-09 7.348124682903289795e-02 7.278333604335784912e-02 2.351774242015380878e-07 2.293208041237448924e-07 nan 7.337462902069091797e-02 9.907990005509773255e+02
1.663603782653808594e-01 1.124596148729324341e-01 1.944057316713681798e-09 7.010685652494430542e-02 6.942859292030334473e-02 2.100821916428685654e-07 2.048505365337405237e-07 nan 7.000323385000228882e-02 9.309846042814233442e+02
1.717448830604553223e-01 1.160995438694953918e-01 1.941891129256332855e-09 6.733477115631103516e-02 6.670267879962921143e-02 1.893307626232854091e-07 1.846158710350209731e-07 nan 6.723820418119430542e-02 8.856253573681856324e+02
1.771293878555297852e-01 1.197394654154777527e-01 1.939794125595426991e-09 6.502900272607803345e-02 6.445950269699096680e-02 1.719176054848503554e-07 1.676363154956561630e-07 nan 6.494200229644775391e-02 8.509871572809192912e+02
1.825138777494430542e-01 1.233793795108795166e-01 1.937762091126241291e-09 6.301205605268478394e-02 6.250853836536407471e-02 1.569209331364618265e-07 1.530130759874737123e-07 nan 6.293512880802154541e-02 8.224437624531326492e+02
1.878983825445175171e-01 1.270193010568618774e-01 1.935791175107242678e-09 6.111165508627891541e-02 6.066536530852317810e-02 1.436070533600286581e-07 1.400307354515462066e-07 nan 6.104347109794616699e-02 7.955952685551654895e+02
1.932828873395919800e-01 1.306592375040054321e-01 1.933877861004656685e-09 5.918644741177558899e-02 5.878033116459846497e-02 1.314511735017731553e-07 1.281775752204339369e-07 nan 5.912440270185470581e-02 7.668837836242807953e+02
1.986673772335052490e-01 1.342991441488265991e-01 1.932018951816384183e-09 5.715547502040863037e-02 5.676955729722976685e-02 1.201548229801119305e-07 1.171625285678601358e-07 nan 5.709651857614517212e-02 7.343721456814758994e+02
2.040518820285797119e-01 1.379390656948089600e-01 1.930211465507478933e-09 5.501682311296463013e-02 5.463348329067230225e-02 1.096314505844020459e-07 1.069012398602353642e-07 nan 5.495825782418251038e-02 6.982308877338831508e+02
2.094363868236541748e-01 1.415790021419525146e-01 1.928452677645768952e-09 5.283072590827941895e-02 5.243854597210884094e-02 9.992417915327678202e-08 9.743573059495247435e-08 nan 5.277081206440925598e-02 6.602324430853863078e+02
2.148208767175674438e-01 1.452189087867736816e-01 1.926740094380007882e-09 5.068389326333999634e-02 5.027930438518524170e-02 9.110988230531802401e-08 8.884094171435208409e-08 nan 5.062207952141761780e-02 6.227333243209686771e+02
2.202053815126419067e-01 1.488588303327560425e-01 1.925071368159055733e-09 4.866296425461769104e-02 4.824964329600334167e-02 8.324438027784708538e-08 8.117132921370284748e-08 nan 4.859981313347816467e-02 5.879418833065292347e+02
2.255898863077163696e-01 1.524987667798995972e-01 1.923444343781293656e-09 4.683595523238182068e-02 4.642256349325180054e-02 7.633592247202614089e-08 7.443491512049149605e-08 nan 4.677280038595199585e-02 5.574688589460117782e+02
2.309743911027908325e-01 1.561386883258819580e-01 1.921857033120720865e-09 4.523435980081558228e-02 4.483136534690856934e-02 7.032731019762650249e-08 6.857593604081557714e-08 nan 4.517279565334320068e-02 5.319666477334510546e+02
2.363588809967041016e-01 1.597786098718643188e-01 1.920307567935778733e-09 4.384667798876762390e-02 4.346326738595962524e-02 6.510103389700816479e-08 6.347981695853377460e-08 nan 4.378810152411460876e-02 5.110679650039826356e+02
2.417433857917785645e-01 1.634185314178466797e-01 1.918794213956308179e-09 4.263004660606384277e-02 4.227190837264060974e-02 6.050986911532163504e-08 5.900297495031736617e-08 nan 4.257533326745033264e-02 4.937159282484072946e+02
2.471278905868530273e-01 1.670584529638290405e-01 1.917315352832477265e-09 4.152609035372734070e-02 4.119438678026199341e-02 5.640616151936228562e-08 5.500145761061503435e-08 nan 4.147541150450706482e-02 4.785418529073862146e+02
2.525123953819274902e-01 1.706983745098114014e-01 1.915869472055197894e-09 4.047176614403724670e-02 4.016347602009773254e-02 5.265771818585562869e-08 5.134635827630518179e-08 nan 4.042466729879379272e-02 4.641041662785830226e+02
2.578969001770019531e-01 1.743383109569549561e-01 1.914455150219987163e-09 3.941286727786064148e-02 3.912207111716270447e-02 4.916295637258372153e-08 4.793862373730917170e-08 nan 3.936843946576118469e-02 4.491898567087250171e+02
2.632813751697540283e-01 1.779782027006149292e-01 1.913071083197014340e-09 3.832095861434936523e-02 3.804067894816398621e-02 4.586618373991768749e-08 4.472395787047389604e-08 nan 3.827813640236854553e-02 4.331980782457878263e+02
2.686658799648284912e-01 1.816181391477584839e-01 1.911715991580206360e-09 3.719888255000114441e-02 3.692286834120750427e-02 4.275567278000380611e-08 4.169091027961258078e-08 nan 3.715671226382255554e-02 4.162538193603278387e+02
2.740503847599029541e-01 1.852580606937408447e-01 1.910388727493893778e-09 3.606909140944480896e-02 3.579315915703773499e-02 3.984251861766097136e-08 3.885030963601820986e-08 nan 3.602693602442741394e-02 3.989193974780495751e+02
2.794348895549774170e-01 1.888979822397232056e-01 1.909088184011114833e-09 3.495940566062927246e-02 3.468202427029609680e-02 3.714112395414304046e-08 3.621618560600836645e-08 nan 3.491703048348426819e-02 3.818539084692454821e+02
2.848193943500518799e-01 1.925379037857055664e-01 1.907813323590368924e-09 3.389772772789001465e-02 3.361989930272102356e-02 3.466292142206839344e-08 3.379969726324816293e-08 nan 3.385528177022933960e-02 3.656867112194741480e+02
2.902038991451263428e-01 1.961778402328491211e-01 1.906563162582237113e-09 3.290941193699836731e-02 3.263389691710472107e-02 3.241417445565275557e-08 3.160695527526513615e-08 nan 3.286732360720634460e-02 3.509597130188079177e+02
2.955884039402008057e-01 1.998177617788314819e-01 1.905336787226579552e-09 3.200952708721160889e-02 3.173981979489326477e-02 3.038939411226238008e-08 2.963260392618849437e-08 nan 3.196832165122032166e-02 3.379716077082186985e+02
3.009728789329528809e-01 2.034576684236526489e-01 1.904133323856378078e-09 3.119588084518909454e-02 3.093515709042549133e-02 2.856702252529430552e-08 2.785561115103973862e-08 nan 3.115604817867279053e-02 3.266493191960226454e+02
3.063573837280273438e-01 2.070975899696350098e-01 1.902951936232507350e-09 3.045192360877990723e-02 3.020224161446094513e-02 2.691484191075232957e-08 2.624457451361195126e-08 nan 3.041377849876880646e-02 3.166271643100712936e+02
3.117418885231018066e-01 2.107375115156173706e-01 1.901791846628511990e-09 2.975611761212348938e-02 2.951802685856819153e-02 2.540000920703278098e-08 2.476746274737706699e-08 nan 2.971974201500415802e-02 3.074491225463256114e+02
3.171263933181762695e-01 2.143774479627609253e-01 1.900652308391623192e-09 2.908828109502792358e-02 2.886087819933891296e-02 2.399463916447075462e-08 2.339709226362174377e-08 nan 2.905353903770446777e-02 2.986989742217400590e+02
3.225108981132507324e-01 2.180173695087432861e-01 1.899532626729035332e-09 2.843123860657215118e-02 2.821257524192333221e-02 2.267654686249898077e-08 2.211182525968524715e-08 nan 2.839783392846584320e-02 2.900315834380276669e+02
3.278954029083251953e-01 2.216572910547256470e-01 1.898432128189829179e-09 2.777295559644699097e-02 2.756061591207981110e-02 2.143011634814229183e-08 2.089643480474023818e-08 nan 2.774051576852798462e-02 2.812141390384788338e+02
3.332799077033996582e-01 2.252972126007080078e-01 1.897350177081271127e-09 2.711015194654464722e-02 2.690187841653823853e-02 2.024808765099805896e-08 1.974384211678170686e-08 nan 2.707833237946033478e-02 2.721968349505439164e+02
3.386643826961517334e-01 2.289371192455291748e-01 1.896286172945125672e-09 2.644890174269676208e-02 2.624307386577129364e-02 1.913074143544690742e-08 1.865432253111976024e-08 nan 2.641745842993259430e-02 2.631184209684683424e+02
3.440488874912261963e-01 2.325770407915115356e-01 1.895239531240720810e-09 2.580025047063827515e-02 2.559610642492771149e-02 1.808162863881079829e-08 1.763133461452071060e-08 nan 2.576906234025955200e-02 2.542111750099630854e+02
3.494333922863006592e-01 2.362169772386550903e-01 1.894209703480833635e-09 2.517468109726905823e-02 2.497234009206295013e-02 1.710331254400898615e-08 1.667738480648495170e-08 nan 2.514377050101757050e-02 2.456874646210222863e+02
3.548178970813751221e-01 2.398568987846374512e-01 1.893196174858241155e-09 2.457972615957260132e-02 2.437995560467243195e-02 1.619588729795395921e-08 1.579255481942709594e-08 nan 2.454920485615730286e-02 2.376937640894041408e+02
3.602024018764495850e-01 2.434968203306198120e-01 1.892198441798694543e-09 2.401980943977832794e-02 2.382370457053184509e-02 1.535721771972475835e-08 1.497477164491556323e-08 nan 2.398985065519809723e-02 2.303111548747881159e+02
3.655869066715240479e-01 2.471367418766021729e-01 1.891216027459402332e-09 2.349571324884891510e-02 2.330432645976543427e-02 1.458293397149645898e-08 1.421977113835737327e-08 nan 2.346647344529628754e-02 2.235484076856847082e+02
3.709714114665985107e-01 2.507766783237457275e-01 1.890248472221847833e-09 2.300367504358291626e-02 2.281774766743183136e-02 1.386622994203889903e-08 1.352091505424368734e-08 nan 2.297526597976684570e-02 2.173283189963624693e+02
3.763558864593505859e-01 2.544165849685668945e-01 1.889295352117686434e-09 2.253641188144683838e-02 2.235621027648448944e-02 1.319883402572941122e-08 1.287013873252362828e-08 nan 2.250888198614120483e-02 2.115098815318862364e+02
3.817403912544250488e-01 2.580564916133880615e-01 1.888356242191734645e-09 2.208605222404003143e-02 2.191134169697761536e-02 1.257292137069043747e-08 1.225981272057197202e-08 nan 2.205936051905155182e-02 2.059447819927406442e+02
3.871248960494995117e-01 2.616964280605316162e-01 1.887430735669950155e-09 2.164640091359615326e-02 2.147655561566352844e-02 1.198235910493394840e-08 1.168395780126729733e-08 nan 2.162045240402221680e-02 2.005192511458601246e+02
3.925094008445739746e-01 2.653363645076751709e-01 1.886518457772270655e-09 2.121331356465816498e-02 2.104751393198966980e-02 1.142271432996722069e-08 1.113825121024092368e-08 nan 2.118798159062862396e-02 1.951599475346379791e+02
3.978939056396484375e-01 2.689762711524963379e-01 1.885619049100158659e-09 2.078466862440109253e-02 2.062209136784076691e-02 1.089103296436633173e-08 1.061980814398566508e-08 nan 2.075983025133609772e-02 1.898322384461784225e+02
4.032784104347229004e-01 2.726162075996398926e-01 1.884732143174389957e-09 2.036098949611186981e-02 2.020098455250263214e-02 1.038596497693333731e-08 1.012731942751088354e-08 nan 2.033654414117336273e-02 1.845503803565899545e+02
4.086629152297973633e-01 2.762561440467834473e-01 1.883857409814700777e-09 1.994537934660911560e-02 1.978756301105022430e-02 9.907541453912926954e-09 9.660810817990750365e-09 nan 1.992126740515232086e-02 1.793743672889744971e+02
4.140473902225494385e-01 2.798960208892822266e-01 1.882994538868699288e-09 1.954167708754539490e-02 1.938596554100513458e-02 9.456093685855648800e-09 9.220605612370036397e-09 nan 1.951788924634456635e-02 1.743754667780420391e+02
4.194318950176239014e-01 2.835359573364257812e-01 1.882143190604211824e-09 1.915250532329082489e-02 1.899905130267143250e-02 9.031287717675695603e-09 8.806378737347131391e-09 nan 1.912906207144260406e-02 1.696007743261653786e+02
4.248163998126983643e-01 2.871758937835693359e-01 1.881303079826970542e-09 1.877908408641815186e-02 1.862818375229835510e-02 8.632115466866707720e-09 8.417146091233007610e-09 nan 1.875603012740612030e-02 1.650712373048644679e+02
4.302009046077728271e-01 2.908158004283905029e-01 1.880473925305205483e-09 1.842190325260162354e-02 1.827387884259223938e-02 8.257284633828021470e-09 8.051650901563789375e-09 nan 1.839928887784481049e-02 1.607941175990209786e+02
4.355854094028472900e-01 2.944557368755340576e-01 1.879655436356054805e-09 1.808048225939273834e-02 1.793558336794376373e-02 7.905152976661611319e-09 7.708288229935078562e-09 nan 1.805834658443927765e-02 1.567596064574611034e+02
4.409699141979217529e-01 2.980956733226776123e-01 1.878847353036435648e-09 1.775275170803070068e-02 1.761107891798019409e-02 7.573508042924004258e-09 7.384902023233053114e-09 nan 1.773110777139663696e-02 1.529305854374269131e+02
4.463544189929962158e-01 3.017355799674987793e-01 1.878049424887222573e-09 1.743564382195472717e-02 1.729714497923851013e-02 7.259893131106309738e-09 7.079097752438201496e-09 nan 1.741448231041431427e-02 1.492537861401175974e+02
4.517388939857482910e-01 3.053754866123199463e-01 1.877261397654174740e-09 1.712661236524581909e-02 1.699109561741352081e-02 6.962266319021637173e-09 6.788882345176716626e-09 nan 1.710590906441211700e-02 1.456859612087819187e+02
4.571233987808227539e-01 3.090154230594635010e-01 1.876483026309890802e-09 1.682425476610660553e-02 1.669143699109554291e-02 6.679197195325059511e-09 6.512863137686508708e-09 nan 1.680396310985088348e-02 1.422041503240850489e+02
4.625079035758972168e-01 3.126553297042846680e-01 1.875714093387305177e-09 1.652776263654232025e-02 1.639734022319316864e-02 6.409606623236641099e-09 6.249985418094183842e-09 nan 1.650783605873584747e-02 1.387958586893683730e+02
4.678924083709716797e-01 3.162952661514282227e-01 1.874954364165268396e-09 1.623662561178207397e-02 1.610833592712879181e-02 6.152599762998534061e-09 5.999379659726855607e-09 nan 1.621702685952186584e-02 1.354536934670483106e+02
4.732769131660461426e-01 3.199352025985717773e-01 1.874203630559428286e-09 1.595108211040496826e-02 1.582473702728748322e-02 5.907625943990524320e-09 5.760506738283766026e-09 nan 1.593177951872348785e-02 1.321828012226671660e+02
4.786614179611206055e-01 3.235751092433929443e-01 1.873461691551420399e-09 1.567226648330688477e-02 1.554776728153228760e-02 5.674490211049487698e-09 5.533175695404679573e-09 nan 1.565324515104293823e-02 1.290028781546037067e+02
4.840458929538726807e-01 3.272150158882141113e-01 1.872728340933758753e-09 1.540144253522157669e-02 1.527878548949956894e-02 5.453040241576445624e-09 5.317241758007185126e-09 nan 1.538270432502031326e-02 1.259350730586892837e+02
4.894303977489471436e-01 3.308549523353576660e-01 1.872003379495005729e-09 1.513916347175836563e-02 1.501840166747570038e-02 5.242875467104113341e-09 5.112310574872935831e-09 nan 1.512071490287780762e-02 1.229883270284909997e+02
4.948149025440216064e-01 3.344948589801788330e-01 1.871286632213937058e-09 1.488527655601501465e-02 1.476648356765508652e-02 5.043367501400553010e-09 4.917771079249178001e-09 nan 1.486712787300348282e-02 1.201598722903215446e+02
5.001994371414184570e-01 3.381348252296447754e-01 1.870577900826693527e-09 1.463945116847753525e-02 1.452269405126571655e-02 4.853869306487013091e-09 4.732991776279504847e-09 nan 1.462161354720592499e-02 1.174440834201831620e+02
5.055838823318481445e-01 3.417747020721435547e-01 1.869877039368293133e-09 1.440134085714817047e-02 1.428664848208427429e-02 4.673765374718641397e-09 4.557373589619828635e-09 nan 1.438381802290678024e-02 1.148351115227911521e+02
5.109683871269226074e-01 3.454146385192871094e-01 1.869183849789121820e-09 1.417027693241834641e-02 1.405763067305088043e-02 4.502375361425947631e-09 4.390251273633793971e-09 nan 1.415306702256202698e-02 1.123221093684423124e+02
5.163528919219970703e-01 3.490545451641082764e-01 1.868498185335105332e-09 1.394517254084348679e-02 1.383450720459222794e-02 4.338934989078779836e-09 4.230880534805692150e-09 nan 1.392826531082391739e-02 1.098878423243817792e+02
5.217373967170715332e-01 3.526944816112518311e-01 1.867819876059786520e-09 1.372503954917192459e-02 1.361625269055366516e-02 4.182758583937129515e-09 4.078593907053118528e-09 nan 1.370841823518276215e-02 1.075168977802091064e+02
5.271219015121459961e-01 3.563344180583953857e-01 1.867148773833358248e-09 1.350945141166448593e-02 1.340242661535739899e-02 4.033378964152234403e-09 3.932933978489927540e-09 nan 1.349309924989938736e-02 1.052029536645864169e+02
5.325064063072204590e-01 3.599743247032165527e-01 1.866484735032350672e-09 1.329840347170829773e-02 1.319303177297115326e-02 3.890479494117471404e-09 3.793593439382902943e-09 nan 1.328230462968349457e-02 1.029463133728854842e+02
5.378909111022949219e-01 3.636142611503601074e-01 1.865827604301946768e-09 1.309187244623899460e-02 1.298806071281433105e-02 3.753758193170142476e-09 3.660276748362889521e-09 nan 1.307601295411586761e-02 1.007469208743785032e+02
5.432754158973693848e-01 3.672541677951812744e-01 1.865177252290424566e-09 1.288978289812803268e-02 1.278746686875820160e-02 3.622911970424524952e-09 3.532689474283756681e-09 nan 1.287415064871311188e-02 9.860385410298164288e+01
5.486599206924438477e-01 3.708941042423248291e-01 1.864533532427482462e-09 1.269230339676141739e-02 1.259144954383373260e-02 3.497725442613841551e-09 3.410620452726220719e-09 nan 1.267689466476440430e-02 9.651990248519821591e+01
5.540444254875183105e-01 3.745340406894683838e-01 1.863896318172137942e-09 1.249981764703989029e-02 1.240041479468345642e-02 3.378047841451348177e-09 3.293923356295636040e-09 nan 1.248463243246078491e-02 9.450097523968730684e+01
5.594289302825927734e-01 3.781739473342895508e-01 1.863265486641235488e-09 1.231248676776885986e-02 1.221453677862882614e-02 3.263676218168143350e-09 3.182399677115199665e-09 nan 1.229752227663993835e-02 9.254943806142055962e+01
5.648134350776672363e-01 3.818138837814331055e-01 1.862640903204479876e-09 1.213005464524030685e-02 1.203356031328439713e-02 3.154306149610874854e-09 3.075753207681941603e-09 nan 1.211531180888414383e-02 9.066135986144280423e+01
5.701979398727416992e-01 3.854538202285766602e-01 1.862022452330667509e-09 1.195216178894042969e-02 1.185712218284606934e-02 3.049625885154227944e-09 2.973679968931719486e-09 nan 1.193764153867959976e-02 8.883129839766583302e+01
5.755824446678161621e-01 3.890937268733978271e-01 1.861410021730888845e-09 1.177863404154777527e-02 1.168503239750862122e-02 2.949385624617661961e-09 2.875936155888325629e-09 nan 1.176433265209197998e-02 8.705665803128529490e+01
5.809668898582458496e-01 3.927336037158966064e-01 1.860803497296447543e-09 1.160930935293436050e-02 1.151711586862802505e-02 2.853354219567449945e-09 2.782295949188551276e-09 nan 1.159522496163845062e-02 8.533500439672783955e+01
5.863513946533203125e-01 3.963735401630401611e-01 1.860202753428811389e-09 1.144381985068321228e-02 1.135299354791641235e-02 2.761260997630188285e-09 2.692496225975560264e-09 nan 1.142994314432144165e-02 8.366095703216598167e+01
5.917358994483947754e-01 4.000134766101837158e-01 1.859607692406273365e-09 1.128173526376485825e-02 1.119222678244113922e-02 2.672837728923127543e-09 2.606275417704750907e-09 nan 1.126806065440177917e-02 8.202828160596239115e+01
5.971204042434692383e-01 4.036533832550048828e-01 1.859018214291441706e-09 1.112288516014814377e-02 1.103464327752590179e-02 2.587892566907612490e-09 2.523445452595751703e-09 nan 1.110940426588058472e-02 8.043461474477678053e+01
6.025049090385437012e-01 4.072933197021484375e-01 1.858434207544148841e-09 1.096733845770359039e-02 1.088031660765409470e-02 2.506297391846601386e-09 2.443882429759014485e-09 nan 1.095404289662837982e-02 7.888106985883131017e+01
6.078894138336181641e-01 4.109332561492919922e-01 1.857855577876460681e-09 1.081510633230209351e-02 1.072926726192235947e-02 2.427918088798719509e-09 2.367454676743818709e-09 nan 1.080199144780635834e-02 7.736787976808531653e+01
6.132739186286926270e-01 4.145731627941131592e-01 1.857282233477322155e-09 1.066605839878320694e-02 1.058136858046054840e-02 2.352594563603815914e-09 2.294007428460531628e-09 nan 1.065311953425407410e-02 7.589320201381862319e+01
6.186584234237670898e-01 4.182130992412567139e-01 1.856714071034082293e-09 1.052013039588928223e-02 1.043657213449478149e-02 2.280191147008281405e-09 2.223406792012383448e-09 nan 1.050736382603645325e-02 7.445617567497787093e+01
6.240429282188415527e-01 4.218530058860778809e-01 1.856151008397507339e-09 1.037742476910352707e-02 1.029498130083084106e-02 2.210612137787393294e-09 2.155560396843725357e-09 nan 1.036482956260442734e-02 7.305829819929243740e+01
6.294274330139160156e-01 4.254929423332214355e-01 1.855592947277603754e-09 1.023799646645784378e-02 1.015665661543607712e-02 2.143756505645910693e-09 2.090369877194575565e-09 nan 1.022556889802217484e-02 7.170028867018260144e+01
6.556535363197326660e-01 4.432217776775360107e-01 1.852943630635520644e-09 9.600494056940078735e-03 9.524290449917316437e-03 1.852665909574113812e-09 1.806528149295161256e-09 nan 9.588851593434810638e-03 6.558225145999819006e+01
8.039034605026245117e-01 5.434387326240539551e-01 1.839770603253567837e-09 6.938969250768423080e-03 6.883903872221708298e-03 8.907170001570818840e-10 8.685350771919786439e-10 nan 6.930556613951921463e-03 4.170806733127202648e+01
9.932619333267211914e-01 6.714450716972351074e-01 1.826201010048688587e-09 4.928070586174726486e-03 4.888975992798805237e-03 4.143831389136209964e-10 4.040636158997301663e-10 nan 4.922098014503717422e-03 2.580053960435589744e+01
1.227223634719848633e+00 8.296031951904296875e-01 1.812731498599941669e-09 3.482779487967491150e-03 3.455157624557614326e-03 1.918366160369444628e-10 1.870592292174677596e-10 nan 3.478559665381908417e-03 1.580416996950706654e+01
1.516294717788696289e+00 1.025015234947204590e+00 1.799361337301671755e-09 2.450455678626894951e-03 2.431025961413979530e-03 8.841638532430806663e-11 8.621452857182632101e-11 nan 2.447487320750951767e-03 9.595294351034771907e+00
1.873456120491027832e+00 1.266456365585327148e+00 1.786089789356977996e-09 1.717167906463146210e-03 1.703555230051279068e-03 4.058625657776815387e-11 3.957551994449026722e-11 nan 1.715088263154029846e-03 5.778762835774032602e+00
2.314746379852294922e+00 1.564768552780151367e+00 1.772916133006574509e-09 1.198904472403228283e-03 1.189402304589748383e-03 1.856227671570565008e-11 1.810001280799777845e-11 nan 1.197452773340046406e-03 3.454802924775801642e+00
2.859982252120971680e+00 1.933347940444946289e+00 1.759839636962373426e-09 8.342636865563690662e-04 8.276529842987656593e-04 8.461170999951583838e-12 8.250458476133371022e-12 nan 8.332536672241985798e-04 2.051661224812006967e+00
3.533647537231445312e+00 2.388745784759521484e+00 1.746859588797865175e-09 5.787537083961069584e-04 5.741688655689358711e-04 3.845044942163422519e-12 3.749290374693847738e-12 nan 5.780532374046742916e-04 1.210964409749345272e+00
4.365993976593017578e+00 2.951411962509155273e+00 1.733975279535418463e-09 4.003755166195333004e-04 3.972046542912721634e-04 1.742432045002961782e-12 1.699039346714226184e-12 nan 3.998910833615809679e-04 7.107610132034548611e-01
5.394398689270019531e+00 3.646613597869873047e+00 1.721185999058096773e-09 2.762647054623812437e-04 2.740776399150490761e-04 7.875800706047542121e-13 7.679665280438396913e-13 nan 2.759305643849074841e-04 4.150345092088013610e-01
6.665042877197265625e+00 4.505568981170654297e+00 1.708491050912268841e-09 1.901752984849736094e-04 1.886705867946147919e-04 3.551441367551089190e-13 3.462997575330584166e-13 nan 1.899454073281958699e-04 2.412050379497943375e-01
8.234986305236816406e+00 5.566850662231445312e+00 1.695889732548296616e-09 1.306278136326000094e-04 1.295950787607580423e-04 1.597968041526162675e-13 1.558172536310353795e-13 nan 1.304700417676940560e-04 1.395707360055710999e-01
1.017472743988037109e+01 6.878115653991699219e+00 1.683381361073609185e-09 8.954470831668004394e-05 8.883757982403039932e-05 7.175546777853786251e-14 6.996847220532009803e-14 nan 8.943668217398226261e-05 8.043549189027675295e-02
1.257137203216552734e+01 8.498247146606445312e+00 1.670965250288532184e-09 6.126749212853610516e-05 6.078448859625495970e-05 3.216097025737600645e-14 3.136002267871591809e-14 nan 6.119369936641305685e-05 4.618200816648242862e-02
1.553254413604736328e+01 1.050000000000000000e+01 1.658640709094829109e-09 4.184686986263841391e-05 4.151782195549458265e-05 1.438957527894087207e-14 1.403120326225410289e-14 nan 4.179659663350321352e-05 2.642307705273397311e-02
