# k/h [h/Mpc]            k [1/Mpc]              Primoridal             T_cdm(k)                 T_bar(k)                 T_phot(k)                T_massless neutrions(k)  T_massive neutrinos(k)   T_total(k)               Linear Pk [(Mpc/h)^3]  
1.049045658874092624e-05 7.091548468451946974e-06 2.727206404909961128e-09 1.000000000000000000e+00 1.000000000000000000e+00 1.000000000000000000e+00 1.000000000000000000e+00 nan 1.000000000000000000e+00 3.284463912570387834e+00
1.158353370556142181e-05 7.830468348402064294e-06 2.717761705682844603e-09 1.219251275062561035e+00 1.219251275062561035e+00 1.219217538833618164e+00 1.219216942787170410e+00 nan 1.219251275062561035e+00 3.614134474379955275e+00
1.279050593439023942e-05 8.646382411825470626e-06 2.708349706436794825e-09 1.486573815345764160e+00 1.486573815345764160e+00 1.486482620239257812e+00 1.486480832099914551e+00 nan 1.486573815345764160e+00 3.976894498766385677e+00
1.412324218108551577e-05 9.547311492497101426e-06 2.698970312856197758e-09 1.812506914138793945e+00 1.812506914138793945e+00 1.812321186065673828e+00 1.812317132949829102e+00 nan 1.812506914138793945e+00 4.376066266935645821e+00
1.559484553581569344e-05 1.054211588780162856e-05 2.689623392481895528e-09 2.209901094436645508e+00 2.209901094436645508e+00 2.209564208984375000e+00 2.209556579589843750e+00 nan 2.209901094436645508e+00 4.815301696444826085e+00
1.721978514979127795e-05 1.164057448477251455e-05 2.680308856040028027e-09 2.694423913955688477e+00 2.694423675537109375e+00 2.693847894668579102e+00 2.693835496902465820e+00 nan 2.694423913955688477e+00 5.298625114623593646e+00
1.901403993542771786e-05 1.285349117097212002e-05 2.671026563908324178e-09 3.285179138183593750e+00 3.285178899765014648e+00 3.284232139587402344e+00 3.284211397171020508e+00 nan 3.285178899765014648e+00 5.830458960525414902e+00
2.099525045196060091e-05 1.419278942194068804e-05 2.661776424936157355e-09 4.005456924438476562e+00 4.005456447601318359e+00 4.003938198089599609e+00 4.003904819488525391e+00 nan 4.005456924438476562e+00 6.415671424592290784e+00
2.318289807590190321e-05 1.567163963045459241e-05 2.652558315858844083e-09 4.883656024932861328e+00 4.883655548095703125e+00 4.881263256072998047e+00 4.881210327148437500e+00 nan 4.883655548095703125e+00 7.059622725113460895e+00
2.559849235694855452e-05 1.730458097881637514e-05 2.643372135990062650e-09 5.954398155212402344e+00 5.954397678375244141e+00 5.950677394866943359e+00 5.950595378875732422e+00 nan 5.954398155212402344e+00 7.768201953673361082e+00
2.826578383974265307e-05 1.910767059598583728e-05 2.634217767634683471e-09 7.259900093078613281e+00 7.259899616241455078e+00 7.254168510437011719e+00 7.254041671752929688e+00 nan 7.259900093078613281e+00 8.547898879409206785e+00
3.121100235148333013e-05 2.109863817167934030e-05 2.625095097817206075e-09 8.851631164550781250e+00 8.851629257202148438e+00 8.842865943908691406e+00 8.842672348022460938e+00 nan 8.851631164550781250e+00 9.405851479356201139e+00
3.446310074650682509e-05 2.329705603187903762e-05 2.616004033478672110e-09 1.079234313964843750e+01 1.079234123229980469e+01 1.077901554107666016e+01 1.077872180938720703e+01 nan 1.079234218597412109e+01 1.034990784238398831e+01
3.805406231549568474e-05 2.572454650362487882e-05 2.606944439452153756e-09 1.315855312347412109e+01 1.315854930877685547e+01 1.313838005065917969e+01 1.313793373107910156e+01 nan 1.315855216979980469e+01 1.138870987797615975e+01
4.201919000479392707e-05 2.840497290890198201e-05 2.597916226597658093e-09 1.604353904724121094e+01 1.604353523254394531e+01 1.601311302185058594e+01 1.601243782043457031e+01 nan 1.604353713989257812e+01 1.253176076360228208e+01
4.639747567125596106e-05 3.136469240416772664e-05 2.588919279439887767e-09 1.956104278564453125e+01 1.956103515625000000e+01 1.951527976989746094e+01 1.951426696777343750e+01 nan 1.956104087829589844e+01 1.378951833763939483e+01
5.123196388012729585e-05 3.463280881987884641e-05 2.579953483847589841e-09 2.384973335266113281e+01 2.384972381591796875e+01 2.378105926513671875e+01 2.377953910827636719e+01 nan 2.384973144531250000e+01 1.517349008213589556e+01
5.657019573845900595e-05 3.824145096587017179e-05 2.571018745591721348e-09 2.907867050170898438e+01 2.907865715026855469e+01 2.897581481933593750e+01 2.897353744506835938e+01 nan 2.907867050170898438e+01 1.669632983798699399e+01
6.246465636650100350e-05 4.222610732540488243e-05 2.562114941593048984e-09 3.545399856567382812e+01 3.545397949218750000e+01 3.530017852783203125e+01 3.529677200317382812e+01 nan 3.545399475097656250e+01 1.837196435726371391e+01
6.897329876665025949e-05 4.662595165427774191e-05 2.553241977543412439e-09 4.322701644897460938e+01 4.322698211669921875e+01 4.299726104736328125e+01 4.299217224121093750e+01 nan 4.322701263427734375e+01 2.021571146052836809e+01
7.616012590005993843e-05 5.148424679646268487e-05 2.544399743325443185e-09 5.270411682128906250e+01 5.270406723022460938e+01 5.236130905151367188e+01 5.235371398925781250e+01 nan 5.270411300659179688e+01 2.224441596746234140e+01
8.409580186707898974e-05 5.684876305167563260e-05 2.535588130685252624e-09 6.425885009765625000e+01 6.425877380371093750e+01 6.374782562255859375e+01 6.373651123046875000e+01 nan 6.425883483886718750e+01 2.447660759772831085e+01
9.285835403716191649e-05 6.277224747464060783e-05 2.526807033334104165e-09 7.834661865234375000e+01 7.834651184082031250e+01 7.758544158935546875e+01 7.756859588623046875e+01 nan 7.834660339355468750e+01 2.693266033921368319e+01
1.025339443003758788e-04 6.931294774403795600e-05 2.518056339675267213e-09 9.552262878417968750e+01 9.552246856689453125e+01 9.438963317871093750e+01 9.436457061767578125e+01 nan 9.552261352539062500e+01 2.963498078268280622e+01
1.132176985265687108e-04 7.653516513528302312e-05 2.509335958204897443e-09 1.164637451171875000e+02 1.164635009765625000e+02 1.147783813476562500e+02 1.147411346435546875e+02 nan 1.164637069702148438e+02 3.260820414900349817e+01
1.250146742677316070e-04 8.450992027064785361e-05 2.500645773867358897e-09 1.419950561523437500e+02 1.419946899414062500e+02 1.394895935058593750e+02 1.394342956542968750e+02 nan 1.419949951171875000e+02 3.587940226586665915e+01
1.380408502882346511e-04 9.331561159342527390e-05 2.491985695624705562e-09 1.731223754882812500e+02 1.731218566894531250e+02 1.694001159667968750e+02 1.693180389404296875e+02 nan 1.731222991943359375e+02 3.947832951637205667e+01
1.524243270978331566e-04 1.030388448270969093e-04 2.483355596498544299e-09 2.110719146728515625e+02 2.110711212158203125e+02 2.055454101562500000e+02 2.054237670898437500e+02 nan 2.110718078613281250e+02 4.343768152239371005e+01
1.683065347606316209e-04 1.137752187787555158e-04 2.474755379885282393e-09 2.573381958007812500e+02 2.573370056152343750e+02 2.491385650634765625e+02 2.489584197998046875e+02 nan 2.573380126953125000e+02 4.779334572207263676e+01
1.858436153270304203e-04 1.256302784895524383e-04 2.466184957973141175e-09 3.137426757812500000e+02 3.137409057617187500e+02 3.015863037109375000e+02 3.013198547363281250e+02 nan 3.137424011230468750e+02 5.258472779538773523e+01
2.052080089924857020e-04 1.387206139042973518e-04 2.457644209414643305e-09 3.825056762695312500e+02 3.825030517578125000e+02 3.644989624023437500e+02 3.641053466796875000e+02 nan 3.825052795410156250e+02 5.785507238380129280e+01
2.265901130158454180e-04 1.531749148853123188e-04 2.449133045395065615e-09 4.663325195312500000e+02 4.663286437988281250e+02 4.396868591308593750e+02 4.391064758300781250e+02 nan 4.663319702148437500e+02 6.365178669414395074e+01
2.502001880202442408e-04 1.691353245405480266e-04 2.440651351248999153e-09 5.685202026367187500e+02 5.685144653320312500e+02 5.291378173828125000e+02 5.282836914062500000e+02 nan 5.685193481445312500e+02 7.002681121009838705e+01
2.762703516054898500e-04 1.867587561719119549e-04 2.432199034655000626e-09 6.930854492187500000e+02 6.930769653320312500e+02 6.349603881835937500e+02 6.337062377929687500e+02 nan 6.930841674804687500e+02 7.703701727269054800e+01
3.050569503102451563e-04 2.062184939859434962e-04 2.423775992290330563e-09 8.449213256835937500e+02 8.449088134765625000e+02 7.592787475585937500e+02 7.574425048828125000e+02 nan 8.449194335937500000e+02 8.474457468557180562e+01
3.368430479895323515e-04 2.277058956678956747e-04 2.415382114947829304e-09 1.029987792968750000e+03 1.029969360351562500e+03 9.040566406250000000e+02 9.013776855468750000e+02 nan 1.029984985351562500e+03 9.321738289956216761e+01
3.719411906786262989e-04 2.514322404749691486e-04 2.407017301830847028e-09 1.255542236328125000e+03 1.255515136718750000e+03 1.070823608398437500e+03 1.066930908203125000e+03 nan 1.255538330078125000e+03 1.025294518852359715e+02
4.106964333914220333e-04 2.776307810563594103e-04 2.398681465071051552e-09 1.530419311523437500e+03 1.530379516601562500e+03 1.260270263671875000e+03 1.254643188476562500e+03 nan 1.530413208007812500e+03 1.127613594614086878e+02
4.534898616839200258e-04 3.065591445192694664e-04 2.390374494355455649e-09 1.865371582031250000e+03 1.865313476562500000e+03 1.471691772460937500e+03 1.463607666015625000e+03 nan 1.865362670898437500e+03 1.240005292123304486e+02
5.007422878406941891e-04 3.385017917025834322e-04 2.382096284987275655e-09 2.273480224609375000e+03 2.273395751953125000e+03 1.702254638671875000e+03 1.690727050781250000e+03 nan 2.273467285156250000e+03 1.363416253136650198e+02
5.529182380996644497e-04 3.737727238330990076e-04 2.373846756225058361e-09 2.770651611328125000e+03 2.770529052734375000e+03 1.946111694335937500e+03 1.929823974609375000e+03 nan 2.770633056640625000e+03 1.498868173464571214e+02
6.105307838879525661e-04 4.127188003621995449e-04 2.365625794166928840e-09 3.376221191406250000e+03 3.376043945312500000e+03 2.193461914062500000e+03 2.170702392578125000e+03 nan 3.376194091796875000e+03 1.647459975181058383e+02
6.741464603692293167e-04 4.557229985948652029e-04 2.357433293568910220e-09 4.113676269531250000e+03 4.113421875000000000e+03 2.429763916015625000e+03 2.398387207031250000e+03 nan 4.113637695312500000e+03 1.810366365016092516e+02
7.443906506523489952e-04 5.032080807723104954e-04 2.349269171114912410e-09 5.011527832031250000e+03 5.011166015625000000e+03 2.635513671875000000e+03 2.592955566406250000e+03 nan 5.011472656250000000e+03 1.988840827452546591e+02
8.219541050493717194e-04 5.556409596465528011e-04 2.341133324843220307e-09 6.104363769531250000e+03 6.103853027343750000e+03 2.787250976562500000e+03 2.730646484375000000e+03 nan 6.104286132812500000e+03 2.184207887763111842e+02
9.075994603335857391e-04 6.135372095741331577e-04 2.333025652639057309e-09 7.434109375000000000e+03 7.433395019531250000e+03 2.860660156250000000e+03 2.787111083984375000e+03 nan 7.434000000000000000e+03 2.397863059623932429e+02
1.002168864943087101e-03 6.774661596864461899e-04 2.324946049885245546e-09 9.051534179687500000e+03 9.050546875000000000e+03 2.836668701171875000e+03 2.743689941406250000e+03 nan 9.051382812500000000e+03 2.631262184558109425e+02
1.106592128053307533e-03 7.480562780983746052e-04 2.316894434325377400e-09 1.101806152343750000e+04 1.101671777343750000e+04 2.710834716796875000e+03 2.596925048828125000e+03 nan 1.101785644531250000e+04 2.885914729151268148e+02
1.221895916387438774e-03 8.260016329586505890e-04 2.308870708568745277e-09 1.340793164062500000e+04 1.340612695312500000e+04 2.504543945312500000e+03 2.369683105468750000e+03 nan 1.340765527343750000e+04 3.163371309035204035e+02
1.349214115180075169e-03 9.120687609538435936e-04 2.300874762407135126e-09 1.631077832031250000e+04 1.630839062500000000e+04 2.273170654296875000e+03 2.118821777343750000e+03 nan 1.631041308593750000e+04 3.465208040199897255e+02
1.489798538386821747e-03 1.007103826850652695e-03 2.292906509188567727e-09 1.983468554687500000e+04 1.983157031250000000e+04 2.101937744140625000e+03 1.930029296875000000e+03 nan 1.983421093750000000e+04 3.793009690905880689e+02
1.645031501539051533e-03 1.112041296437382698e-03 2.284965850418265676e-09 2.410982226562500000e+04 2.410580273437500000e+04 2.078185546875000000e+03 1.888872924804687500e+03 nan 2.410920703125000000e+04 4.148343067725572837e+02
1.816439209505915642e-03 1.227912958711385727e-03 2.277052691606405739e-09 2.929272070312500000e+04 2.928755273437500000e+04 2.236530761718750000e+03 2.025799316406250000e+03 nan 2.929192773437500000e+04 4.532725743827311931e+02
2.005707239732146263e-03 1.355858054012060165e-03 2.269166941709029953e-09 3.557127734375000000e+04 3.556460546875000000e+04 2.499872070312500000e+03 2.260067871093750000e+03 nan 3.557025781250000000e+04 4.947575027139019994e+02
2.214696491137146950e-03 1.497134799137711525e-03 2.261308494449764354e-09 4.317060156250000000e+04 4.316185156250000000e+04 2.679199707031250000e+03 2.406138183593750000e+03 nan 4.316926562500000000e+04 5.394149288936112043e+02
2.445461694151163101e-03 1.653132145293056965e-03 2.253477264686429142e-09 5.235971875000000000e+04 5.234797656250000000e+04 2.602622070312500000e+03 2.307345214843750000e+03 nan 5.235792187500000000e+04 5.873470791649812099e+02
2.700272016227245331e-03 1.825383864343166351e-03 2.245673160886940457e-09 6.345936328125000000e+04 6.344326562500000000e+04 2.332390625000000000e+03 2.042852172851562500e+03 nan 6.345690625000000000e+04 6.386238257412244366e+02
2.981632947921752930e-03 2.015583915635943413e-03 2.237896076485985185e-09 7.685094531250000000e+04 7.682860937500000000e+04 2.200225097656250000e+03 1.935955200195312500e+03 nan 7.684753125000000000e+04 6.932747102212981645e+02
3.292310982942581177e-03 2.225602278485894203e-03 2.230145925871712440e-09 9.298669531250000000e+04 9.295558593750000000e+04 2.389596435546875000e+03 2.077292968750000000e+03 nan 9.298194531250000000e+04 7.512802303845065808e+02
3.635360859334468842e-03 2.457503927871584892e-03 2.222422616889744185e-09 1.124011562500000000e+05 1.123578203125000000e+05 2.506560058593750000e+03 2.059657714843750000e+03 nan 1.123945390625000000e+05 8.125596786197711481e+02
4.014155361801385880e-03 2.713568974286317825e-03 2.214726058195065524e-09 1.357238125000000000e+05 1.356631406250000000e+05 2.201551025390625000e+03 2.039974243164062500e+03 nan 1.357145625000000000e+05 8.769590367902362686e+02
4.432419314980506897e-03 2.996315481141209602e-03 2.207056148657132701e-09 1.636929375000000000e+05 1.636071406250000000e+05 2.073792480468750000e+03 2.018056518554687500e+03 nan 1.636798281250000000e+05 9.442353809725735800e+02
4.894265439361333847e-03 3.308523446321487427e-03 2.199412800139309644e-09 1.971703125000000000e+05 1.970480781250000000e+05 2.298383544921875000e+03 1.993743286132812500e+03 nan 1.971516250000000000e+05 1.014044230881179260e+03
5.404234398156404495e-03 3.653262509033083916e-03 2.191795924301313793e-09 2.371569218750000000e+05 2.369822187500000000e+05 2.048497314453125000e+03 1.966913452148437500e+03 nan 2.371302187500000000e+05 1.085922347210904491e+03
5.967340432107448578e-03 4.033922217786312103e-03 2.184205430909534259e-09 2.848082500000000000e+05 2.845580937500000000e+05 2.189983642578125000e+03 1.937385620117187500e+03 nan 2.847700312500000000e+05 1.159272970201778207e+03
6.589121185243129730e-03 4.454245790839195251e-03 2.176641221197925960e-09 3.414489062500000000e+05 3.410893125000000000e+05 2.244890136718750000e+03 1.905013305664062500e+03 nan 3.413939687500000000e+05 1.233347646173452404e+03
7.275689393281936646e-03 4.918366204947233200e-03 2.169103203027300791e-09 4.085847812500000000e+05 4.080667812500000000e+05 2.037148803710937500e+03 1.869644531250000000e+03 nan 4.085056250000000000e+05 1.307229106389163690e+03
8.033796213567256927e-03 5.430846009403467178e-03 2.161591299930936394e-09 4.879106562500000000e+05 4.871640937500000000e+05 1.944548461914062500e+03 1.831115478515625000e+03 nan 4.877965937500000000e+05 1.379816884602752225e+03
8.870895951986312866e-03 5.996725521981716156e-03 2.154105401952956366e-09 5.813108750000000000e+05 5.802338750000000000e+05 2.105572753906250000e+03 1.789269409179687500e+03 nan 5.811463125000000000e+05 1.449809644005366408e+03
9.795218706130981445e-03 6.621567998081445694e-03 2.146645430474833453e-09 6.908488750000000000e+05 6.892962500000000000e+05 1.705550048828125000e+03 1.743961425781250000e+03 nan 6.906116250000000000e+05 1.515701080959352794e+03
1.081585418432950974e-02 7.311517372727394104e-03 2.139211293795359687e-09 8.187393125000000000e+05 8.165038125000000000e+05 1.829338745117187500e+03 1.695029541015625000e+03 nan 8.183977500000000000e+05 1.575767472603185979e+03
1.194283645600080490e-02 8.073357865214347839e-03 2.131802900090153706e-09 9.672990000000000000e+05 9.640874375000000000e+05 1.820425170898437500e+03 1.642336059570312500e+03 nan 9.668083750000000000e+05 1.628079615846030947e+03
1.318724639713764191e-02 8.914578706026077271e-03 2.124420174276236449e-09 1.138868375000000000e+06 1.134268000000000000e+06 1.763244018554687500e+03 1.585748901367187500e+03 nan 1.138165500000000000e+06 1.670531444801748648e+03
1.456132158637046814e-02 9.843453764915466309e-03 2.117063005254935590e-09 1.335694250000000000e+06 1.329133500000000000e+06 1.795930786132812500e+03 1.525162109375000000e+03 nan 1.334691875000000000e+06 1.700885584592782379e+03
1.607857085764408112e-02 1.086911372840404510e-02 2.109731324472420402e-09 1.559774125000000000e+06 1.550468500000000000e+06 1.672914184570312500e+03 1.460512817382812500e+03 nan 1.558352500000000000e+06 1.716871985614695859e+03
1.775391399860382080e-02 1.200164575129747391e-02 2.102425026951150955e-09 1.812662000000000000e+06 1.799554875000000000e+06 1.405522216796875000e+03 1.391810180664062500e+03 nan 1.810659375000000000e+06 1.716332647730747567e+03
1.960382424294948578e-02 1.325218472629785538e-02 2.095144031049849183e-09 2.095249875000000000e+06 2.076950500000000000e+06 1.411863037109375000e+03 1.319171020507812500e+03 nan 2.092454250000000000e+06 1.697433762179887253e+03
2.164648845791816711e-02 1.463302597403526306e-02 2.087888252770266929e-09 2.407574500000000000e+06 2.382305000000000000e+06 1.317033935546875000e+03 1.242878173828125000e+03 nan 2.403713750000000000e+06 1.658952551288385166e+03
2.390199340879917145e-02 1.615774817764759064e-02 2.080657597354892904e-09 2.748723250000000000e+06 2.714301250000000000e+06 1.349915161132812500e+03 1.163441284179687500e+03 nan 2.743464500000000000e+06 1.600626009341161989e+03
2.639251388609409332e-02 1.784133911132812500e-02 2.073451995948668221e-09 3.116979250000000000e+06 3.070874250000000000e+06 1.152022338867187500e+03 1.081670654296875000e+03 nan 3.109935500000000000e+06 1.523523888125755548e+03
2.914254181087017059e-02 1.970035769045352936e-02 2.066271340052806293e-09 3.510403500000000000e+06 3.449928500000000000e+06 1.213777221679687500e+03 9.987435302734375000e+02 nan 3.501164500000000000e+06 1.430371413365140825e+03
3.217911347746849060e-02 2.175308018922805786e-02 2.059115554147728899e-09 3.928054500000000000e+06 3.850760500000000000e+06 9.938359375000000000e+02 9.162408447265625000e+02 nan 3.916245750000000000e+06 1.325693335713952365e+03
3.553209081292152405e-02 2.401969395577907562e-02 2.051984539888671147e-09 4.372002000000000000e+06 4.276336500000000000e+06 8.891380004882812500e+02 8.361145629882812500e+02 nan 4.357386500000000000e+06 1.215631714476847264e+03
3.923443704843521118e-02 2.652247995138168335e-02 2.044878229365854235e-09 4.849941500000000000e+06 4.736165500000000000e+06 8.301984863281250000e+02 7.605367431640625000e+02 nan 4.832559500000000000e+06 1.107306321540867657e+03
4.332255572080612183e-02 2.928604744374752045e-02 2.037796533657790378e-09 5.377575500000000000e+06 5.248758000000000000e+06 7.628443603515625000e+02 6.915857543945312500e+02 nan 5.357894500000000000e+06 1.007676863164061615e+03
4.765481501817703247e-02 3.221465647220611572e-02 2.031010053452367756e-09 5.952369000000000000e+06 5.815159000000000000e+06 6.765635986328125000e+02 6.327507324218750000e+02 nan 5.931406000000000000e+06 9.244872912403160399e+02
5.198707059025764465e-02 3.514325991272926331e-02 2.024834231214258902e-09 6.561028500000000000e+06 6.423566000000000000e+06 6.268562011718750000e+02 5.862603759765625000e+02 nan 6.540027500000000000e+06 8.625353086868024093e+02
5.631932616233825684e-02 3.807186335325241089e-02 2.019169610001785353e-09 7.198261500000000000e+06 7.067078500000000000e+06 5.862696533203125000e+02 5.483001708984375000e+02 nan 7.178219500000000000e+06 8.143017177194483338e+02
6.065158173441886902e-02 4.100047051906585693e-02 2.013939112582009273e-09 7.855671000000000000e+06 7.733998500000000000e+06 5.519260253906250000e+02 5.161790161132812500e+02 nan 7.837082500000000000e+06 7.744905267211763658e+02
6.498383730649948120e-02 4.392907395958900452e-02 2.009081821590703985e-09 8.511912000000000000e+06 8.398711000000000000e+06 5.211405029296875000e+02 4.873863220214843750e+02 nan 8.494618000000000000e+06 7.375058507933441660e+02
6.931609660387039185e-02 4.685768112540245056e-02 2.004548729015451583e-09 9.140402000000000000e+06 9.030347000000000000e+06 4.919537963867187500e+02 4.600894775390625000e+02 nan 9.123587000000000000e+06 6.991566049394538140e+02
7.364834845066070557e-02 4.978628456592559814e-02 2.000299865353250301e-09 9.715886000000000000e+06 9.600379000000000000e+06 4.632256164550781250e+02 4.332221984863281250e+02 nan 9.698240000000000000e+06 6.572044414127312848e+02
7.798060774803161621e-02 5.271489173173904419e-02 1.996302173696350216e-09 1.022254700000000000e+07 1.009152000000000000e+07 4.346637268066406250e+02 4.065109252929687500e+02 nan 1.020252900000000000e+07 6.116658559620145752e+02
8.231285959482192993e-02 5.564349144697189331e-02 1.992528044667567094e-09 1.065792700000000000e+07 1.050207600000000000e+07 4.066056518554687500e+02 3.802711791992187500e+02 nan 1.063411600000000000e+07 5.642564596286274536e+02
8.664511889219284058e-02 5.857209861278533936e-02 1.988954134422163219e-09 1.103226900000000000e+07 1.084517700000000000e+07 3.797028503417968750e+02 3.551118469238281250e+02 nan 1.100368400000000000e+07 5.174301593677574829e+02
9.097737073898315430e-02 6.150070205330848694e-02 1.985560585482697045e-09 1.136465000000000000e+07 1.114433300000000000e+07 3.546351318359375000e+02 3.316686401367187500e+02 nan 1.133099000000000000e+07 4.735052354456983039e+02
9.636187553405761719e-02 6.514062732458114624e-02 1.981568674123380254e-09 1.175918500000000000e+07 1.150235400000000000e+07 3.269516601562500000e+02 3.057788391113281250e+02 nan 1.171994700000000000e+07 4.257723965287611350e+02
1.017463728785514832e-01 6.878054887056350708e-02 1.977801256732118934e-09 1.218772200000000000e+07 1.190748400000000000e+07 3.038928222656250000e+02 2.842135314941406250e+02 nan 1.214490800000000000e+07 3.877934709000243174e+02
1.071308776736259460e-01 7.242047041654586792e-02 1.974234781265857972e-09 1.269623300000000000e+07 1.241032200000000000e+07 2.855734863281250000e+02 2.670802307128906250e+02 nan 1.265255200000000000e+07 3.598606238044457086e+02
1.125153750181198120e-01 7.606039196252822876e-02 1.970849203820953451e-09 1.329493600000000000e+07 1.302037500000000000e+07 2.711884765625000000e+02 2.536260528564453125e+02 nan 1.325299000000000000e+07 3.400321540175569908e+02
1.178998723626136780e-01 7.970031350851058960e-02 1.967627323526894450e-09 1.395665900000000000e+07 1.370460700000000000e+07 2.593887939453125000e+02 2.425896759033203125e+02 nan 1.391815200000000000e+07 3.251586987723433140e+02
1.232843771576881409e-01 8.334024250507354736e-02 1.964554264128985100e-09 1.463363500000000000e+07 1.440607400000000000e+07 2.488360595703125000e+02 2.327196350097656250e+02 nan 1.459887000000000000e+07 3.121575881413951947e+02
1.286688745021820068e-01 8.698015660047531128e-02 1.961617102724775952e-09 1.527279700000000000e+07 1.506204600000000000e+07 2.384920959472656250e+02 2.230451965332031250e+02 nan 1.524060100000000000e+07 2.986486375994334139e+02
1.340533792972564697e-01 9.062008559703826904e-02 1.958804483640675406e-09 1.582757700000000000e+07 1.561873000000000000e+07 2.277211761474609375e+02 2.129717864990234375e+02 nan 1.579566700000000000e+07 2.832149612206816869e+02
1.394378840923309326e-01 9.426000714302062988e-02 1.956106446915437174e-09 1.627217900000000000e+07 1.604764400000000000e+07 2.163634185791015625e+02 2.023498840332031250e+02 nan 1.623787400000000000e+07 2.656263947183224445e+02
1.448223739862442017e-01 9.789992123842239380e-02 1.953514161287429418e-09 1.661066300000000000e+07 1.635537100000000000e+07 2.046920928955078125e+02 1.914349212646484375e+02 nan 1.657166100000000000e+07 2.467250148501987326e+02
1.502068787813186646e-01 1.015398502349853516e-01 1.951019758654691563e-09 1.687335400000000000e+07 1.657907200000000000e+07 1.932224273681640625e+02 1.807086181640625000e+02 nan 1.682839400000000000e+07 2.278896434955817654e+02
1.555913835763931274e-01 1.051797717809677124e-01 1.948616241255242070e-09 1.710765800000000000e+07 1.677518300000000000e+07 1.825205535888671875e+02 1.707002716064453125e+02 nan 1.705686400000000000e+07 2.105137730768321660e+02
1.609758734703063965e-01 1.088196933269500732e-01 1.946297314463125787e-09 1.736769600000000000e+07 1.700638600000000000e+07 1.730673065185546875e+02 1.618594360351562500e+02 nan 1.731249600000000000e+07 1.956774293525563735e+02
1.663603782653808594e-01 1.124596148729324341e-01 1.944057316713681798e-09 1.769777600000000000e+07 1.732265200000000000e+07 1.651148529052734375e+02 1.544220581054687500e+02 nan 1.764046600000000000e+07 1.838765635055720509e+02
1.717448830604553223e-01 1.160995438694953918e-01 1.941891129256332855e-09 1.811519000000000000e+07 1.774254800000000000e+07 1.585947570800781250e+02 1.483240356445312500e+02 nan 1.805826000000000000e+07 1.748996008101273674e+02
1.771293878555297852e-01 1.197394654154777527e-01 1.939794125595426991e-09 1.860691600000000000e+07 1.824979400000000000e+07 1.531816711425781250e+02 1.432612304687500000e+02 nan 1.855235400000000000e+07 1.680204486025478161e+02
1.825138777494430542e-01 1.233793795108795166e-01 1.937762091126241291e-09 1.913993600000000000e+07 1.880476400000000000e+07 1.484512481689453125e+02 1.388368530273437500e+02 nan 1.908872800000000000e+07 1.623392011869559894e+02
1.878983825445175171e-01 1.270193010568618774e-01 1.935791175107242678e-09 1.967163200000000000e+07 1.935686200000000000e+07 1.439919128417968750e+02 1.346660614013671875e+02 nan 1.962354200000000000e+07 1.570000682932155200e+02
1.932828873395919800e-01 1.306592375040054321e-01 1.933877861004656685e-09 2.015784800000000000e+07 1.985487200000000000e+07 1.394666900634765625e+02 1.304337921142578125e+02 nan 2.011155800000000000e+07 1.513096760331978032e+02
1.986673772335052490e-01 1.342991441488265991e-01 1.932018951816384183e-09 2.056539200000000000e+07 2.026130800000000000e+07 1.346833190917968750e+02 1.259602127075195312e+02 nan 2.051893800000000000e+07 1.448890076785260419e+02
2.040518820285797119e-01 1.379390656948089600e-01 1.930211465507478933e-09 2.088429000000000000e+07 2.056567200000000000e+07 1.296384429931640625e+02 1.212421722412109375e+02 nan 2.083561200000000000e+07 1.377692296128808209e+02
2.094363868236541748e-01 1.415790021419525146e-01 1.928452677645768952e-09 2.112856600000000000e+07 2.078513800000000000e+07 1.244768753051757812e+02 1.164150619506835938e+02 nan 2.107609600000000000e+07 1.302933318456967129e+02
2.148208767175674438e-01 1.452189087867736816e-01 1.926740094380007882e-09 2.132782200000000000e+07 2.095499400000000000e+07 1.194064636230468750e+02 1.116732330322265625e+02 nan 2.127086200000000000e+07 1.229182453135161950e+02
2.202053815126419067e-01 1.488588303327560425e-01 1.925071368159055733e-09 2.151882800000000000e+07 2.111852600000000000e+07 1.146347808837890625e+02 1.072107315063476562e+02 nan 2.145767000000000000e+07 1.160726839577976648e+02
2.255898863077163696e-01 1.524987667798995972e-01 1.923444343781293656e-09 2.173749800000000000e+07 2.131720800000000000e+07 1.103244323730468750e+02 1.031796035766601562e+02 nan 2.167328600000000000e+07 1.100701296866704411e+02
2.309743911027908325e-01 1.561386883258819580e-01 1.921857033120720865e-09 2.200867000000000000e+07 2.157908400000000000e+07 1.065503540039062500e+02 9.964994812011718750e+01 nan 2.194304000000000000e+07 1.050380856719823015e+02
2.363588809967041016e-01 1.597786098718643188e-01 1.920307567935778733e-09 2.233908200000000000e+07 2.191106600000000000e+07 1.032848510742187500e+02 9.659587097167968750e+01 nan 2.227369000000000000e+07 1.009055755721135625e+02
2.417433857917785645e-01 1.634185314178466797e-01 1.918794213956308179e-09 2.271865200000000000e+07 2.230043200000000000e+07 1.004252777099609375e+02 9.392140197753906250e+01 nan 2.265475800000000000e+07 9.746738067754772317e+01
2.471278905868530273e-01 1.670584529638290405e-01 1.917315352832477265e-09 2.312539800000000000e+07 2.272065200000000000e+07 9.783199310302734375e+01 9.149595642089843750e+01 nan 2.306356000000000000e+07 9.445747900345497783e+01
2.525123953819274902e-01 1.706983745098114014e-01 1.915869472055197894e-09 2.352949800000000000e+07 2.313682000000000000e+07 9.535446166992187500e+01 8.917877960205078125e+01 nan 2.346950800000000000e+07 9.159522293885190436e+01
2.578969001770019531e-01 1.743383109569549561e-01 1.914455150219987163e-09 2.390046200000000000e+07 2.351417400000000000e+07 9.286357116699218750e+01 8.684917449951171875e+01 nan 2.384144800000000000e+07 8.864393998607908998e+01
2.632813751697540283e-01 1.779782027006149292e-01 1.913071083197014340e-09 2.421850800000000000e+07 2.383053200000000000e+07 9.029179382324218750e+01 8.444394683837890625e+01 nan 2.415923600000000000e+07 8.548603788842592621e+01
2.686658799648284912e-01 1.816181391477584839e-01 1.911715991580206360e-09 2.448127800000000000e+07 2.408343600000000000e+07 8.764620971679687500e+01 8.196974182128906250e+01 nan 2.442049600000000000e+07 8.214546220758423090e+01
2.740503847599029541e-01 1.852580606937408447e-01 1.910388727493893778e-09 2.469980000000000000e+07 2.428595400000000000e+07 8.498066711425781250e+01 7.947689056396484375e+01 nan 2.463657400000000000e+07 7.873122713810153073e+01
2.794348895549774170e-01 1.888979822397232056e-01 1.909088184011114833e-09 2.489116600000000000e+07 2.445860400000000000e+07 8.236194610595703125e+01 7.702782440185546875e+01 nan 2.482508000000000000e+07 7.537099434695814182e+01
2.848193943500518799e-01 1.925379037857055664e-01 1.907813323590368924e-09 2.507555200000000000e+07 2.462536800000000000e+07 7.985693359375000000e+01 7.468510437011718750e+01 nan 2.500677400000000000e+07 7.218682384576476352e+01
2.902038991451263428e-01 1.961778402328491211e-01 1.906563162582237113e-09 2.527444000000000000e+07 2.481091000000000000e+07 7.752623748779296875e+01 7.250538635253906250e+01 nan 2.520362400000000000e+07 6.928418795849519540e+01
2.955884039402008057e-01 1.998177617788314819e-01 1.905336787226579552e-09 2.550429400000000000e+07 2.503350000000000000e+07 7.540563201904296875e+01 7.052212524414062500e+01 nan 2.543236600000000000e+07 6.672150504823004269e+01
3.009728789329528809e-01 2.034576684236526489e-01 1.904133323856378078e-09 2.576949200000000000e+07 2.529763400000000000e+07 7.348985290527343750e+01 6.873040008544921875e+01 nan 2.569740400000000000e+07 6.448468873384807409e+01
3.063573837280273438e-01 2.070975899696350098e-01 1.902951936232507350e-09 2.606230600000000000e+07 2.559411600000000000e+07 7.173935699462890625e+01 6.709324645996093750e+01 nan 2.599077600000000000e+07 6.250259651857399490e+01
3.117418885231018066e-01 2.107375115156173706e-01 1.901791846628511990e-09 2.636891600000000000e+07 2.590665400000000000e+07 7.010269165039062500e+01 6.556253051757812500e+01 nan 2.629829000000000000e+07 6.068644093382880556e+01
3.171263933181762695e-01 2.143774479627609253e-01 1.900652308391623192e-09 2.667435400000000000e+07 2.621750000000000000e+07 6.853160858154296875e+01 6.409316253662109375e+01 nan 2.660455600000000000e+07 5.895529633963396776e+01
3.225108981132507324e-01 2.180173695087432861e-01 1.899532626729035332e-09 2.696407800000000000e+07 2.650976600000000000e+07 6.698513793945312500e+01 6.264683914184570312e+01 nan 2.689466800000000000e+07 5.724193081614627943e+01
3.278954029083251953e-01 2.216572910547256470e-01 1.898432128189829179e-09 2.722638600000000000e+07 2.677039800000000000e+07 6.543470764160156250e+01 6.119681549072265625e+01 nan 2.715672200000000000e+07 5.550073061996951651e+01
3.332799077033996582e-01 2.252972126007080078e-01 1.897350177081271127e-09 2.745682200000000000e+07 2.699478000000000000e+07 6.387264251708984375e+01 5.973592758178710938e+01 nan 2.738623000000000000e+07 5.372176260340306442e+01
3.386643826961517334e-01 2.289371192455291748e-01 1.896286172945125672e-09 2.766016200000000000e+07 2.718865400000000000e+07 6.231356048583984375e+01 5.827783584594726562e+01 nan 2.758812600000000000e+07 5.193191530895215635e+01
3.440488874912261963e-01 2.325770407915115356e-01 1.895239531240720810e-09 2.784726400000000000e+07 2.736461400000000000e+07 6.078389739990234375e+01 5.684725952148437500e+01 nan 2.777352600000000000e+07 5.017626985578213095e+01
3.494333922863006592e-01 2.362169772386550903e-01 1.894209703480833635e-09 2.802987400000000000e+07 2.753636200000000000e+07 5.930876922607421875e+01 5.546768569946289062e+01 nan 2.795447600000000000e+07 4.849609007076019651e+01
3.548178970813751221e-01 2.398568987846374512e-01 1.893196174858241155e-09 2.821782600000000000e+07 2.771542600000000000e+07 5.790618133544921875e+01 5.415595626831054688e+01 nan 2.814107000000000000e+07 4.691975990469006064e+01
3.602024018764495850e-01 2.434968203306198120e-01 1.892198441798694543e-09 2.841850400000000000e+07 2.791021600000000000e+07 5.658674240112304688e+01 5.292197418212890625e+01 nan 2.834084800000000000e+07 4.546309239082478371e+01
3.655869066715240479e-01 2.471367418766021729e-01 1.891216027459402332e-09 2.863563600000000000e+07 2.812463200000000000e+07 5.535226440429687500e+01 5.176742935180664062e+01 nan 2.855756600000000000e+07 4.412782968707316655e+01
3.709714114665985107e-01 2.507766783237457275e-01 1.890248472221847833e-09 2.886756200000000000e+07 2.835640400000000000e+07 5.419372940063476562e+01 5.068392181396484375e+01 nan 2.878946800000000000e+07 4.289901858165650594e+01
3.763558864593505859e-01 2.544165849685668945e-01 1.889295352117686434e-09 2.910766600000000000e+07 2.859776400000000000e+07 5.309375381469726562e+01 4.965517044067382812e+01 nan 2.902976400000000000e+07 4.174918969004166058e+01
3.817403912544250488e-01 2.580564916133880615e-01 1.888356242191734645e-09 2.934760600000000000e+07 2.883900600000000000e+07 5.203355026245117188e+01 4.866361999511718750e+01 nan 2.926990400000000000e+07 4.064944298976732284e+01
3.871248960494995117e-01 2.616964280605316162e-01 1.887430735669950155e-09 2.958020000000000000e+07 2.907174800000000000e+07 5.099834060668945312e+01 4.769544601440429688e+01 nan 2.950252000000000000e+07 3.957761089488928263e+01
3.925094008445739746e-01 2.653363645076751709e-01 1.886518457772270655e-09 2.980021800000000000e+07 2.928998600000000000e+07 4.997827529907226562e+01 4.674143981933593750e+01 nan 2.972226600000000000e+07 3.851937731765480777e+01
3.978939056396484375e-01 2.689762711524963379e-01 1.885619049100158659e-09 3.000467200000000000e+07 2.949054800000000000e+07 4.896832275390625000e+01 4.579689788818359375e+01 nan 2.992612600000000000e+07 3.746791675070528527e+01
4.032784104347229004e-01 2.726162075996398926e-01 1.884732143174389957e-09 3.019415800000000000e+07 2.967437800000000000e+07 4.796981811523437500e+01 4.486307144165039062e+01 nan 3.011474800000000000e+07 3.642589787729369988e+01
4.086629152297973633e-01 2.762561440467834473e-01 1.883857409814700777e-09 3.037324800000000000e+07 2.984679200000000000e+07 4.699020385742187500e+01 4.394690322875976562e+01 nan 3.029281600000000000e+07 3.540497627955669913e+01
4.140473902225494385e-01 2.798960208892822266e-01 1.882994538868699288e-09 3.054813800000000000e+07 3.001490800000000000e+07 4.603861618041992188e+01 4.305696105957031250e+01 nan 3.046667400000000000e+07 3.441898945934370602e+01
4.194318950176239014e-01 2.835359573364257812e-01 1.882143190604211824e-09 3.072379400000000000e+07 3.018452400000000000e+07 4.512141036987304688e+01 4.219915771484375000e+01 nan 3.064140800000000000e+07 3.347709136631912941e+01
4.248163998126983643e-01 2.871758937835693359e-01 1.881303079826970542e-09 3.090332800000000000e+07 3.035931600000000000e+07 4.424149322509765625e+01 4.137622833251953125e+01 nan 3.082021400000000000e+07 3.258329644158247618e+01
4.302009046077728271e-01 2.908158004283905029e-01 1.880473925305205483e-09 3.108889600000000000e+07 3.054163400000000000e+07 4.340001296997070312e+01 4.058924865722656250e+01 nan 3.100528600000000000e+07 3.173903489941357847e+01
4.355854094028472900e-01 2.944557368755340576e-01 1.879655436356054805e-09 3.128118800000000000e+07 3.073197600000000000e+07 4.259583663940429688e+01 3.983714675903320312e+01 nan 3.119728000000000000e+07 3.094243143098711002e+01
4.409699141979217529e-01 2.980956733226776123e-01 1.878847353036435648e-09 3.147803200000000000e+07 3.092770200000000000e+07 4.182400131225585938e+01 3.911529159545898438e+01 nan 3.139395400000000000e+07 3.018625608540290273e+01
4.463544189929962158e-01 3.017355799674987793e-01 1.878049424887222573e-09 3.167514200000000000e+07 3.112393000000000000e+07 4.107718658447265625e+01 3.841684341430664062e+01 nan 3.159093000000000000e+07 2.946010694282708187e+01
4.517388939857482910e-01 3.053754866123199463e-01 1.877261397654174740e-09 3.186874200000000000e+07 3.131631000000000000e+07 4.034935379028320312e+01 3.773614501953125000e+01 nan 3.178434400000000000e+07 2.875556220815013830e+01
4.571233987808227539e-01 3.090154230594635010e-01 1.876483026309890802e-09 3.205677000000000000e+07 3.150237200000000000e+07 3.963713836669921875e+01 3.707005691528320312e+01 nan 3.197207000000000000e+07 2.806812360078998481e+01
4.625079035758972168e-01 3.126553297042846680e-01 1.875714093387305177e-09 3.223807600000000000e+07 3.168078600000000000e+07 3.893864059448242188e+01 3.641679382324218750e+01 nan 3.215293200000000000e+07 2.739536658923259438e+01
4.678924083709716797e-01 3.162952661514282227e-01 1.874954364165268396e-09 3.241196600000000000e+07 3.185094400000000000e+07 3.825266647338867188e+01 3.577524566650390625e+01 nan 3.232625200000000000e+07 2.673579398664953644e+01
4.732769131660461426e-01 3.199352025985717773e-01 1.874203630559428286e-09 3.257916600000000000e+07 3.201384800000000000e+07 3.757981109619140625e+01 3.514597320556640625e+01 nan 3.249279800000000000e+07 2.609037236414950200e+01
4.786614179611206055e-01 3.235751092433929443e-01 1.873461691551420399e-09 3.274233000000000000e+07 3.217253400000000000e+07 3.692277526855468750e+01 3.453149032592773438e+01 nan 3.265527800000000000e+07 2.546293358514487082e+01
4.840458929538726807e-01 3.272150158882141113e-01 1.872728340933758753e-09 3.290462600000000000e+07 3.233055400000000000e+07 3.628460311889648438e+01 3.393465042114257812e+01 nan 3.281692400000000000e+07 2.485757837272590010e+01
4.894303977489471436e-01 3.308549523353576660e-01 1.872003379495005729e-09 3.306796000000000000e+07 3.249009800000000000e+07 3.566661834716796875e+01 3.335669326782226562e+01 nan 3.297967600000000000e+07 2.427606079753377344e+01
4.948149025440216064e-01 3.344948589801788330e-01 1.871286632213937058e-09 3.323275800000000000e+07 3.265173600000000000e+07 3.506845474243164062e+01 3.279727172851562500e+01 nan 3.314398800000000000e+07 2.371780044401030807e+01
5.001994371414184570e-01 3.381348252296447754e-01 1.870577900826693527e-09 3.339909800000000000e+07 3.281553600000000000e+07 3.448935317993164062e+01 3.225566864013671875e+01 nan 3.330993800000000000e+07 2.318169798990214758e+01
5.055838823318481445e-01 3.417747020721435547e-01 1.869877039368293133e-09 3.356695600000000000e+07 3.298131000000000000e+07 3.392844772338867188e+01 3.173108673095703125e+01 nan 3.347748400000000000e+07 2.266662979986794824e+01
5.109683871269226074e-01 3.454146385192871094e-01 1.869183849789121820e-09 3.373555600000000000e+07 3.314804000000000000e+07 3.338416671752929688e+01 3.122205924987792969e+01 nan 3.364579200000000000e+07 2.217048921371884163e+01
5.163528919219970703e-01 3.490545451641082764e-01 1.868498185335105332e-09 3.390294800000000000e+07 3.331353200000000000e+07 3.285391616821289062e+01 3.072615051269531250e+01 nan 3.381289600000000000e+07 2.168989588163521987e+01
5.217373967170715332e-01 3.526944816112518311e-01 1.867819876059786520e-09 3.406724800000000000e+07 3.347570000000000000e+07 3.233535385131835938e+01 3.024116897583007812e+01 nan 3.397687600000000000e+07 2.122183339475136066e+01
5.271219015121459961e-01 3.563344180583953857e-01 1.867148773833358248e-09 3.422780400000000000e+07 3.363377600000000000e+07 3.182746315002441406e+01 2.976617431640625000e+01 nan 3.413705200000000000e+07 2.076507583283065017e+01
5.325064063072204590e-01 3.599743247032165527e-01 1.866484735032350672e-09 3.438495600000000000e+07 3.378809200000000000e+07 3.133023834228515625e+01 2.930115127563476562e+01 nan 3.429376800000000000e+07 2.031966931852228697e+01
5.378909111022949219e-01 3.636142611503601074e-01 1.865827604301946768e-09 3.453902000000000000e+07 3.393904000000000000e+07 3.084363746643066406e+01 2.884606361389160156e+01 nan 3.444736000000000000e+07 1.988559378177985693e+01
5.432754158973693848e-01 3.672541677951812744e-01 1.865177252290424566e-09 3.469014800000000000e+07 3.408690800000000000e+07 3.036747550964355469e+01 2.840073776245117188e+01 nan 3.459798800000000000e+07 1.946264567124005751e+01
5.486599206924438477e-01 3.708941042423248291e-01 1.864533532427482462e-09 3.483918800000000000e+07 3.423272000000000000e+07 2.990218544006347656e+01 2.796558380126953125e+01 nan 3.474653600000000000e+07 1.905136980935657220e+01
5.540444254875183105e-01 3.745340406894683838e-01 1.863896318172137942e-09 3.498763200000000000e+07 3.437809600000000000e+07 2.944867134094238281e+01 2.754144668579101562e+01 nan 3.489450800000000000e+07 1.865291346184336874e+01
5.594289302825927734e-01 3.781739473342895508e-01 1.863265486641235488e-09 3.513642000000000000e+07 3.452405200000000000e+07 2.900731468200683594e+01 2.712867355346679688e+01 nan 3.504286400000000000e+07 1.826773381155412324e+01
5.648134350776672363e-01 3.818138837814331055e-01 1.862640903204479876e-09 3.528536800000000000e+07 3.467044000000000000e+07 2.857752418518066406e+01 2.672671508789062500e+01 nan 3.519142000000000000e+07 1.789505443320476985e+01
5.701979398727416992e-01 3.854538202285766602e-01 1.862022452330667509e-09 3.543394000000000000e+07 3.481667200000000000e+07 2.815843963623046875e+01 2.633477592468261719e+01 nan 3.533963600000000000e+07 1.753381397902651528e+01
5.755824446678161621e-01 3.890937268733978271e-01 1.861410021730888845e-09 3.558206800000000000e+07 3.496261200000000000e+07 2.774964332580566406e+01 2.595245170593261719e+01 nan 3.548743200000000000e+07 1.718349235654704898e+01
5.809668898582458496e-01 3.927336037158966064e-01 1.860803497296447543e-09 3.572974400000000000e+07 3.510814400000000000e+07 2.735074615478515625e+01 2.557938957214355469e+01 nan 3.563477600000000000e+07 1.684363669783522610e+01
5.863513946533203125e-01 3.963735401630401611e-01 1.860202753428811389e-09 3.587627200000000000e+07 3.525248800000000000e+07 2.696088790893554688e+01 2.521478080749511719e+01 nan 3.578097200000000000e+07 1.651317666069146384e+01
5.917358994483947754e-01 4.000134766101837158e-01 1.859607692406273365e-09 3.602068000000000000e+07 3.539460000000000000e+07 2.657904243469238281e+01 2.485766410827636719e+01 nan 3.592502800000000000e+07 1.619090044821454910e+01
5.971204042434692383e-01 4.036533832550048828e-01 1.859018214291441706e-09 3.616274800000000000e+07 3.553423600000000000e+07 2.620480155944824219e+01 2.450766181945800781e+01 nan 3.606672400000000000e+07 1.587634026967139889e+01
6.025049090385437012e-01 4.072933197021484375e-01 1.858434207544148841e-09 3.630300800000000000e+07 3.567196800000000000e+07 2.583834075927734375e+01 2.416493415832519531e+01 nan 3.620660000000000000e+07 1.556970278545708020e+01
6.078894138336181641e-01 4.109332561492919922e-01 1.857855577876460681e-09 3.644185600000000000e+07 3.580819600000000000e+07 2.547968482971191406e+01 2.382950592041015625e+01 nan 3.634504400000000000e+07 1.527104271739909791e+01
6.132739186286926270e-01 4.145731627941131592e-01 1.857282233477322155e-09 3.657914800000000000e+07 3.594287200000000000e+07 2.512851715087890625e+01 2.350108146667480469e+01 nan 3.648194000000000000e+07 1.497998144954682509e+01
6.186584234237670898e-01 4.182130992412567139e-01 1.856714071034082293e-09 3.671503200000000000e+07 3.607617200000000000e+07 2.478471374511718750e+01 2.317954635620117188e+01 nan 3.661742400000000000e+07 1.469635468826260905e+01
6.240429282188415527e-01 4.218530058860778809e-01 1.856151008397507339e-09 3.685017600000000000e+07 3.620882400000000000e+07 2.444849967956542969e+01 2.286510467529296875e+01 nan 3.675219200000000000e+07 1.442044507741868209e+01
6.294274330139160156e-01 4.254929423332214355e-01 1.855592947277603754e-09 3.698515200000000000e+07 3.634141200000000000e+07 2.412001419067382812e+01 2.255789566040039062e+01 nan 3.688680400000000000e+07 1.415239891254323190e+01
6.556535363197326660e-01 4.432217776775360107e-01 1.852943630635520644e-09 3.763248000000000000e+07 3.697808800000000000e+07 2.261813163757324219e+01 2.115327644348144531e+01 nan 3.753250400000000000e+07 1.294477207423658704e+01
8.039034605026245117e-01 5.434387326240539551e-01 1.839770603253567837e-09 4.089056800000000000e+07 4.017967200000000000e+07 1.634776496887207031e+01 1.528900909423828125e+01 nan 4.078196000000000000e+07 8.232426821981050580e+00
9.932619333267211914e-01 6.714450716972351074e-01 1.826201010048688587e-09 4.433275600000000000e+07 4.356223600000000000e+07 1.161022186279296875e+01 1.085829067230224609e+01 nan 4.421503600000000000e+07 5.092561065489969785e+00
1.227223634719848633e+00 8.296031951904296875e-01 1.812731498599941669e-09 4.782923600000000000e+07 4.699815200000000000e+07 8.205212593078613281e+00 7.673805713653564453e+00 nan 4.770226400000000000e+07 3.119455367304861060e+00
1.516294717788696289e+00 1.025015234947204590e+00 1.799361337301671755e-09 5.137289200000000000e+07 5.048040400000000000e+07 5.773124217987060547e+00 5.399229526519775391e+00 nan 5.123654000000000000e+07 1.893935562581885668e+00
1.873456120491027832e+00 1.266456365585327148e+00 1.786089789356977996e-09 5.495657600000000000e+07 5.400197600000000000e+07 4.045544624328613281e+00 3.783535718917846680e+00 nan 5.481073200000000000e+07 1.140621684429737659e+00
2.314746379852294922e+00 1.564768552780151367e+00 1.772916133006574509e-09 5.857484400000000000e+07 5.755750000000000000e+07 2.824547767639160156e+00 2.641616344451904297e+00 nan 5.841941600000000000e+07 6.819144482454446710e-01
2.859982252120971680e+00 1.933347940444946289e+00 1.759839636962373426e-09 6.222281600000000000e+07 6.114218800000000000e+07 1.965476751327514648e+00 1.838182568550109863e+00 nan 6.205772800000000000e+07 4.049600375458944357e-01
3.533647537231445312e+00 2.388745784759521484e+00 1.746859588797865175e-09 6.589613600000000000e+07 6.475173600000000000e+07 1.363510966300964355e+00 1.275202751159667969e+00 nan 6.572129600000000000e+07 2.390219654785487868e-01
4.365993976593017578e+00 2.951411962509155273e+00 1.733975279535418463e-09 6.959106400000000000e+07 6.838244800000000000e+07 9.432627558708190918e-01 8.821716904640197754e-01 nan 6.940640800000000000e+07 1.402911013992525491e-01
5.394398689270019531e+00 3.646613597869873047e+00 1.721185999058096773e-09 7.330461600000000000e+07 7.203132800000000000e+07 6.508653163909912109e-01 6.087111830711364746e-01 nan 7.311008800000000000e+07 8.192018730015528105e-02
6.665042877197265625e+00 4.505568981170654297e+00 1.708491050912268841e-09 7.703356800000000000e+07 7.569514400000000000e+07 4.480438828468322754e-01 4.190253019332885742e-01 nan 7.682908000000000000e+07 4.760948329883137042e-02
8.234986305236816406e+00 5.566850662231445312e+00 1.695889732548296616e-09 8.077588800000000000e+07 7.937181600000000000e+07 3.077537119388580322e-01 2.878209054470062256e-01 nan 8.056137600000000000e+07 2.754876261777777779e-02
1.017472743988037109e+01 6.878115653991699219e+00 1.683381361073609185e-09 8.452910400000000000e+07 8.305872000000000000e+07 2.109644412994384766e-01 1.973000466823577881e-01 nan 8.430447200000000000e+07 1.587655823021678209e-02
1.257137203216552734e+01 8.498247146606445312e+00 1.670965250288532184e-09 8.829110400000000000e+07 8.675349600000000000e+07 1.443450450897216797e-01 1.349951773881912231e-01 nan 8.805620000000000000e+07 9.115552069770044633e-03
1.553254413604736328e+01 1.050000000000000000e+01 1.658640709094829109e-09 9.205998400000000000e+07 9.045383200000000000e+07 9.859130531549453735e-02 9.220460057258605957e-02 nan 9.181460000000000000e+07 5.215499212660664428e-03
