    0.10000E-03    0.44992E+03
    0.10202E-03    0.45865E+03
    0.10408E-03    0.46756E+03
    0.10618E-03    0.47664E+03
    0.10833E-03    0.48589E+03
    0.11052E-03    0.49532E+03
    0.11275E-03    0.50494E+03
    0.11503E-03    0.51474E+03
    0.11735E-03    0.52473E+03
    0.11972E-03    0.53491E+03
    0.12214E-03    0.54530E+03
    0.12461E-03    0.55588E+03
    0.12712E-03    0.56667E+03
    0.12969E-03    0.57767E+03
    0.13231E-03    0.58888E+03
    0.13499E-03    0.60031E+03
    0.13771E-03    0.61196E+03
    0.14049E-03    0.62383E+03
    0.14333E-03    0.63593E+03
    0.14623E-03    0.64827E+03
    0.14918E-03    0.66085E+03
    0.15220E-03    0.67367E+03
    0.15527E-03    0.68674E+03
    0.15841E-03    0.70007E+03
    0.16161E-03    0.71365E+03
    0.16487E-03    0.72749E+03
    0.16820E-03    0.74160E+03
    0.17160E-03    0.75599E+03
    0.17507E-03    0.77065E+03
    0.17860E-03    0.78559E+03
    0.18221E-03    0.80083E+03
    0.18589E-03    0.81636E+03
    0.18965E-03    0.83219E+03
    0.19348E-03    0.84832E+03
    0.19739E-03    0.86477E+03
    0.20138E-03    0.88153E+03
    0.20544E-03    0.89862E+03
    0.20959E-03    0.91604E+03
    0.21383E-03    0.93379E+03
    0.21815E-03    0.95188E+03
    0.22255E-03    0.97033E+03
    0.22705E-03    0.98913E+03
    0.23164E-03    0.10083E+04
    0.23632E-03    0.10278E+04
    0.24109E-03    0.10477E+04
    0.24596E-03    0.10680E+04
    0.25093E-03    0.10887E+04
    0.25600E-03    0.11098E+04
    0.26117E-03    0.11313E+04
    0.26645E-03    0.11532E+04
    0.27183E-03    0.11755E+04
    0.27732E-03    0.11982E+04
    0.28292E-03    0.12214E+04
    0.28864E-03    0.12450E+04
    0.29447E-03    0.12691E+04
    0.30042E-03    0.12937E+04
    0.30649E-03    0.13187E+04
    0.31268E-03    0.13442E+04
    0.31899E-03    0.13702E+04
    0.32544E-03    0.13967E+04
    0.33201E-03    0.14236E+04
    0.33872E-03    0.14511E+04
    0.34556E-03    0.14792E+04
    0.35254E-03    0.15077E+04
    0.35966E-03    0.15368E+04
    0.36693E-03    0.15665E+04
    0.37434E-03    0.15967E+04
    0.38190E-03    0.16275E+04
    0.38962E-03    0.16589E+04
    0.39749E-03    0.16909E+04
    0.40552E-03    0.17235E+04
    0.41371E-03    0.17567E+04
    0.42207E-03    0.17906E+04
    0.43060E-03    0.18250E+04
    0.43929E-03    0.18602E+04
    0.44817E-03    0.18960E+04
    0.45722E-03    0.19325E+04
    0.46646E-03    0.19696E+04
    0.47588E-03    0.20075E+04
    0.48550E-03    0.20461E+04
    0.49530E-03    0.20854E+04
    0.50531E-03    0.21254E+04
    0.51552E-03    0.21662E+04
    0.52593E-03    0.22078E+04
    0.53656E-03    0.22502E+04
    0.54739E-03    0.22933E+04
    0.55845E-03    0.23372E+04
    0.56973E-03    0.23820E+04
    0.58124E-03    0.24276E+04
    0.59299E-03    0.24741E+04
    0.60496E-03    0.25214E+04
    0.61719E-03    0.25696E+04
    0.62965E-03    0.26186E+04
    0.64237E-03    0.26686E+04
    0.65535E-03    0.27196E+04
    0.66859E-03    0.27714E+04
    0.68210E-03    0.28242E+04
    0.69588E-03    0.28780E+04
    0.70993E-03    0.29328E+04
    0.72427E-03    0.29886E+04
    0.73891E-03    0.30454E+04
    0.75383E-03    0.31032E+04
    0.76906E-03    0.31621E+04
    0.78460E-03    0.32221E+04
    0.80045E-03    0.32831E+04
    0.81662E-03    0.33453E+04
    0.83311E-03    0.34086E+04
    0.84994E-03    0.34730E+04
    0.86711E-03    0.35386E+04
    0.88463E-03    0.36054E+04
    0.90250E-03    0.36733E+04
    0.92073E-03    0.37425E+04
    0.93933E-03    0.38129E+04
    0.95831E-03    0.38846E+04
    0.97767E-03    0.39576E+04
    0.99742E-03    0.40318E+04
    0.10176E-02    0.41073E+04
    0.10381E-02    0.41842E+04
    0.10591E-02    0.42624E+04
    0.10805E-02    0.43420E+04
    0.11023E-02    0.44230E+04
    0.11246E-02    0.45054E+04
    0.11473E-02    0.45892E+04
    0.11705E-02    0.46745E+04
    0.11941E-02    0.47613E+04
    0.12182E-02    0.48495E+04
    0.12429E-02    0.49392E+04
    0.12680E-02    0.50305E+04
    0.12936E-02    0.51233E+04
    0.13197E-02    0.52177E+04
    0.13464E-02    0.53137E+04
    0.13736E-02    0.54112E+04
    0.14013E-02    0.55104E+04
    0.14296E-02    0.56113E+04
    0.14585E-02    0.57138E+04
    0.14880E-02    0.58180E+04
    0.15180E-02    0.59239E+04
    0.15487E-02    0.60316E+04
    0.15800E-02    0.61410E+04
    0.16119E-02    0.62521E+04
    0.16445E-02    0.63650E+04
    0.16777E-02    0.64798E+04
    0.17116E-02    0.65963E+04
    0.17462E-02    0.67147E+04
    0.17814E-02    0.68349E+04
    0.18174E-02    0.69571E+04
    0.18541E-02    0.70811E+04
    0.18916E-02    0.72069E+04
    0.19298E-02    0.73348E+04
    0.19688E-02    0.74645E+04
    0.20086E-02    0.75962E+04
    0.20491E-02    0.77299E+04
    0.20905E-02    0.78655E+04
    0.21328E-02    0.80032E+04
    0.21758E-02    0.81428E+04
    0.22198E-02    0.82844E+04
    0.22646E-02    0.84281E+04
    0.23104E-02    0.85738E+04
    0.23571E-02    0.87216E+04
    0.24047E-02    0.88714E+04
    0.24533E-02    0.90232E+04
    0.25028E-02    0.91771E+04
    0.25534E-02    0.93331E+04
    0.26050E-02    0.94912E+04
    0.26576E-02    0.96514E+04
    0.27113E-02    0.98136E+04
    0.27660E-02    0.99779E+04
    0.28219E-02    0.10144E+05
    0.28789E-02    0.10313E+05
    0.29371E-02    0.10483E+05
    0.29964E-02    0.10656E+05
    0.30569E-02    0.10831E+05
    0.31187E-02    0.11007E+05
    0.31817E-02    0.11186E+05
    0.32460E-02    0.11367E+05
    0.33115E-02    0.11550E+05
    0.33784E-02    0.11735E+05
    0.34467E-02    0.11922E+05
    0.35163E-02    0.12110E+05
    0.35874E-02    0.12301E+05
    0.36598E-02    0.12494E+05
    0.37338E-02    0.12689E+05
    0.38092E-02    0.12885E+05
    0.38861E-02    0.13083E+05
    0.39646E-02    0.13284E+05
    0.40447E-02    0.13485E+05
    0.41264E-02    0.13689E+05
    0.42098E-02    0.13895E+05
    0.42948E-02    0.14102E+05
    0.43816E-02    0.14310E+05
    0.44701E-02    0.14521E+05
    0.45604E-02    0.14732E+05
    0.46525E-02    0.14946E+05
    0.47465E-02    0.15160E+05
    0.48424E-02    0.15376E+05
    0.49402E-02    0.15593E+05
    0.50400E-02    0.15812E+05
    0.51419E-02    0.16032E+05
    0.52457E-02    0.16252E+05
    0.53517E-02    0.16474E+05
    0.54598E-02    0.16697E+05
    0.55701E-02    0.16920E+05
    0.56826E-02    0.17145E+05
    0.57974E-02    0.17369E+05
    0.59145E-02    0.17595E+05
    0.60340E-02    0.17821E+05
    0.61559E-02    0.18047E+05
    0.62803E-02    0.18274E+05
    0.64072E-02    0.18500E+05
    0.65366E-02    0.18727E+05
    0.66686E-02    0.18953E+05
    0.68033E-02    0.19180E+05
    0.69408E-02    0.19405E+05
    0.70810E-02    0.19631E+05
    0.72240E-02    0.19856E+05
    0.73700E-02    0.20080E+05
    0.75189E-02    0.20303E+05
    0.76708E-02    0.20524E+05
    0.78257E-02    0.20745E+05
    0.79838E-02    0.20964E+05
    0.81451E-02    0.21182E+05
    0.83096E-02    0.21398E+05
    0.84775E-02    0.21612E+05
    0.86488E-02    0.21823E+05
    0.88235E-02    0.22033E+05
    0.90017E-02    0.22239E+05
    0.91836E-02    0.22444E+05
    0.93691E-02    0.22645E+05
    0.95583E-02    0.22843E+05
    0.97514E-02    0.23037E+05
    0.99484E-02    0.23228E+05
    0.10149E-01    0.23415E+05
    0.10354E-01    0.23598E+05
    0.10564E-01    0.23777E+05
    0.10777E-01    0.23951E+05
    0.10995E-01    0.24120E+05
    0.11217E-01    0.24284E+05
    0.11443E-01    0.24443E+05
    0.11675E-01    0.24596E+05
    0.11910E-01    0.24744E+05
    0.12151E-01    0.24885E+05
    0.12397E-01    0.25020E+05
    0.12647E-01    0.25148E+05
    0.12902E-01    0.25269E+05
    0.13163E-01    0.25383E+05
    0.13429E-01    0.25490E+05
    0.13700E-01    0.25588E+05
    0.13977E-01    0.25679E+05
    0.14259E-01    0.25761E+05
    0.14547E-01    0.25834E+05
    0.14841E-01    0.25899E+05
    0.15141E-01    0.25954E+05
    0.15447E-01    0.26000E+05
    0.15759E-01    0.26035E+05
    0.16077E-01    0.26061E+05
    0.16402E-01    0.26077E+05
    0.16734E-01    0.26082E+05
    0.17072E-01    0.26076E+05
    0.17416E-01    0.26059E+05
    0.17768E-01    0.26031E+05
    0.18127E-01    0.25991E+05
    0.18493E-01    0.25940E+05
    0.18867E-01    0.25877E+05
    0.19248E-01    0.25802E+05
    0.19637E-01    0.25715E+05
    0.20034E-01    0.25615E+05
    0.20438E-01    0.25504E+05
    0.20851E-01    0.25380E+05
    0.21272E-01    0.25243E+05
    0.21702E-01    0.25094E+05
    0.22141E-01    0.24933E+05
    0.22588E-01    0.24760E+05
    0.23044E-01    0.24574E+05
    0.23510E-01    0.24376E+05
    0.23985E-01    0.24167E+05
    0.24469E-01    0.23945E+05
    0.24964E-01    0.23713E+05
    0.25468E-01    0.23469E+05
    0.25982E-01    0.23215E+05
    0.26507E-01    0.22950E+05
    0.27043E-01    0.22675E+05
    0.27589E-01    0.22391E+05
    0.28146E-01    0.22098E+05
    0.28715E-01    0.21797E+05
    0.29295E-01    0.21489E+05
    0.29887E-01    0.21173E+05
    0.30490E-01    0.20851E+05
    0.31106E-01    0.20524E+05
    0.31735E-01    0.20192E+05
    0.32376E-01    0.19856E+05
    0.33030E-01    0.19517E+05
    0.33697E-01    0.19176E+05
    0.34378E-01    0.18834E+05
    0.35072E-01    0.18491E+05
    0.35781E-01    0.18150E+05
    0.36504E-01    0.17809E+05
    0.37241E-01    0.17472E+05
    0.37993E-01    0.17138E+05
    0.38761E-01    0.16808E+05
    0.39544E-01    0.16483E+05
    0.40343E-01    0.16164E+05
    0.41158E-01    0.15853E+05
    0.41989E-01    0.15548E+05
    0.42838E-01    0.15252E+05
    0.43703E-01    0.14965E+05
    0.44586E-01    0.14687E+05
    0.45486E-01    0.14419E+05
    0.46405E-01    0.14161E+05
    0.47343E-01    0.13913E+05
    0.48299E-01    0.13675E+05
    0.49275E-01    0.13448E+05
    0.50270E-01    0.13231E+05
    0.51286E-01    0.13024E+05
    0.52322E-01    0.12826E+05
    0.53379E-01    0.12637E+05
    0.54457E-01    0.12456E+05
    0.55557E-01    0.12283E+05
    0.56680E-01    0.12115E+05
    0.57825E-01    0.11953E+05
    0.58993E-01    0.11794E+05
    0.60184E-01    0.11638E+05
    0.61400E-01    0.11482E+05
    0.62641E-01    0.11326E+05
    0.63906E-01    0.11167E+05
    0.65197E-01    0.11004E+05
    0.66514E-01    0.10836E+05
    0.67858E-01    0.10661E+05
    0.69229E-01    0.10478E+05
    0.70627E-01    0.10285E+05
    0.72054E-01    0.10082E+05
    0.73510E-01    0.98683E+04
    0.74994E-01    0.96429E+04
    0.76509E-01    0.94072E+04
    0.78055E-01    0.91613E+04
    0.79632E-01    0.89057E+04
    0.81241E-01    0.86418E+04
    0.82882E-01    0.83713E+04
    0.84556E-01    0.80961E+04
    0.86264E-01    0.78188E+04
    0.88007E-01    0.75418E+04
    0.89785E-01    0.72679E+04
    0.91598E-01    0.69998E+04
    0.93449E-01    0.67402E+04
    0.95337E-01    0.64917E+04
    0.97263E-01    0.62565E+04
    0.99227E-01    0.60365E+04
    0.10123E+00    0.58331E+04
    0.10328E+00    0.56473E+04
    0.10536E+00    0.54792E+04
    0.10749E+00    0.53288E+04
    0.10966E+00    0.51951E+04
    0.11188E+00    0.50765E+04
    0.11414E+00    0.49709E+04
    0.11644E+00    0.48757E+04
    0.11880E+00    0.47878E+04
    0.12120E+00    0.47038E+04
    0.12365E+00    0.46200E+04
    0.12614E+00    0.45332E+04
    0.12869E+00    0.44402E+04
    0.13129E+00    0.43384E+04
    0.13394E+00    0.42260E+04
    0.13665E+00    0.41024E+04
    0.13941E+00    0.39678E+04
    0.14223E+00    0.38237E+04
    0.14510E+00    0.36727E+04
    0.14803E+00    0.35180E+04
    0.15102E+00    0.33635E+04
    0.15407E+00    0.32131E+04
    0.15718E+00    0.30705E+04
    0.16036E+00    0.29389E+04
    0.16360E+00    0.28205E+04
    0.16690E+00    0.27166E+04
    0.17028E+00    0.26272E+04
    0.17371E+00    0.25510E+04
    0.17722E+00    0.24858E+04
    0.18080E+00    0.24284E+04
    0.18446E+00    0.23751E+04
    0.18818E+00    0.23218E+04
    0.19198E+00    0.22653E+04
    0.19586E+00    0.22026E+04
    0.19982E+00    0.21325E+04
    0.20386E+00    0.20549E+04
    0.20797E+00    0.19715E+04
    0.21218E+00    0.18849E+04
    0.21646E+00    0.17986E+04
    0.22083E+00    0.17161E+04
    0.22530E+00    0.16403E+04
    0.22985E+00    0.15732E+04
    0.23449E+00    0.15153E+04
    0.23923E+00    0.14657E+04
    0.24406E+00    0.14226E+04
    0.24899E+00    0.13830E+04
    0.25402E+00    0.13439E+04
    0.25915E+00    0.13029E+04
    0.26439E+00    0.12583E+04
    0.26973E+00    0.12100E+04
    0.27518E+00    0.11592E+04
    0.28074E+00    0.11079E+04
    0.28641E+00    0.10585E+04
    0.29219E+00    0.10130E+04
    0.29810E+00    0.97248E+03
    0.30412E+00    0.93686E+03
    0.31026E+00    0.90499E+03
    0.31653E+00    0.87510E+03
    0.32292E+00    0.84538E+03
    0.32945E+00    0.81458E+03
    0.33610E+00    0.78240E+03
    0.34289E+00    0.74949E+03
    0.34982E+00    0.71710E+03
    0.35689E+00    0.68650E+03
    0.36409E+00    0.65848E+03
    0.37145E+00    0.63306E+03
    0.37895E+00    0.60956E+03
    0.38661E+00    0.58697E+03
    0.39442E+00    0.56447E+03
    0.40239E+00    0.54174E+03
    0.41052E+00    0.51904E+03
    0.41881E+00    0.49701E+03
    0.42727E+00    0.47623E+03
    0.43590E+00    0.45689E+03
    0.44471E+00    0.43879E+03
    0.45369E+00    0.42145E+03
    0.46286E+00    0.40446E+03
    0.47221E+00    0.38769E+03
    0.48174E+00    0.37134E+03
    0.49148E+00    0.35568E+03
    0.50141E+00    0.34088E+03
    0.51153E+00    0.32685E+03
    0.52187E+00    0.31341E+03
    0.53241E+00    0.30037E+03
    0.54317E+00    0.28769E+03
    0.55414E+00    0.27547E+03
    0.56533E+00    0.26380E+03
    0.57675E+00    0.25268E+03
    0.58840E+00    0.24203E+03
    0.60029E+00    0.23176E+03
    0.61242E+00    0.22186E+03
    0.62479E+00    0.21234E+03
    0.63741E+00    0.20324E+03
    0.65029E+00    0.19454E+03
    0.66342E+00    0.18618E+03
    0.67683E+00    0.17814E+03
    0.69050E+00    0.17043E+03
    0.70445E+00    0.16304E+03
    0.71868E+00    0.15597E+03
    0.73320E+00    0.14918E+03
    0.74801E+00    0.14267E+03
    0.76312E+00    0.13643E+03
    0.77854E+00    0.13045E+03
    0.79426E+00    0.12473E+03
    0.81031E+00    0.11924E+03
    0.82668E+00    0.11398E+03
    0.84338E+00    0.10894E+03
    0.86041E+00    0.10411E+03
    0.87780E+00    0.99494E+02
    0.89553E+00    0.95070E+02
    0.91362E+00    0.90834E+02
    0.93208E+00    0.86779E+02
    0.95091E+00    0.82898E+02
    0.97011E+00    0.79184E+02
    0.98971E+00    0.75629E+02
    0.10097E+01    0.72228E+02
    0.10301E+01    0.68974E+02
    0.10509E+01    0.65861E+02
    0.10721E+01    0.62883E+02
    0.10938E+01    0.60034E+02
    0.11159E+01    0.57309E+02
    0.11384E+01    0.54703E+02
    0.11614E+01    0.52212E+02
    0.11849E+01    0.49830E+02
    0.12088E+01    0.47553E+02
    0.12333E+01    0.45376E+02
    0.12582E+01    0.43296E+02
    0.12836E+01    0.41308E+02
    0.13095E+01    0.39408E+02
    0.13360E+01    0.37592E+02
    0.13630E+01    0.35857E+02
    0.13905E+01    0.34200E+02
    0.14186E+01    0.32617E+02
    0.14472E+01    0.31105E+02
    0.14765E+01    0.29661E+02
    0.15063E+01    0.28282E+02
    0.15367E+01    0.26965E+02
    0.15678E+01    0.25708E+02
    0.15994E+01    0.24507E+02
    0.16318E+01    0.23361E+02
    0.16647E+01    0.22267E+02
    0.16984E+01    0.21222E+02
    0.17327E+01    0.20226E+02
    0.17677E+01    0.19274E+02
    0.18034E+01    0.18367E+02
    0.18398E+01    0.17500E+02
    0.18770E+01    0.16674E+02
    0.19149E+01    0.15886E+02
    0.19536E+01    0.15134E+02
    0.19930E+01    0.14416E+02
    0.20333E+01    0.13732E+02
    0.20744E+01    0.13079E+02
    0.21163E+01    0.12457E+02
    0.21590E+01    0.11863E+02
    0.22026E+01    0.11297E+02
    0.22471E+01    0.10758E+02
    0.22925E+01    0.10243E+02
    0.23388E+01    0.97529E+01
    0.23861E+01    0.92854E+01
    0.24343E+01    0.88398E+01
    0.24835E+01    0.84151E+01
    0.25336E+01    0.80104E+01
    0.25848E+01    0.76247E+01
    0.26370E+01    0.72571E+01
    0.26903E+01    0.69069E+01
    0.27447E+01    0.65732E+01
    0.28001E+01    0.62552E+01
    0.28567E+01    0.59523E+01
    0.29144E+01    0.56638E+01
    0.29733E+01    0.53889E+01
    0.30333E+01    0.51271E+01
    0.30946E+01    0.48778E+01
    0.31571E+01    0.46404E+01
    0.32209E+01    0.44143E+01
    0.32860E+01    0.41990E+01
    0.33523E+01    0.39940E+01
    0.34201E+01    0.37988E+01
    0.34892E+01    0.36130E+01
    0.35596E+01    0.34360E+01
    0.36316E+01    0.32676E+01
    0.37049E+01    0.31073E+01
    0.37798E+01    0.29547E+01
    0.38561E+01    0.28094E+01
    0.39340E+01    0.26712E+01
    0.40135E+01    0.25397E+01
    0.40946E+01    0.24145E+01
    0.41773E+01    0.22954E+01
    0.42617E+01    0.21820E+01
    0.43478E+01    0.20742E+01
    0.44356E+01    0.19715E+01
    0.45252E+01    0.18739E+01
    0.46166E+01    0.17811E+01
    0.47099E+01    0.16927E+01
    0.48050E+01    0.16087E+01
    0.49021E+01    0.15288E+01
    0.50011E+01    0.14528E+01
    0.51021E+01    0.13805E+01
    0.52052E+01    0.13117E+01
    0.53104E+01    0.12463E+01
    0.54176E+01    0.11842E+01
    0.55271E+01    0.11250E+01
    0.56387E+01    0.10688E+01
    0.57526E+01    0.10154E+01
    0.58689E+01    0.96457E+00
    0.59874E+01    0.91625E+00
    0.61084E+01    0.87033E+00
    0.62318E+01    0.82667E+00
    0.63577E+01    0.78517E+00
    0.64861E+01    0.74573E+00
    0.66171E+01    0.70824E+00
    0.67508E+01    0.67261E+00
    0.68872E+01    0.63875E+00
    0.70263E+01    0.60656E+00
    0.71682E+01    0.57598E+00
    0.73130E+01    0.54692E+00
    0.74608E+01    0.51930E+00
    0.76115E+01    0.49306E+00
    0.77653E+01    0.46814E+00
    0.79221E+01    0.44445E+00
    0.80822E+01    0.42194E+00
    0.82454E+01    0.40057E+00
    0.84120E+01    0.38026E+00
    0.85819E+01    0.36097E+00
    0.87553E+01    0.34264E+00
    0.89322E+01    0.32523E+00
    0.91126E+01    0.30870E+00
    0.92967E+01    0.29300E+00
    0.94845E+01    0.27808E+00
    0.96761E+01    0.26392E+00
    0.98716E+01    0.25047E+00
    0.10071E+02    0.23770E+00
    0.10274E+02    0.22557E+00
    0.10482E+02    0.21405E+00
    0.10694E+02    0.20311E+00
    0.10910E+02    0.19273E+00
    0.11130E+02    0.18287E+00
    0.11355E+02    0.17351E+00
    0.11584E+02    0.16462E+00
    0.11818E+02    0.15619E+00
    0.12057E+02    0.14818E+00
    0.12301E+02    0.14058E+00
    0.12549E+02    0.13336E+00
    0.12803E+02    0.12651E+00
    0.13061E+02    0.12001E+00
    0.13325E+02    0.11384E+00
    0.13594E+02    0.10798E+00
    0.13869E+02    0.10242E+00
    0.14149E+02    0.97145E-01
    0.14435E+02    0.92138E-01
    0.14727E+02    0.87387E-01
    0.15024E+02    0.82878E-01
    0.15328E+02    0.78600E-01
    0.15637E+02    0.74540E-01
    0.15953E+02    0.70688E-01
    0.16275E+02    0.67033E-01
    0.16604E+02    0.63565E-01
    0.16940E+02    0.60275E-01
    0.17282E+02    0.57154E-01
    0.17631E+02    0.54192E-01
    0.17987E+02    0.51383E-01
    0.18351E+02    0.48718E-01
    0.18721E+02    0.46190E-01
    0.19099E+02    0.43792E-01
    0.19485E+02    0.41517E-01
    0.19879E+02    0.39359E-01
    0.20280E+02    0.37313E-01
    0.20690E+02    0.35372E-01
    0.21108E+02    0.33530E-01
    0.21535E+02    0.31784E-01
    0.21970E+02    0.30128E-01
    0.22413E+02    0.28558E-01
    0.22866E+02    0.27069E-01
    0.23328E+02    0.25656E-01
    0.23799E+02    0.24317E-01
    0.24280E+02    0.23047E-01
    0.24771E+02    0.21843E-01
    0.25271E+02    0.20701E-01
