  0.107275E-04  0.199011E+08  0.199011E+08  0.265200E+08  0.265200E+08  0.000000E+00  0.199011E+08
  0.109442E-04  0.199011E+08  0.199011E+08  0.265194E+08  0.265194E+08  0.000000E+00  0.199011E+08
  0.111653E-04  0.199011E+08  0.199011E+08  0.265188E+08  0.265188E+08  0.000000E+00  0.199011E+08
  0.113909E-04  0.199011E+08  0.199011E+08  0.265181E+08  0.265181E+08  0.000000E+00  0.199011E+08
  0.116210E-04  0.199011E+08  0.199011E+08  0.265174E+08  0.265174E+08  0.000000E+00  0.199011E+08
  0.118557E-04  0.199011E+08  0.199011E+08  0.265167E+08  0.265167E+08  0.000000E+00  0.199011E+08
  0.120952E-04  0.199011E+08  0.199011E+08  0.265160E+08  0.265160E+08  0.000000E+00  0.199011E+08
  0.123396E-04  0.199011E+08  0.199011E+08  0.265152E+08  0.265152E+08  0.000000E+00  0.199011E+08
  0.125889E-04  0.199011E+08  0.199011E+08  0.265144E+08  0.265144E+08  0.000000E+00  0.199011E+08
  0.128432E-04  0.199011E+08  0.199011E+08  0.265136E+08  0.265136E+08  0.000000E+00  0.199011E+08
  0.131026E-04  0.199011E+08  0.199011E+08  0.265127E+08  0.265127E+08  0.000000E+00  0.199011E+08
  0.133673E-04  0.199011E+08  0.199011E+08  0.265118E+08  0.265118E+08  0.000000E+00  0.199011E+08
  0.136374E-04  0.199011E+08  0.199011E+08  0.265109E+08  0.265109E+08  0.000000E+00  0.199011E+08
  0.139128E-04  0.199011E+08  0.199011E+08  0.265099E+08  0.265099E+08  0.000000E+00  0.199011E+08
  0.141939E-04  0.199011E+08  0.199011E+08  0.265089E+08  0.265089E+08  0.000000E+00  0.199011E+08
  0.144806E-04  0.199011E+08  0.199011E+08  0.265079E+08  0.265078E+08  0.000000E+00  0.199011E+08
  0.147732E-04  0.199011E+08  0.199011E+08  0.265068E+08  0.265067E+08  0.000000E+00  0.199011E+08
  0.150716E-04  0.199010E+08  0.199010E+08  0.265056E+08  0.265056E+08  0.000000E+00  0.199010E+08
  0.153761E-04  0.199010E+08  0.199010E+08  0.265044E+08  0.265044E+08  0.000000E+00  0.199010E+08
  0.156867E-04  0.199010E+08  0.199010E+08  0.265032E+08  0.265031E+08  0.000000E+00  0.199010E+08
  0.160036E-04  0.199010E+08  0.199010E+08  0.265019E+08  0.265018E+08  0.000000E+00  0.199010E+08
  0.163269E-04  0.199010E+08  0.199010E+08  0.265006E+08  0.265005E+08  0.000000E+00  0.199010E+08
  0.166567E-04  0.199010E+08  0.199010E+08  0.264992E+08  0.264991E+08  0.000000E+00  0.199010E+08
  0.169932E-04  0.199010E+08  0.199010E+08  0.264977E+08  0.264976E+08  0.000000E+00  0.199010E+08
  0.173365E-04  0.199010E+08  0.199010E+08  0.264962E+08  0.264961E+08  0.000000E+00  0.199010E+08
  0.176867E-04  0.199010E+08  0.199010E+08  0.264946E+08  0.264946E+08  0.000000E+00  0.199010E+08
  0.180440E-04  0.199010E+08  0.199010E+08  0.264930E+08  0.264929E+08  0.000000E+00  0.199010E+08
  0.184085E-04  0.199010E+08  0.199010E+08  0.264913E+08  0.264912E+08  0.000000E+00  0.199010E+08
  0.187804E-04  0.199010E+08  0.199010E+08  0.264895E+08  0.264894E+08  0.000000E+00  0.199010E+08
  0.191598E-04  0.199010E+08  0.199010E+08  0.264876E+08  0.264876E+08  0.000000E+00  0.199010E+08
  0.195468E-04  0.199010E+08  0.199010E+08  0.264857E+08  0.264856E+08  0.000000E+00  0.199010E+08
  0.199417E-04  0.199010E+08  0.199010E+08  0.264837E+08  0.264836E+08  0.000000E+00  0.199010E+08
  0.203445E-04  0.199010E+08  0.199010E+08  0.264816E+08  0.264816E+08  0.000000E+00  0.199010E+08
  0.207555E-04  0.199010E+08  0.199010E+08  0.264795E+08  0.264794E+08  0.000000E+00  0.199010E+08
  0.211748E-04  0.199010E+08  0.199010E+08  0.264772E+08  0.264771E+08  0.000000E+00  0.199010E+08
  0.216026E-04  0.199010E+08  0.199010E+08  0.264749E+08  0.264748E+08  0.000000E+00  0.199010E+08
  0.220390E-04  0.199010E+08  0.199010E+08  0.264724E+08  0.264723E+08  0.000000E+00  0.199010E+08
  0.224842E-04  0.199010E+08  0.199010E+08  0.264699E+08  0.264698E+08  0.000000E+00  0.199010E+08
  0.229384E-04  0.199010E+08  0.199010E+08  0.264672E+08  0.264671E+08  0.000000E+00  0.199010E+08
  0.234018E-04  0.199010E+08  0.199010E+08  0.264645E+08  0.264644E+08  0.000000E+00  0.199010E+08
  0.238745E-04  0.199010E+08  0.199010E+08  0.264616E+08  0.264615E+08  0.000000E+00  0.199010E+08
  0.243568E-04  0.199010E+08  0.199010E+08  0.264586E+08  0.264585E+08  0.000000E+00  0.199010E+08
  0.248489E-04  0.199010E+08  0.199010E+08  0.264555E+08  0.264554E+08  0.000000E+00  0.199010E+08
  0.253509E-04  0.199009E+08  0.199009E+08  0.264523E+08  0.264522E+08  0.000000E+00  0.199009E+08
  0.258630E-04  0.199009E+08  0.199009E+08  0.264489E+08  0.264488E+08  0.000000E+00  0.199009E+08
  0.263855E-04  0.199009E+08  0.199009E+08  0.264454E+08  0.264453E+08  0.000000E+00  0.199009E+08
  0.269185E-04  0.199009E+08  0.199009E+08  0.264418E+08  0.264416E+08  0.000000E+00  0.199009E+08
  0.274623E-04  0.199009E+08  0.199009E+08  0.264380E+08  0.264378E+08  0.000000E+00  0.199009E+08
  0.280170E-04  0.199009E+08  0.199009E+08  0.264340E+08  0.264339E+08  0.000000E+00  0.199009E+08
  0.285830E-04  0.199009E+08  0.199009E+08  0.264299E+08  0.264298E+08  0.000000E+00  0.199009E+08
  0.291604E-04  0.199009E+08  0.199009E+08  0.264257E+08  0.264255E+08  0.000000E+00  0.199009E+08
  0.297495E-04  0.199009E+08  0.199009E+08  0.264212E+08  0.264211E+08  0.000000E+00  0.199009E+08
  0.303505E-04  0.199009E+08  0.199009E+08  0.264166E+08  0.264164E+08  0.000000E+00  0.199009E+08
  0.309636E-04  0.199009E+08  0.199009E+08  0.264118E+08  0.264116E+08  0.000000E+00  0.199009E+08
  0.315891E-04  0.199009E+08  0.199009E+08  0.264068E+08  0.264066E+08  0.000000E+00  0.199009E+08
  0.322273E-04  0.199009E+08  0.199009E+08  0.264016E+08  0.264014E+08  0.000000E+00  0.199009E+08
  0.328783E-04  0.199008E+08  0.199008E+08  0.263961E+08  0.263959E+08  0.000000E+00  0.199008E+08
  0.335425E-04  0.199008E+08  0.199008E+08  0.263905E+08  0.263903E+08  0.000000E+00  0.199008E+08
  0.342201E-04  0.199008E+08  0.199008E+08  0.263846E+08  0.263844E+08  0.000000E+00  0.199008E+08
  0.349114E-04  0.199008E+08  0.199008E+08  0.263785E+08  0.263783E+08  0.000000E+00  0.199008E+08
  0.356166E-04  0.199008E+08  0.199008E+08  0.263721E+08  0.263719E+08  0.000000E+00  0.199008E+08
  0.363361E-04  0.199008E+08  0.199008E+08  0.263655E+08  0.263653E+08  0.000000E+00  0.199008E+08
  0.370702E-04  0.199008E+08  0.199008E+08  0.263586E+08  0.263584E+08  0.000000E+00  0.199008E+08
  0.378190E-04  0.199008E+08  0.199008E+08  0.263515E+08  0.263512E+08  0.000000E+00  0.199008E+08
  0.385830E-04  0.199007E+08  0.199007E+08  0.263440E+08  0.263437E+08  0.000000E+00  0.199007E+08
  0.393625E-04  0.199007E+08  0.199007E+08  0.263362E+08  0.263360E+08  0.000000E+00  0.199007E+08
  0.401576E-04  0.199007E+08  0.199007E+08  0.263282E+08  0.263279E+08  0.000000E+00  0.199007E+08
  0.409689E-04  0.199007E+08  0.199007E+08  0.263198E+08  0.263195E+08  0.000000E+00  0.199007E+08
  0.417965E-04  0.199007E+08  0.199007E+08  0.263110E+08  0.263107E+08  0.000000E+00  0.199007E+08
  0.426409E-04  0.199007E+08  0.199007E+08  0.263019E+08  0.263016E+08  0.000000E+00  0.199007E+08
  0.435023E-04  0.199006E+08  0.199006E+08  0.262925E+08  0.262921E+08  0.000000E+00  0.199006E+08
  0.443811E-04  0.199006E+08  0.199006E+08  0.262826E+08  0.262823E+08  0.000000E+00  0.199006E+08
  0.452776E-04  0.199006E+08  0.199006E+08  0.262724E+08  0.262720E+08  0.000000E+00  0.199006E+08
  0.461923E-04  0.199006E+08  0.199006E+08  0.262617E+08  0.262613E+08  0.000000E+00  0.199006E+08
  0.471254E-04  0.199006E+08  0.199006E+08  0.262506E+08  0.262502E+08  0.000000E+00  0.199006E+08
  0.480774E-04  0.199005E+08  0.199005E+08  0.262391E+08  0.262387E+08  0.000000E+00  0.199005E+08
  0.490487E-04  0.199005E+08  0.199005E+08  0.262271E+08  0.262266E+08  0.000000E+00  0.199005E+08
  0.500395E-04  0.199005E+08  0.199005E+08  0.262146E+08  0.262141E+08  0.000000E+00  0.199005E+08
  0.510504E-04  0.199005E+08  0.199005E+08  0.262016E+08  0.262011E+08  0.000000E+00  0.199005E+08
  0.520817E-04  0.199004E+08  0.199004E+08  0.261881E+08  0.261876E+08  0.000000E+00  0.199004E+08
  0.531338E-04  0.199004E+08  0.199004E+08  0.261740E+08  0.261735E+08  0.000000E+00  0.199004E+08
  0.542072E-04  0.199004E+08  0.199004E+08  0.261594E+08  0.261588E+08  0.000000E+00  0.199004E+08
  0.553022E-04  0.199004E+08  0.199004E+08  0.261442E+08  0.261436E+08  0.000000E+00  0.199004E+08
  0.564194E-04  0.199003E+08  0.199003E+08  0.261284E+08  0.261278E+08  0.000000E+00  0.199003E+08
  0.575591E-04  0.199003E+08  0.199003E+08  0.261119E+08  0.261113E+08  0.000000E+00  0.199003E+08
  0.587219E-04  0.199003E+08  0.199003E+08  0.260948E+08  0.260941E+08  0.000000E+00  0.199003E+08
  0.599082E-04  0.199002E+08  0.199002E+08  0.260769E+08  0.260763E+08  0.000000E+00  0.199002E+08
  0.611184E-04  0.199002E+08  0.199002E+08  0.260584E+08  0.260577E+08  0.000000E+00  0.199002E+08
  0.623531E-04  0.199002E+08  0.199002E+08  0.260391E+08  0.260384E+08  0.000000E+00  0.199002E+08
  0.636127E-04  0.199001E+08  0.199001E+08  0.260191E+08  0.260183E+08  0.000000E+00  0.199001E+08
  0.648977E-04  0.199001E+08  0.199001E+08  0.259982E+08  0.259974E+08  0.000000E+00  0.199001E+08
  0.662088E-04  0.199000E+08  0.199000E+08  0.259766E+08  0.259757E+08  0.000000E+00  0.199000E+08
  0.675463E-04  0.199000E+08  0.199000E+08  0.259540E+08  0.259531E+08  0.000000E+00  0.199000E+08
  0.689108E-04  0.198999E+08  0.198999E+08  0.259305E+08  0.259297E+08  0.000000E+00  0.198999E+08
  0.703029E-04  0.198999E+08  0.198999E+08  0.259062E+08  0.259052E+08  0.000000E+00  0.198999E+08
  0.717231E-04  0.198998E+08  0.198998E+08  0.258808E+08  0.258798E+08  0.000000E+00  0.198998E+08
  0.731720E-04  0.198998E+08  0.198998E+08  0.258544E+08  0.258534E+08  0.000000E+00  0.198998E+08
  0.746502E-04  0.198997E+08  0.198997E+08  0.258270E+08  0.258260E+08  0.000000E+00  0.198997E+08
  0.761582E-04  0.198997E+08  0.198997E+08  0.257985E+08  0.257974E+08  0.000000E+00  0.198997E+08
  0.776967E-04  0.198996E+08  0.198996E+08  0.257688E+08  0.257677E+08  0.000000E+00  0.198996E+08
  0.792663E-04  0.198996E+08  0.198996E+08  0.257380E+08  0.257368E+08  0.000000E+00  0.198996E+08
  0.808676E-04  0.198995E+08  0.198995E+08  0.257059E+08  0.257047E+08  0.000000E+00  0.198995E+08
  0.825012E-04  0.198994E+08  0.198994E+08  0.256726E+08  0.256714E+08  0.000000E+00  0.198994E+08
  0.841678E-04  0.198994E+08  0.198994E+08  0.256380E+08  0.256367E+08  0.000000E+00  0.198994E+08
  0.858681E-04  0.198993E+08  0.198993E+08  0.256020E+08  0.256006E+08  0.000000E+00  0.198993E+08
  0.876028E-04  0.198992E+08  0.198992E+08  0.255646E+08  0.255631E+08  0.000000E+00  0.198992E+08
  0.893725E-04  0.198992E+08  0.198992E+08  0.255257E+08  0.255242E+08  0.000000E+00  0.198992E+08
  0.911779E-04  0.198991E+08  0.198991E+08  0.254852E+08  0.254837E+08  0.000000E+00  0.198991E+08
  0.930198E-04  0.198990E+08  0.198990E+08  0.254432E+08  0.254416E+08  0.000000E+00  0.198990E+08
  0.948990E-04  0.198989E+08  0.198989E+08  0.253995E+08  0.253979E+08  0.000000E+00  0.198989E+08
  0.968161E-04  0.198988E+08  0.198988E+08  0.253542E+08  0.253525E+08  0.000000E+00  0.198988E+08
  0.987719E-04  0.198987E+08  0.198987E+08  0.253070E+08  0.253053E+08  0.000000E+00  0.198987E+08
  0.100767E-03  0.198986E+08  0.198986E+08  0.252580E+08  0.252562E+08  0.000000E+00  0.198986E+08
  0.102803E-03  0.198985E+08  0.198985E+08  0.252071E+08  0.252052E+08  0.000000E+00  0.198985E+08
  0.104880E-03  0.198984E+08  0.198984E+08  0.251543E+08  0.251523E+08  0.000000E+00  0.198984E+08
  0.106998E-03  0.198983E+08  0.198983E+08  0.250994E+08  0.250973E+08  0.000000E+00  0.198983E+08
  0.109160E-03  0.198982E+08  0.198982E+08  0.250423E+08  0.250402E+08  0.000000E+00  0.198982E+08
  0.111365E-03  0.198981E+08  0.198981E+08  0.249831E+08  0.249808E+08  0.000000E+00  0.198981E+08
  0.113615E-03  0.198980E+08  0.198980E+08  0.249215E+08  0.249192E+08  0.000000E+00  0.198980E+08
  0.115910E-03  0.198978E+08  0.198978E+08  0.248576E+08  0.248553E+08  0.000000E+00  0.198978E+08
  0.118251E-03  0.198977E+08  0.198977E+08  0.247913E+08  0.247888E+08  0.000000E+00  0.198977E+08
  0.120640E-03  0.198976E+08  0.198976E+08  0.247224E+08  0.247199E+08  0.000000E+00  0.198976E+08
  0.123077E-03  0.198974E+08  0.198974E+08  0.246509E+08  0.246483E+08  0.000000E+00  0.198974E+08
  0.125564E-03  0.198973E+08  0.198973E+08  0.245767E+08  0.245739E+08  0.000000E+00  0.198973E+08
  0.128100E-03  0.198971E+08  0.198971E+08  0.244997E+08  0.244968E+08  0.000000E+00  0.198971E+08
  0.130688E-03  0.198970E+08  0.198970E+08  0.244197E+08  0.244168E+08  0.000000E+00  0.198970E+08
  0.133328E-03  0.198968E+08  0.198968E+08  0.243368E+08  0.243337E+08  0.000000E+00  0.198968E+08
  0.136021E-03  0.198966E+08  0.198966E+08  0.242507E+08  0.242475E+08  0.000000E+00  0.198966E+08
  0.138769E-03  0.198964E+08  0.198964E+08  0.241614E+08  0.241582E+08  0.000000E+00  0.198964E+08
  0.141573E-03  0.198962E+08  0.198962E+08  0.240688E+08  0.240654E+08  0.000000E+00  0.198962E+08
  0.144433E-03  0.198960E+08  0.198960E+08  0.239728E+08  0.239693E+08  0.000000E+00  0.198960E+08
  0.147350E-03  0.198958E+08  0.198958E+08  0.238732E+08  0.238696E+08  0.000000E+00  0.198958E+08
  0.150327E-03  0.198956E+08  0.198956E+08  0.237700E+08  0.237662E+08  0.000000E+00  0.198956E+08
  0.153364E-03  0.198954E+08  0.198954E+08  0.236630E+08  0.236591E+08  0.000000E+00  0.198954E+08
  0.156462E-03  0.198952E+08  0.198952E+08  0.235520E+08  0.235480E+08  0.000000E+00  0.198952E+08
  0.159623E-03  0.198949E+08  0.198949E+08  0.234371E+08  0.234329E+08  0.000000E+00  0.198949E+08
  0.162847E-03  0.198947E+08  0.198947E+08  0.233180E+08  0.233137E+08  0.000000E+00  0.198947E+08
  0.166137E-03  0.198944E+08  0.198944E+08  0.231947E+08  0.231902E+08  0.000000E+00  0.198944E+08
  0.169493E-03  0.198941E+08  0.198941E+08  0.230669E+08  0.230623E+08  0.000000E+00  0.198941E+08
  0.172917E-03  0.198939E+08  0.198939E+08  0.229346E+08  0.229299E+08  0.000000E+00  0.198939E+08
  0.176410E-03  0.198936E+08  0.198936E+08  0.227977E+08  0.227928E+08  0.000000E+00  0.198936E+08
  0.179974E-03  0.198933E+08  0.198933E+08  0.226559E+08  0.226509E+08  0.000000E+00  0.198933E+08
  0.183610E-03  0.198930E+08  0.198929E+08  0.225093E+08  0.225041E+08  0.000000E+00  0.198930E+08
  0.187319E-03  0.198926E+08  0.198926E+08  0.223576E+08  0.223522E+08  0.000000E+00  0.198926E+08
  0.191103E-03  0.198923E+08  0.198923E+08  0.222007E+08  0.221951E+08  0.000000E+00  0.198923E+08
  0.194964E-03  0.198919E+08  0.198919E+08  0.220384E+08  0.220327E+08  0.000000E+00  0.198919E+08
  0.198902E-03  0.198916E+08  0.198915E+08  0.218707E+08  0.218648E+08  0.000000E+00  0.198916E+08
  0.202920E-03  0.198912E+08  0.198912E+08  0.216974E+08  0.216913E+08  0.000000E+00  0.198912E+08
  0.207019E-03  0.198908E+08  0.198908E+08  0.215184E+08  0.215121E+08  0.000000E+00  0.198908E+08
  0.211202E-03  0.198903E+08  0.198903E+08  0.213335E+08  0.213271E+08  0.000000E+00  0.198903E+08
  0.215468E-03  0.198899E+08  0.198899E+08  0.211426E+08  0.211360E+08  0.000000E+00  0.198899E+08
  0.219821E-03  0.198895E+08  0.198895E+08  0.209456E+08  0.209388E+08  0.000000E+00  0.198895E+08
  0.224262E-03  0.198890E+08  0.198890E+08  0.207424E+08  0.207354E+08  0.000000E+00  0.198890E+08
  0.228792E-03  0.198885E+08  0.198885E+08  0.205327E+08  0.205256E+08  0.000000E+00  0.198885E+08
  0.233414E-03  0.198880E+08  0.198880E+08  0.203167E+08  0.203093E+08  0.000000E+00  0.198880E+08
  0.238129E-03  0.198875E+08  0.198875E+08  0.200940E+08  0.200864E+08  0.000000E+00  0.198875E+08
  0.242940E-03  0.198869E+08  0.198869E+08  0.198646E+08  0.198569E+08  0.000000E+00  0.198869E+08
  0.247847E-03  0.198864E+08  0.198864E+08  0.196284E+08  0.196205E+08  0.000000E+00  0.198864E+08
  0.252854E-03  0.198858E+08  0.198858E+08  0.193854E+08  0.193773E+08  0.000000E+00  0.198858E+08
  0.257962E-03  0.198852E+08  0.198852E+08  0.191354E+08  0.191271E+08  0.000000E+00  0.198852E+08
  0.263173E-03  0.198845E+08  0.198845E+08  0.188783E+08  0.188699E+08  0.000000E+00  0.198845E+08
  0.268490E-03  0.198839E+08  0.198838E+08  0.186142E+08  0.186056E+08  0.000000E+00  0.198839E+08
  0.273914E-03  0.198832E+08  0.198832E+08  0.183429E+08  0.183342E+08  0.000000E+00  0.198832E+08
  0.279447E-03  0.198825E+08  0.198824E+08  0.180645E+08  0.180555E+08  0.000000E+00  0.198824E+08
  0.285092E-03  0.198817E+08  0.198817E+08  0.177788E+08  0.177697E+08  0.000000E+00  0.198817E+08
  0.290851E-03  0.198809E+08  0.198809E+08  0.174860E+08  0.174768E+08  0.000000E+00  0.198809E+08
  0.296727E-03  0.198801E+08  0.198801E+08  0.171860E+08  0.171766E+08  0.000000E+00  0.198801E+08
  0.302721E-03  0.198793E+08  0.198793E+08  0.168788E+08  0.168693E+08  0.000000E+00  0.198793E+08
  0.308837E-03  0.198784E+08  0.198784E+08  0.165645E+08  0.165549E+08  0.000000E+00  0.198784E+08
  0.315076E-03  0.198775E+08  0.198775E+08  0.162432E+08  0.162335E+08  0.000000E+00  0.198775E+08
  0.321441E-03  0.198766E+08  0.198766E+08  0.159150E+08  0.159051E+08  0.000000E+00  0.198766E+08
  0.327934E-03  0.198756E+08  0.198756E+08  0.155799E+08  0.155700E+08  0.000000E+00  0.198756E+08
  0.334559E-03  0.198746E+08  0.198746E+08  0.152383E+08  0.152283E+08  0.000000E+00  0.198746E+08
  0.341317E-03  0.198736E+08  0.198736E+08  0.148901E+08  0.148801E+08  0.000000E+00  0.198736E+08
  0.348212E-03  0.198725E+08  0.198725E+08  0.145357E+08  0.145256E+08  0.000000E+00  0.198725E+08
  0.355247E-03  0.198714E+08  0.198713E+08  0.141752E+08  0.141652E+08  0.000000E+00  0.198714E+08
  0.362423E-03  0.198702E+08  0.198702E+08  0.138090E+08  0.137990E+08  0.000000E+00  0.198702E+08
  0.369745E-03  0.198690E+08  0.198690E+08  0.134374E+08  0.134274E+08  0.000000E+00  0.198690E+08
  0.377214E-03  0.198677E+08  0.198677E+08  0.130607E+08  0.130507E+08  0.000000E+00  0.198677E+08
  0.384834E-03  0.198664E+08  0.198664E+08  0.126792E+08  0.126693E+08  0.000000E+00  0.198664E+08
  0.392608E-03  0.198650E+08  0.198650E+08  0.122935E+08  0.122837E+08  0.000000E+00  0.198650E+08
  0.400540E-03  0.198636E+08  0.198636E+08  0.119039E+08  0.118942E+08  0.000000E+00  0.198636E+08
  0.408631E-03  0.198622E+08  0.198622E+08  0.115109E+08  0.115014E+08  0.000000E+00  0.198622E+08
  0.416886E-03  0.198607E+08  0.198606E+08  0.111152E+08  0.111059E+08  0.000000E+00  0.198607E+08
  0.425308E-03  0.198591E+08  0.198591E+08  0.107172E+08  0.107081E+08  0.000000E+00  0.198591E+08
  0.433899E-03  0.198575E+08  0.198574E+08  0.103177E+08  0.103088E+08  0.000000E+00  0.198575E+08
  0.442665E-03  0.198558E+08  0.198557E+08  0.991717E+07  0.990860E+07  0.000000E+00  0.198558E+08
  0.451607E-03  0.198540E+08  0.198540E+08  0.951645E+07  0.950819E+07  0.000000E+00  0.198540E+08
  0.460730E-03  0.198522E+08  0.198522E+08  0.911624E+07  0.910833E+07  0.000000E+00  0.198522E+08
  0.470038E-03  0.198503E+08  0.198503E+08  0.871731E+07  0.870978E+07  0.000000E+00  0.198503E+08
  0.479533E-03  0.198484E+08  0.198483E+08  0.832049E+07  0.831338E+07  0.000000E+00  0.198484E+08
  0.489220E-03  0.198463E+08  0.198463E+08  0.792662E+07  0.791995E+07  0.000000E+00  0.198463E+08
  0.499103E-03  0.198443E+08  0.198442E+08  0.753658E+07  0.753039E+07  0.000000E+00  0.198442E+08
  0.509186E-03  0.198421E+08  0.198421E+08  0.715126E+07  0.714557E+07  0.000000E+00  0.198421E+08
  0.519472E-03  0.198398E+08  0.198398E+08  0.677159E+07  0.676643E+07  0.000000E+00  0.198398E+08
  0.529966E-03  0.198375E+08  0.198375E+08  0.639850E+07  0.639390E+07  0.000000E+00  0.198375E+08
  0.540672E-03  0.198351E+08  0.198351E+08  0.603293E+07  0.602891E+07  0.000000E+00  0.198351E+08
  0.551594E-03  0.198326E+08  0.198326E+08  0.567582E+07  0.567240E+07  0.000000E+00  0.198326E+08
  0.562737E-03  0.198300E+08  0.198300E+08  0.532812E+07  0.532532E+07  0.000000E+00  0.198300E+08
  0.574105E-03  0.198274E+08  0.198273E+08  0.499075E+07  0.498857E+07  0.000000E+00  0.198273E+08
  0.585703E-03  0.198246E+08  0.198245E+08  0.466460E+07  0.466306E+07  0.000000E+00  0.198246E+08
  0.597535E-03  0.198217E+08  0.198217E+08  0.435053E+07  0.434963E+07  0.000000E+00  0.198217E+08
  0.609606E-03  0.198188E+08  0.198187E+08  0.404937E+07  0.404910E+07  0.000000E+00  0.198188E+08
  0.621921E-03  0.198157E+08  0.198157E+08  0.376188E+07  0.376223E+07  0.000000E+00  0.198157E+08
  0.634484E-03  0.198125E+08  0.198125E+08  0.348875E+07  0.348971E+07  0.000000E+00  0.198125E+08
  0.647302E-03  0.198093E+08  0.198092E+08  0.323060E+07  0.323214E+07  0.000000E+00  0.198093E+08
  0.660378E-03  0.198059E+08  0.198058E+08  0.298796E+07  0.299004E+07  0.000000E+00  0.198059E+08
  0.673719E-03  0.198024E+08  0.198023E+08  0.276124E+07  0.276384E+07  0.000000E+00  0.198024E+08
  0.687329E-03  0.197988E+08  0.197987E+08  0.255075E+07  0.255382E+07  0.000000E+00  0.197988E+08
  0.701214E-03  0.197951E+08  0.197950E+08  0.235668E+07  0.236016E+07  0.000000E+00  0.197950E+08
  0.715379E-03  0.197912E+08  0.197911E+08  0.217908E+07  0.218292E+07  0.000000E+00  0.197912E+08
  0.729831E-03  0.197872E+08  0.197872E+08  0.201786E+07  0.202198E+07  0.000000E+00  0.197872E+08
  0.744575E-03  0.197831E+08  0.197830E+08  0.187276E+07  0.187710E+07  0.000000E+00  0.197831E+08
  0.759616E-03  0.197789E+08  0.197788E+08  0.174340E+07  0.174787E+07  0.000000E+00  0.197789E+08
  0.774961E-03  0.197745E+08  0.197744E+08  0.162921E+07  0.163374E+07  0.000000E+00  0.197745E+08
  0.790616E-03  0.197700E+08  0.197699E+08  0.152950E+07  0.153400E+07  0.000000E+00  0.197700E+08
  0.806588E-03  0.197653E+08  0.197652E+08  0.144339E+07  0.144777E+07  0.000000E+00  0.197653E+08
  0.822882E-03  0.197605E+08  0.197604E+08  0.136988E+07  0.137406E+07  0.000000E+00  0.197605E+08
  0.839505E-03  0.197555E+08  0.197555E+08  0.130782E+07  0.131170E+07  0.000000E+00  0.197555E+08
  0.856464E-03  0.197504E+08  0.197503E+08  0.125594E+07  0.125946E+07  0.000000E+00  0.197504E+08
  0.873766E-03  0.197451E+08  0.197451E+08  0.121288E+07  0.121595E+07  0.000000E+00  0.197451E+08
  0.891417E-03  0.197397E+08  0.197396E+08  0.117719E+07  0.117975E+07  0.000000E+00  0.197397E+08
  0.909425E-03  0.197341E+08  0.197340E+08  0.114737E+07  0.114937E+07  0.000000E+00  0.197341E+08
  0.927797E-03  0.197283E+08  0.197282E+08  0.112190E+07  0.112329E+07  0.000000E+00  0.197283E+08
  0.946540E-03  0.197224E+08  0.197222E+08  0.109926E+07  0.110002E+07  0.000000E+00  0.197223E+08
  0.965661E-03  0.197162E+08  0.197161E+08  0.107800E+07  0.107811E+07  0.000000E+00  0.197162E+08
  0.985169E-03  0.197099E+08  0.197098E+08  0.105672E+07  0.105620E+07  0.000000E+00  0.197099E+08
  0.100507E-02  0.197034E+08  0.197033E+08  0.103418E+07  0.103306E+07  0.000000E+00  0.197034E+08
  0.102537E-02  0.196967E+08  0.196965E+08  0.100927E+07  0.100760E+07  0.000000E+00  0.196966E+08
  0.104609E-02  0.196898E+08  0.196896E+08  0.981091E+06  0.978934E+06  0.000000E+00  0.196897E+08
  0.106722E-02  0.196826E+08  0.196825E+08  0.948962E+06  0.946408E+06  0.000000E+00  0.196826E+08
  0.108878E-02  0.196753E+08  0.196752E+08  0.912455E+06  0.909606E+06  0.000000E+00  0.196753E+08
  0.111077E-02  0.196678E+08  0.196676E+08  0.871408E+06  0.868383E+06  0.000000E+00  0.196677E+08
  0.113321E-02  0.196600E+08  0.196599E+08  0.825940E+06  0.822863E+06  0.000000E+00  0.196600E+08
  0.115611E-02  0.196520E+08  0.196519E+08  0.776441E+06  0.773444E+06  0.000000E+00  0.196520E+08
  0.117946E-02  0.196438E+08  0.196436E+08  0.723565E+06  0.720780E+06  0.000000E+00  0.196438E+08
  0.120329E-02  0.196353E+08  0.196352E+08  0.668203E+06  0.665752E+06  0.000000E+00  0.196353E+08
  0.122760E-02  0.196266E+08  0.196265E+08  0.611438E+06  0.609433E+06  0.000000E+00  0.196266E+08
  0.125240E-02  0.196177E+08  0.196175E+08  0.554507E+06  0.553038E+06  0.000000E+00  0.196177E+08
  0.127770E-02  0.196085E+08  0.196083E+08  0.498723E+06  0.497856E+06  0.000000E+00  0.196084E+08
  0.130351E-02  0.195990E+08  0.195988E+08  0.445415E+06  0.445185E+06  0.000000E+00  0.195990E+08
  0.132984E-02  0.195893E+08  0.195891E+08  0.395849E+06  0.396255E+06  0.000000E+00  0.195892E+08
  0.135670E-02  0.195793E+08  0.195790E+08  0.351148E+06  0.352153E+06  0.000000E+00  0.195792E+08
  0.138411E-02  0.195690E+08  0.195687E+08  0.312221E+06  0.313750E+06  0.000000E+00  0.195689E+08
  0.141207E-02  0.195584E+08  0.195582E+08  0.279693E+06  0.281637E+06  0.000000E+00  0.195583E+08
  0.144060E-02  0.195475E+08  0.195473E+08  0.253853E+06  0.256073E+06  0.000000E+00  0.195475E+08
  0.146970E-02  0.195363E+08  0.195361E+08  0.234624E+06  0.236958E+06  0.000000E+00  0.195363E+08
  0.149939E-02  0.195248E+08  0.195246E+08  0.221550E+06  0.223827E+06  0.000000E+00  0.195248E+08
  0.152968E-02  0.195130E+08  0.195128E+08  0.213817E+06  0.215866E+06  0.000000E+00  0.195130E+08
  0.156058E-02  0.195009E+08  0.195006E+08  0.210301E+06  0.211964E+06  0.000000E+00  0.195009E+08
  0.159211E-02  0.194884E+08  0.194881E+08  0.209642E+06  0.210791E+06  0.000000E+00  0.194884E+08
  0.162427E-02  0.194756E+08  0.194753E+08  0.210349E+06  0.210896E+06  0.000000E+00  0.194756E+08
  0.165708E-02  0.194625E+08  0.194622E+08  0.210917E+06  0.210827E+06  0.000000E+00  0.194624E+08
  0.169056E-02  0.194490E+08  0.194487E+08  0.209961E+06  0.209255E+06  0.000000E+00  0.194489E+08
  0.172471E-02  0.194351E+08  0.194348E+08  0.206343E+06  0.205102E+06  0.000000E+00  0.194351E+08
  0.175955E-02  0.194209E+08  0.194206E+08  0.199283E+06  0.197644E+06  0.000000E+00  0.194209E+08
  0.179509E-02  0.194063E+08  0.194059E+08  0.188448E+06  0.186591E+06  0.000000E+00  0.194062E+08
  0.183136E-02  0.193913E+08  0.193909E+08  0.173991E+06  0.172124E+06  0.000000E+00  0.193912E+08
  0.186835E-02  0.193759E+08  0.193755E+08  0.156546E+06  0.154881E+06  0.000000E+00  0.193759E+08
  0.190610E-02  0.193601E+08  0.193597E+08  0.137159E+06  0.135888E+06  0.000000E+00  0.193601E+08
  0.194460E-02  0.193439E+08  0.193435E+08  0.117173E+06  0.116442E+06  0.000000E+00  0.193438E+08
  0.198389E-02  0.193273E+08  0.193268E+08  0.980611E+05  0.979510E+05  0.000000E+00  0.193272E+08
  0.202396E-02  0.193102E+08  0.193098E+08  0.812348E+05  0.817431E+05  0.000000E+00  0.193102E+08
  0.206485E-02  0.192927E+08  0.192923E+08  0.678472E+05  0.688843E+05  0.000000E+00  0.192927E+08
  0.210656E-02  0.192748E+08  0.192743E+08  0.586170E+05  0.600128E+05  0.000000E+00  0.192747E+08
  0.214912E-02  0.192564E+08  0.192559E+08  0.537084E+05  0.552323E+05  0.000000E+00  0.192563E+08
  0.219253E-02  0.192375E+08  0.192370E+08  0.526868E+05  0.540785E+05  0.000000E+00  0.192375E+08
  0.223683E-02  0.192182E+08  0.192176E+08  0.545684E+05  0.555771E+05  0.000000E+00  0.192181E+08
  0.228201E-02  0.191984E+08  0.191978E+08  0.579649E+05  0.583897E+05  0.000000E+00  0.191983E+08
  0.232811E-02  0.191781E+08  0.191774E+08  0.613099E+05  0.610352E+05  0.000000E+00  0.191780E+08
  0.237514E-02  0.191572E+08  0.191566E+08  0.631328E+05  0.621505E+05  0.000000E+00  0.191571E+08
  0.242312E-02  0.191359E+08  0.191352E+08  0.623341E+05  0.607464E+05  0.000000E+00  0.191358E+08
  0.247207E-02  0.191140E+08  0.191133E+08  0.584073E+05  0.564066E+05  0.000000E+00  0.191139E+08
  0.252201E-02  0.190916E+08  0.190909E+08  0.515553E+05  0.493823E+05  0.000000E+00  0.190915E+08
  0.257296E-02  0.190687E+08  0.190679E+08  0.426638E+05  0.405505E+05  0.000000E+00  0.190686E+08
  0.262494E-02  0.190452E+08  0.190444E+08  0.331220E+05  0.312302E+05  0.000000E+00  0.190451E+08
  0.267797E-02  0.190211E+08  0.190203E+08  0.245145E+05  0.228854E+05  0.000000E+00  0.190210E+08
  0.273206E-02  0.189965E+08  0.189956E+08  0.182446E+05  0.167740E+05  0.000000E+00  0.189963E+08
  0.278726E-02  0.189712E+08  0.189704E+08  0.151757E+05  0.136259E+05  0.000000E+00  0.189711E+08
  0.284356E-02  0.189454E+08  0.189445E+08  0.153863E+05  0.134386E+05  0.000000E+00  0.189453E+08
  0.290101E-02  0.189190E+08  0.189180E+08  0.181182E+05  0.154581E+05  0.000000E+00  0.189188E+08
  0.295961E-02  0.188919E+08  0.188910E+08  0.219543E+05  0.183709E+05  0.000000E+00  0.188918E+08
  0.301940E-02  0.188643E+08  0.188632E+08  0.251995E+05  0.206716E+05  0.000000E+00  0.188641E+08
  0.308039E-02  0.188359E+08  0.188349E+08  0.263719E+05  0.211136E+05  0.000000E+00  0.188358E+08
  0.314262E-02  0.188070E+08  0.188059E+08  0.246620E+05  0.191050E+05  0.000000E+00  0.188068E+08
  0.320611E-02  0.187773E+08  0.187762E+08  0.202052E+05  0.149149E+05  0.000000E+00  0.187772E+08
  0.327087E-02  0.187470E+08  0.187458E+08  0.140560E+05  0.959652E+04  0.000000E+00  0.187468E+08
  0.333695E-02  0.187160E+08  0.187148E+08  0.784108E+04  0.462722E+04  0.000000E+00  0.187158E+08
  0.340436E-02  0.186843E+08  0.186831E+08  0.318479E+04  0.136897E+04  0.000000E+00  0.186841E+08
  0.347314E-02  0.186519E+08  0.186506E+08  0.110367E+04  0.539409E+03  0.000000E+00  0.186517E+08
  0.354330E-02  0.186188E+08  0.186174E+08  0.160830E+04  0.190952E+04  0.000000E+00  0.186186E+08
  0.361488E-02  0.185850E+08  0.185835E+08  0.369725E+04  0.437640E+04  0.000000E+00  0.185848E+08
  0.368790E-02  0.185504E+08  0.185489E+08  0.578487E+04  0.641876E+04  0.000000E+00  0.185502E+08
  0.376240E-02  0.185150E+08  0.185135E+08  0.641307E+04  0.676827E+04  0.000000E+00  0.185148E+08
  0.383841E-02  0.184789E+08  0.184773E+08  0.494044E+04  0.500346E+04  0.000000E+00  0.184787E+08
  0.391595E-02  0.184421E+08  0.184404E+08  0.186824E+04  0.176822E+04  0.000000E+00  0.184418E+08
  0.399506E-02  0.184044E+08  0.184026E+08 -0.140150E+04 -0.153376E+04  0.000000E+00  0.184041E+08
  0.407576E-02  0.183659E+08  0.183641E+08 -0.330770E+04 -0.346077E+04  0.000000E+00  0.183656E+08
  0.415810E-02  0.183266E+08  0.183247E+08 -0.301483E+04 -0.331785E+04  0.000000E+00  0.183263E+08
  0.424210E-02  0.182865E+08  0.182846E+08 -0.945224E+03 -0.156517E+04  0.000000E+00  0.182862E+08
  0.432779E-02  0.182456E+08  0.182435E+08  0.140335E+04  0.428292E+03  0.000000E+00  0.182453E+08
  0.441522E-02  0.182038E+08  0.182017E+08  0.232977E+04  0.119974E+04  0.000000E+00  0.182035E+08
  0.450441E-02  0.181611E+08  0.181589E+08  0.101534E+04  0.113436E+03  0.000000E+00  0.181608E+08
  0.459541E-02  0.181176E+08  0.181153E+08 -0.187473E+04 -0.220998E+04  0.000000E+00  0.181173E+08
  0.468824E-02  0.180732E+08  0.180708E+08 -0.455362E+04 -0.429793E+04  0.000000E+00  0.180728E+08
  0.478295E-02  0.180279E+08  0.180254E+08 -0.530641E+04 -0.485675E+04  0.000000E+00  0.180275E+08
  0.487957E-02  0.179817E+08  0.179792E+08 -0.374236E+04 -0.372803E+04  0.000000E+00  0.179813E+08
  0.497815E-02  0.179346E+08  0.179319E+08 -0.115910E+04 -0.203092E+04  0.000000E+00  0.179342E+08
  0.507871E-02  0.178865E+08  0.178838E+08  0.380878E+03 -0.130054E+04  0.000000E+00  0.178861E+08
  0.518131E-02  0.178375E+08  0.178347E+08 -0.330516E+03 -0.223875E+04  0.000000E+00  0.178371E+08
  0.528598E-02  0.177876E+08  0.177846E+08 -0.260972E+04 -0.410938E+04  0.000000E+00  0.177871E+08
  0.539276E-02  0.177367E+08  0.177336E+08 -0.439728E+04 -0.537227E+04  0.000000E+00  0.177362E+08
  0.550170E-02  0.176848E+08  0.176816E+08 -0.404151E+04 -0.508404E+04  0.000000E+00  0.176843E+08
  0.561285E-02  0.176319E+08  0.176286E+08 -0.183484E+04 -0.379707E+04  0.000000E+00  0.176314E+08
  0.572623E-02  0.175780E+08  0.175746E+08  0.196808E+03 -0.302177E+04  0.000000E+00  0.175775E+08
  0.584191E-02  0.175232E+08  0.175196E+08  0.216825E+03 -0.367659E+04  0.000000E+00  0.175226E+08
  0.595992E-02  0.174672E+08  0.174635E+08 -0.159675E+04 -0.508539E+04  0.000000E+00  0.174667E+08
  0.608032E-02  0.174103E+08  0.174064E+08 -0.326497E+04 -0.567721E+04  0.000000E+00  0.174097E+08
  0.620315E-02  0.173523E+08  0.173483E+08 -0.318472E+04 -0.474315E+04  0.000000E+00  0.173517E+08
  0.632846E-02  0.172932E+08  0.172890E+08 -0.192566E+04 -0.327555E+04  0.000000E+00  0.172926E+08
  0.645631E-02  0.172331E+08  0.172288E+08 -0.148131E+04 -0.279752E+04  0.000000E+00  0.172324E+08
  0.658673E-02  0.171719E+08  0.171674E+08 -0.271178E+04 -0.350290E+04  0.000000E+00  0.171712E+08
  0.671979E-02  0.171096E+08  0.171049E+08 -0.413605E+04 -0.407487E+04  0.000000E+00  0.171089E+08
  0.685554E-02  0.170462E+08  0.170413E+08 -0.381840E+04 -0.353115E+04  0.000000E+00  0.170454E+08
  0.699403E-02  0.169816E+08  0.169766E+08 -0.203810E+04 -0.262915E+04  0.000000E+00  0.169808E+08
  0.713532E-02  0.169160E+08  0.169107E+08 -0.102743E+04 -0.274034E+04  0.000000E+00  0.169152E+08
  0.727947E-02  0.168492E+08  0.168437E+08 -0.190184E+04 -0.370964E+04  0.000000E+00  0.168483E+08
  0.742652E-02  0.167812E+08  0.167756E+08 -0.312328E+04 -0.399365E+04  0.000000E+00  0.167803E+08
  0.757655E-02  0.167121E+08  0.167062E+08 -0.288570E+04 -0.307534E+04  0.000000E+00  0.167112E+08
  0.772960E-02  0.166418E+08  0.166357E+08 -0.180836E+04 -0.234595E+04  0.000000E+00  0.166408E+08
  0.788575E-02  0.165703E+08  0.165640E+08 -0.162759E+04 -0.282054E+04  0.000000E+00  0.165693E+08
  0.804505E-02  0.164976E+08  0.164911E+08 -0.215027E+04 -0.343967E+04  0.000000E+00  0.164966E+08
  0.820757E-02  0.164237E+08  0.164169E+08 -0.185551E+04 -0.301224E+04  0.000000E+00  0.164227E+08
  0.837338E-02  0.163486E+08  0.163416E+08 -0.985549E+03 -0.236582E+04  0.000000E+00  0.163475E+08
  0.854253E-02  0.162722E+08  0.162650E+08 -0.108852E+04 -0.264145E+04  0.000000E+00  0.162711E+08
  0.871510E-02  0.161946E+08  0.161871E+08 -0.177887E+04 -0.302523E+04  0.000000E+00  0.161935E+08
  0.889116E-02  0.161158E+08  0.161080E+08 -0.148510E+04 -0.253664E+04  0.000000E+00  0.161146E+08
  0.907078E-02  0.160357E+08  0.160276E+08 -0.954463E+03 -0.215651E+04  0.000000E+00  0.160344E+08
  0.925402E-02  0.159543E+08  0.159459E+08 -0.176732E+04 -0.260295E+04  0.000000E+00  0.159530E+08
  0.944096E-02  0.158716E+08  0.158629E+08 -0.257086E+04 -0.265726E+04  0.000000E+00  0.158702E+08
  0.963168E-02  0.157876E+08  0.157786E+08 -0.171315E+04 -0.203444E+04  0.000000E+00  0.157862E+08
  0.982625E-02  0.157023E+08  0.156929E+08 -0.928047E+03 -0.209736E+04  0.000000E+00  0.157008E+08
  0.100248E-01  0.156156E+08  0.156060E+08 -0.145719E+04 -0.249347E+04  0.000000E+00  0.156141E+08
  0.102273E-01  0.155277E+08  0.155176E+08 -0.151879E+04 -0.203677E+04  0.000000E+00  0.155261E+08
  0.104339E-01  0.154384E+08  0.154280E+08 -0.101015E+04 -0.176043E+04  0.000000E+00  0.154367E+08
  0.106447E-01  0.153477E+08  0.153369E+08 -0.135320E+04 -0.214112E+04  0.000000E+00  0.153460E+08
  0.108597E-01  0.152557E+08  0.152445E+08 -0.130106E+04 -0.184013E+04  0.000000E+00  0.152539E+08
  0.110791E-01  0.151622E+08  0.151507E+08 -0.461806E+03 -0.144862E+04  0.000000E+00  0.151605E+08
  0.113029E-01  0.150674E+08  0.150555E+08 -0.688712E+03 -0.173186E+04  0.000000E+00  0.150656E+08
  0.115312E-01  0.149712E+08  0.149589E+08 -0.108587E+04 -0.149924E+04  0.000000E+00  0.149693E+08
  0.117642E-01  0.148736E+08  0.148609E+08 -0.796635E+03 -0.131605E+04  0.000000E+00  0.148717E+08
  0.120018E-01  0.147746E+08  0.147614E+08 -0.109826E+04 -0.171501E+04  0.000000E+00  0.147726E+08
  0.122443E-01  0.146742E+08  0.146605E+08 -0.121360E+04 -0.154737E+04  0.000000E+00  0.146721E+08
  0.124916E-01  0.145723E+08  0.145582E+08 -0.993798E+03 -0.155466E+04  0.000000E+00  0.145701E+08
  0.127440E-01  0.144690E+08  0.144544E+08 -0.911669E+03 -0.162239E+04  0.000000E+00  0.144667E+08
  0.130014E-01  0.143642E+08  0.143491E+08 -0.458810E+03 -0.121984E+04  0.000000E+00  0.143619E+08
  0.132641E-01  0.142580E+08  0.142423E+08 -0.892574E+03 -0.140467E+04  0.000000E+00  0.142556E+08
  0.135320E-01  0.141503E+08  0.141341E+08 -0.863365E+03 -0.132479E+04  0.000000E+00  0.141478E+08
  0.138054E-01  0.140411E+08  0.140244E+08 -0.216443E+03 -0.127072E+04  0.000000E+00  0.140385E+08
  0.140843E-01  0.139305E+08  0.139132E+08 -0.613218E+03 -0.129298E+04  0.000000E+00  0.139278E+08
  0.143688E-01  0.138184E+08  0.138006E+08 -0.430770E+03 -0.105041E+04  0.000000E+00  0.138156E+08
  0.146590E-01  0.137048E+08  0.136864E+08 -0.815842E+03 -0.126641E+04  0.000000E+00  0.137019E+08
  0.149552E-01  0.135897E+08  0.135707E+08 -0.726818E+03 -0.101866E+04  0.000000E+00  0.135867E+08
  0.152573E-01  0.134731E+08  0.134535E+08 -0.596433E+03 -0.110735E+04  0.000000E+00  0.134701E+08
  0.155655E-01  0.133550E+08  0.133348E+08 -0.595640E+03 -0.979373E+03  0.000000E+00  0.133519E+08
  0.158800E-01  0.132354E+08  0.132146E+08 -0.269223E+03 -0.104912E+04  0.000000E+00  0.132322E+08
  0.162008E-01  0.131144E+08  0.130929E+08 -0.582397E+03 -0.939655E+03  0.000000E+00  0.131111E+08
  0.165280E-01  0.129919E+08  0.129697E+08 -0.312763E+03 -0.102373E+04  0.000000E+00  0.129884E+08
  0.168619E-01  0.128678E+08  0.128450E+08 -0.239261E+03 -0.949790E+03  0.000000E+00  0.128643E+08
  0.172026E-01  0.127424E+08  0.127188E+08 -0.399360E+03 -0.955710E+03  0.000000E+00  0.127387E+08
  0.175501E-01  0.126153E+08  0.125911E+08 -0.471864E+03 -0.800172E+03  0.000000E+00  0.126116E+08
  0.179046E-01  0.124869E+08  0.124620E+08 -0.336055E+03 -0.768528E+03  0.000000E+00  0.124831E+08
  0.182663E-01  0.123571E+08  0.123314E+08 -0.437493E+03 -0.661789E+03  0.000000E+00  0.123531E+08
  0.186353E-01  0.122258E+08  0.121994E+08 -0.300548E+03 -0.782204E+03  0.000000E+00  0.122217E+08
  0.190118E-01  0.120931E+08  0.120660E+08 -0.466195E+03 -0.646516E+03  0.000000E+00  0.120889E+08
  0.193958E-01  0.119590E+08  0.119312E+08 -0.588511E+03 -0.648698E+03  0.000000E+00  0.119547E+08
  0.197876E-01  0.118236E+08  0.117950E+08 -0.323218E+03 -0.614955E+03  0.000000E+00  0.118192E+08
  0.201874E-01  0.116868E+08  0.116575E+08 -0.394725E+03 -0.577864E+03  0.000000E+00  0.116823E+08
  0.205952E-01  0.115488E+08  0.115186E+08 -0.340707E+03 -0.583610E+03  0.000000E+00  0.115441E+08
  0.210112E-01  0.114094E+08  0.113785E+08 -0.354556E+03 -0.502810E+03  0.000000E+00  0.114046E+08
  0.214357E-01  0.112689E+08  0.112372E+08 -0.206548E+03 -0.498027E+03  0.000000E+00  0.112640E+08
  0.218687E-01  0.111271E+08  0.110946E+08 -0.246040E+03 -0.464424E+03  0.000000E+00  0.111221E+08
  0.223105E-01  0.109842E+08  0.109509E+08 -0.198555E+03 -0.380840E+03  0.000000E+00  0.109790E+08
  0.227612E-01  0.108402E+08  0.108061E+08 -0.293114E+03 -0.392878E+03  0.000000E+00  0.108349E+08
  0.232210E-01  0.106951E+08  0.106603E+08 -0.259839E+03 -0.453029E+03  0.000000E+00  0.106897E+08
  0.236901E-01  0.105491E+08  0.105135E+08 -0.311344E+03 -0.401205E+03  0.000000E+00  0.105436E+08
  0.241687E-01  0.104022E+08  0.103659E+08 -0.352753E+03 -0.352745E+03  0.000000E+00  0.103966E+08
  0.246569E-01  0.102544E+08  0.102174E+08 -0.191030E+03 -0.370115E+03  0.000000E+00  0.102487E+08
  0.251550E-01  0.101059E+08  0.100681E+08 -0.258458E+03 -0.371527E+03  0.000000E+00  0.101001E+08
  0.256632E-01  0.995672E+07  0.991818E+07 -0.228018E+03 -0.302061E+03  0.000000E+00  0.995076E+07
  0.261816E-01  0.980694E+07  0.976770E+07 -0.191114E+03 -0.299482E+03  0.000000E+00  0.980087E+07
  0.267105E-01  0.965666E+07  0.961674E+07 -0.200908E+03 -0.309822E+03  0.000000E+00  0.965049E+07
  0.272501E-01  0.950600E+07  0.946541E+07 -0.968996E+02 -0.323233E+03  0.000000E+00  0.949972E+07
  0.278006E-01  0.935503E+07  0.931381E+07 -0.223725E+03 -0.308808E+03  0.000000E+00  0.934865E+07
  0.283622E-01  0.920390E+07  0.916208E+07 -0.196066E+03 -0.271175E+03  0.000000E+00  0.919743E+07
  0.289352E-01  0.905272E+07  0.901034E+07 -0.172217E+03 -0.211484E+03  0.000000E+00  0.904617E+07
  0.295197E-01  0.890162E+07  0.885870E+07 -0.214247E+03 -0.215791E+03  0.000000E+00  0.889498E+07
  0.301160E-01  0.875072E+07  0.870731E+07 -0.149189E+03 -0.214089E+03  0.000000E+00  0.874400E+07
  0.307244E-01  0.860016E+07  0.855630E+07 -0.161403E+03 -0.192917E+03  0.000000E+00  0.859338E+07
  0.313451E-01  0.845009E+07  0.840583E+07 -0.140293E+03 -0.203687E+03  0.000000E+00  0.844324E+07
  0.319783E-01  0.830065E+07  0.825604E+07 -0.104101E+03 -0.173994E+03  0.000000E+00  0.829375E+07
  0.326243E-01  0.815200E+07  0.810709E+07 -0.159122E+03 -0.165951E+03  0.000000E+00  0.814505E+07
  0.332834E-01  0.800429E+07  0.795915E+07 -0.110653E+03 -0.141258E+03  0.000000E+00  0.799730E+07
  0.339557E-01  0.785769E+07  0.781237E+07 -0.112872E+03 -0.154084E+03  0.000000E+00  0.785068E+07
  0.346417E-01  0.771235E+07  0.766692E+07 -0.931041E+02 -0.156760E+03  0.000000E+00  0.770532E+07
  0.353415E-01  0.756844E+07  0.752298E+07 -0.116631E+03 -0.125219E+03  0.000000E+00  0.756141E+07
  0.360554E-01  0.742613E+07  0.738070E+07 -0.919071E+02 -0.129405E+03  0.000000E+00  0.741910E+07
  0.367838E-01  0.728559E+07  0.724027E+07 -0.924268E+02 -0.114734E+03  0.000000E+00  0.727858E+07
  0.375269E-01  0.714696E+07  0.710183E+07 -0.859371E+02 -0.117040E+03  0.000000E+00  0.713998E+07
  0.382850E-01  0.701043E+07  0.696557E+07 -0.991274E+02 -0.117124E+03  0.000000E+00  0.700349E+07
  0.390584E-01  0.687614E+07  0.683163E+07 -0.781342E+02 -0.122902E+03  0.000000E+00  0.686925E+07
  0.398474E-01  0.674424E+07  0.670017E+07 -0.795733E+02 -0.983699E+02  0.000000E+00  0.673742E+07
  0.406524E-01  0.661488E+07  0.657133E+07 -0.683942E+02 -0.914725E+02  0.000000E+00  0.660814E+07
  0.414736E-01  0.648820E+07  0.644525E+07 -0.699728E+02 -0.820751E+02  0.000000E+00  0.648155E+07
  0.423114E-01  0.636430E+07  0.632205E+07 -0.606117E+02 -0.864177E+02  0.000000E+00  0.635776E+07
  0.431662E-01  0.624331E+07  0.620184E+07 -0.484169E+02 -0.741051E+02  0.000000E+00  0.623689E+07
  0.440382E-01  0.612531E+07  0.608471E+07 -0.514486E+02 -0.609596E+02  0.000000E+00  0.611903E+07
  0.449278E-01  0.601039E+07  0.597073E+07 -0.596498E+02 -0.680557E+02  0.000000E+00  0.600425E+07
  0.458354E-01  0.589859E+07  0.585996E+07 -0.445490E+02 -0.675035E+02  0.000000E+00  0.589261E+07
  0.467614E-01  0.578996E+07  0.575243E+07 -0.565482E+02 -0.542678E+02  0.000000E+00  0.578415E+07
  0.477060E-01  0.568450E+07  0.564814E+07 -0.482832E+02 -0.626524E+02  0.000000E+00  0.567888E+07
  0.486697E-01  0.558221E+07  0.554709E+07 -0.474466E+02 -0.589764E+02  0.000000E+00  0.557678E+07
  0.496529E-01  0.548304E+07  0.544921E+07 -0.502250E+02 -0.617102E+02  0.000000E+00  0.547781E+07
  0.506560E-01  0.538694E+07  0.535445E+07 -0.359854E+02 -0.438458E+02  0.000000E+00  0.538191E+07
  0.516793E-01  0.529379E+07  0.526268E+07 -0.402587E+02 -0.526290E+02  0.000000E+00  0.528897E+07
  0.527233E-01  0.520356E+07  0.517386E+07 -0.317574E+02 -0.400365E+02  0.000000E+00  0.519896E+07
  0.537884E-01  0.511592E+07  0.508766E+07 -0.354156E+02 -0.426288E+02  0.000000E+00  0.511155E+07
  0.548750E-01  0.503078E+07  0.500397E+07 -0.359727E+02 -0.352911E+02  0.000000E+00  0.502664E+07
  0.559835E-01  0.494793E+07  0.492255E+07 -0.320062E+02 -0.351830E+02  0.000000E+00  0.494400E+07
  0.571145E-01  0.486712E+07  0.484316E+07 -0.289412E+02 -0.333795E+02  0.000000E+00  0.486341E+07
  0.582683E-01  0.478809E+07  0.476553E+07 -0.249252E+02 -0.362459E+02  0.000000E+00  0.478460E+07
  0.594454E-01  0.471055E+07  0.468934E+07 -0.276926E+02 -0.317406E+02  0.000000E+00  0.470727E+07
  0.606462E-01  0.463420E+07  0.461430E+07 -0.247062E+02 -0.294025E+02  0.000000E+00  0.463112E+07
  0.618714E-01  0.455873E+07  0.454005E+07 -0.172383E+02 -0.238680E+02  0.000000E+00  0.455584E+07
  0.631212E-01  0.448382E+07  0.446628E+07 -0.202714E+02 -0.273301E+02  0.000000E+00  0.448111E+07
  0.643964E-01  0.440913E+07  0.439265E+07 -0.175528E+02 -0.245784E+02  0.000000E+00  0.440658E+07
  0.656973E-01  0.433435E+07  0.431881E+07 -0.165064E+02 -0.189751E+02  0.000000E+00  0.433195E+07
  0.670245E-01  0.425918E+07  0.424447E+07 -0.140442E+02 -0.226619E+02  0.000000E+00  0.425690E+07
  0.683784E-01  0.418332E+07  0.416932E+07 -0.160275E+02 -0.184559E+02  0.000000E+00  0.418116E+07
  0.697598E-01  0.410653E+07  0.409310E+07 -0.164106E+02 -0.199140E+02  0.000000E+00  0.410445E+07
  0.711690E-01  0.402859E+07  0.401560E+07 -0.160388E+02 -0.207545E+02  0.000000E+00  0.402658E+07
  0.726067E-01  0.394932E+07  0.393665E+07 -0.123933E+02 -0.171502E+02  0.000000E+00  0.394736E+07
  0.740734E-01  0.386863E+07  0.385613E+07 -0.136907E+02 -0.186314E+02  0.000000E+00  0.386669E+07
  0.755699E-01  0.378641E+07  0.377395E+07 -0.116805E+02 -0.159487E+02  0.000000E+00  0.378448E+07
  0.770964E-01  0.370292E+07  0.369039E+07 -0.344287E+01 -0.132137E+02  0.000000E+00  0.370098E+07
  0.786539E-01  0.361804E+07  0.360532E+07  0.122176E+01 -0.141093E+02  0.000000E+00  0.361607E+07
  0.802428E-01  0.353195E+07  0.351894E+07  0.347058E+00 -0.155508E+02  0.000000E+00  0.352993E+07
  0.818639E-01  0.344486E+07  0.343150E+07  0.103496E+02 -0.141772E+02  0.000000E+00  0.344279E+07
  0.835176E-01  0.335711E+07  0.334332E+07  0.110056E+01 -0.109480E+02  0.000000E+00  0.335498E+07
  0.852048E-01  0.326906E+07  0.325482E+07 -0.308091E+01 -0.110710E+02  0.000000E+00  0.326686E+07
  0.869261E-01  0.318117E+07  0.316645E+07  0.229800E+01 -0.844599E+01  0.000000E+00  0.317889E+07
  0.886820E-01  0.309394E+07  0.307876E+07  0.228380E+01 -0.107627E+02  0.000000E+00  0.309159E+07
  0.904736E-01  0.300788E+07  0.299228E+07  0.792749E+00 -0.837769E+01  0.000000E+00  0.300547E+07
  0.923012E-01  0.292358E+07  0.290760E+07 -0.106356E+01 -0.763856E+01  0.000000E+00  0.292110E+07
  0.941659E-01  0.284155E+07  0.282530E+07 -0.368351E+01 -0.678664E+01  0.000000E+00  0.283904E+07
  0.960681E-01  0.276236E+07  0.274594E+07 -0.236737E+01 -0.728202E+01  0.000000E+00  0.275982E+07
  0.980089E-01  0.268647E+07  0.266999E+07  0.114738E+00 -0.632947E+01  0.000000E+00  0.268392E+07
  0.999887E-01  0.261431E+07  0.259792E+07 -0.118946E+01 -0.656942E+01  0.000000E+00  0.261177E+07
  0.102009E+00  0.254619E+07  0.253002E+07 -0.194245E+00 -0.658833E+01  0.000000E+00  0.254369E+07
  0.104069E+00  0.248231E+07  0.246652E+07  0.596873E+00 -0.656558E+01  0.000000E+00  0.247987E+07
  0.106172E+00  0.242276E+07  0.240748E+07  0.109488E+00 -0.494574E+01  0.000000E+00  0.242039E+07
  0.108316E+00  0.236745E+07  0.235281E+07 -0.559989E-02 -0.405084E+01  0.000000E+00  0.236518E+07
  0.110505E+00  0.231615E+07  0.230227E+07 -0.414599E+00 -0.578684E+01  0.000000E+00  0.231401E+07
  0.112737E+00  0.226851E+07  0.225547E+07 -0.146010E+01 -0.456344E+01  0.000000E+00  0.226649E+07
  0.115014E+00  0.222398E+07  0.221184E+07 -0.164358E+00 -0.479664E+01  0.000000E+00  0.222210E+07
  0.117338E+00  0.218194E+07  0.217073E+07 -0.158762E+01 -0.333431E+01  0.000000E+00  0.218021E+07
  0.119708E+00  0.214166E+07  0.213136E+07 -0.321264E+00 -0.338718E+01  0.000000E+00  0.214006E+07
  0.122126E+00  0.210235E+07  0.209292E+07 -0.155534E+01 -0.273564E+01  0.000000E+00  0.210089E+07
  0.124594E+00  0.206321E+07  0.205457E+07 -0.295282E+01 -0.341249E+01  0.000000E+00  0.206187E+07
  0.127111E+00  0.202350E+07  0.201553E+07  0.850139E+00 -0.254621E+01  0.000000E+00  0.202226E+07
  0.129678E+00  0.198254E+07  0.197510E+07 -0.197636E+01 -0.258644E+01  0.000000E+00  0.198139E+07
  0.132298E+00  0.193981E+07  0.193276E+07 -0.117813E+01 -0.304694E+01  0.000000E+00  0.193872E+07
  0.134971E+00  0.189497E+07  0.188816E+07 -0.105535E+01 -0.284791E+01  0.000000E+00  0.189392E+07
  0.137697E+00  0.184790E+07  0.184117E+07  0.381835E+00 -0.200833E+01  0.000000E+00  0.184686E+07
  0.140479E+00  0.179872E+07  0.179192E+07 -0.419338E+00 -0.192739E+01  0.000000E+00  0.179766E+07
  0.143317E+00  0.174777E+07  0.174079E+07  0.998672E+00 -0.231327E+01  0.000000E+00  0.174669E+07
  0.146212E+00  0.169562E+07  0.168839E+07 -0.707709E+00 -0.206157E+01  0.000000E+00  0.169451E+07
  0.149166E+00  0.164304E+07  0.163551E+07  0.469159E+00 -0.160151E+01  0.000000E+00  0.164188E+07
  0.152179E+00  0.159089E+07  0.158307E+07  0.120966E+01 -0.141196E+01  0.000000E+00  0.158968E+07
  0.155253E+00  0.154009E+07  0.153203E+07  0.242111E+00 -0.125647E+01  0.000000E+00  0.153885E+07
  0.158390E+00  0.149153E+07  0.148330E+07 -0.169845E-01 -0.124485E+01  0.000000E+00  0.149026E+07
  0.161589E+00  0.144595E+07  0.143767E+07  0.241454E+00 -0.899057E+00  0.000000E+00  0.144467E+07
  0.164854E+00  0.140390E+07  0.139571E+07  0.504269E+00 -0.118642E+01  0.000000E+00  0.140263E+07
  0.168184E+00  0.136565E+07  0.135767E+07  0.521355E-01 -0.113090E+01  0.000000E+00  0.136441E+07
  0.171581E+00  0.133115E+07  0.132352E+07 -0.963270E+00 -0.110638E+01  0.000000E+00  0.132997E+07
  0.175048E+00  0.130005E+07  0.129287E+07  0.399547E-01 -0.105665E+01  0.000000E+00  0.129894E+07
  0.178584E+00  0.127169E+07  0.126502E+07 -0.727544E+00 -0.116090E+01  0.000000E+00  0.127066E+07
  0.182191E+00  0.124521E+07  0.123907E+07 -0.127100E+01 -0.856009E+00  0.000000E+00  0.124426E+07
  0.185872E+00  0.121962E+07  0.121399E+07 -0.649138E+00 -0.939171E+00  0.000000E+00  0.121875E+07
  0.189627E+00  0.119394E+07  0.118875E+07 -0.362119E+00 -0.971690E+00  0.000000E+00  0.119313E+07
  0.193457E+00  0.116730E+07  0.116246E+07  0.224185E-01 -0.624138E+00  0.000000E+00  0.116655E+07
  0.197366E+00  0.113912E+07  0.113450E+07  0.441560E+00 -0.713776E+00  0.000000E+00  0.113840E+07
  0.201353E+00  0.110912E+07  0.110461E+07  0.158425E+00 -0.499629E+00  0.000000E+00  0.110842E+07
  0.205420E+00  0.107741E+07  0.107290E+07 -0.175695E-01 -0.475025E+00  0.000000E+00  0.107671E+07
  0.209570E+00  0.104448E+07  0.103989E+07 -0.503885E+00 -0.665172E+00  0.000000E+00  0.104377E+07
  0.213804E+00  0.101107E+07  0.100636E+07  0.765330E-01 -0.374976E+00  0.000000E+00  0.101034E+07
  0.218123E+00  0.978113E+06  0.973287E+06  0.433399E-01 -0.590611E+00  0.000000E+00  0.977366E+06
  0.222529E+00  0.946529E+06  0.941634E+06  0.953716E-01 -0.424223E+00  0.000000E+00  0.945771E+06
  0.227024E+00  0.917081E+06  0.912194E+06  0.597482E-01 -0.316939E+00  0.000000E+00  0.916325E+06
  0.231611E+00  0.890229E+06  0.885441E+06  0.178152E+00 -0.397674E+00  0.000000E+00  0.889488E+06
  0.236290E+00  0.866045E+06  0.861444E+06 -0.367795E+00 -0.304225E+00  0.000000E+00  0.865333E+06
  0.241063E+00  0.844205E+06  0.839856E+06 -0.200448E-01 -0.384725E+00  0.000000E+00  0.843532E+06
  0.245933E+00  0.824048E+06  0.819986E+06 -0.163369E+00 -0.386741E+00  0.000000E+00  0.823419E+06
  0.250901E+00  0.804729E+06  0.800948E+06 -0.389507E+00 -0.345896E+00  0.000000E+00  0.804144E+06
  0.255969E+00  0.785398E+06  0.781855E+06 -0.241325E+00 -0.305987E+00  0.000000E+00  0.784850E+06
  0.261140E+00  0.765391E+06  0.762019E+06  0.196164E-01 -0.324262E+00  0.000000E+00  0.764869E+06
  0.266416E+00  0.744372E+06  0.741096E+06 -0.112286E+00 -0.208700E+00  0.000000E+00  0.743865E+06
  0.271798E+00  0.722408E+06  0.719162E+06  0.377300E-01 -0.300091E+00  0.000000E+00  0.721906E+06
  0.277288E+00  0.699928E+06  0.696671E+06 -0.438064E-01 -0.157980E+00  0.000000E+00  0.699424E+06
  0.282890E+00  0.677600E+06  0.674323E+06 -0.384513E-01 -0.233595E+00  0.000000E+00  0.677093E+06
  0.288605E+00  0.656133E+06  0.652860E+06 -0.338211E-01 -0.180177E+00  0.000000E+00  0.655626E+06
  0.294435E+00  0.636081E+06  0.632856E+06  0.398922E-01 -0.132140E+00  0.000000E+00  0.635582E+06
  0.300383E+00  0.617683E+06  0.614557E+06  0.108624E+00 -0.138835E+00  0.000000E+00  0.617199E+06
  0.306451E+00  0.600810E+06  0.597825E+06 -0.655059E-01 -0.176403E+00  0.000000E+00  0.600348E+06
  0.312642E+00  0.585021E+06  0.582194E+06 -0.519958E-01 -0.147399E+00  0.000000E+00  0.584583E+06
  0.318957E+00  0.569721E+06  0.567044E+06 -0.190200E-01 -0.144597E+00  0.000000E+00  0.569306E+06
  0.325401E+00  0.554363E+06  0.551806E+06 -0.272028E-01 -0.128539E+00  0.000000E+00  0.553968E+06
  0.331974E+00  0.538636E+06  0.536158E+06 -0.620060E-01 -0.945272E-01  0.000000E+00  0.538252E+06
  0.338681E+00  0.522541E+06  0.520108E+06  0.205993E-01 -0.105441E+00  0.000000E+00  0.522165E+06
  0.345522E+00  0.506376E+06  0.503968E+06  0.353081E-01 -0.876087E-01  0.000000E+00  0.506003E+06
  0.352502E+00  0.490581E+06  0.488201E+06  0.107488E-01 -0.906992E-01  0.000000E+00  0.490213E+06
  0.359623E+00  0.475559E+06  0.473224E+06 -0.244954E-01 -0.875002E-01  0.000000E+00  0.475198E+06
  0.366888E+00  0.461502E+06  0.459238E+06  0.260562E-01 -0.517097E-01  0.000000E+00  0.461151E+06
  0.374300E+00  0.448334E+06  0.446159E+06 -0.570285E-02 -0.669242E-01  0.000000E+00  0.447997E+06
  0.381861E+00  0.435764E+06  0.433683E+06 -0.244527E-02 -0.612009E-01  0.000000E+00  0.435442E+06
  0.389576E+00  0.423440E+06  0.421443E+06 -0.150730E-01 -0.612337E-01  0.000000E+00  0.423131E+06
  0.397445E+00  0.411115E+06  0.409183E+06 -0.674694E-02 -0.653434E-01  0.000000E+00  0.410816E+06
  0.405474E+00  0.398750E+06  0.396864E+06 -0.155742E-01 -0.523638E-01  0.000000E+00  0.398458E+06
  0.413665E+00  0.386502E+06  0.384655E+06 -0.156218E-01 -0.671969E-01  0.000000E+00  0.386217E+06
  0.422022E+00  0.374616E+06  0.372808E+06 -0.144517E-01 -0.444693E-01  0.000000E+00  0.374336E+06
  0.430547E+00  0.363273E+06  0.361516E+06  0.714933E-02 -0.429577E-01  0.000000E+00  0.363001E+06
  0.439245E+00  0.352498E+06  0.350800E+06  0.426078E-02 -0.386555E-01  0.000000E+00  0.352235E+06
  0.448118E+00  0.342163E+06  0.340528E+06  0.198457E-02 -0.580160E-01  0.000000E+00  0.341910E+06
  0.457171E+00  0.332083E+06  0.330506E+06  0.220270E-02 -0.322451E-01  0.000000E+00  0.331839E+06
  0.466406E+00  0.322133E+06  0.320604E+06 -0.686054E-02 -0.371103E-01  0.000000E+00  0.321897E+06
  0.475829E+00  0.312311E+06  0.310822E+06 -0.349982E-02 -0.319400E-01  0.000000E+00  0.312081E+06
  0.485441E+00  0.302716E+06  0.301265E+06 -0.692712E-02 -0.236431E-01  0.000000E+00  0.302491E+06
  0.495248E+00  0.293454E+06  0.292045E+06  0.884715E-03 -0.226406E-01  0.000000E+00  0.293236E+06
  0.505252E+00  0.284564E+06  0.283200E+06 -0.578647E-02 -0.275754E-01  0.000000E+00  0.284353E+06
  0.515459E+00  0.275992E+06  0.274674E+06 -0.433912E-02 -0.277514E-01  0.000000E+00  0.275788E+06
  0.525872E+00  0.267650E+06  0.266374E+06 -0.144064E-02 -0.185794E-01  0.000000E+00  0.267452E+06
  0.536495E+00  0.259480E+06  0.258243E+06 -0.222002E-02 -0.131848E-01  0.000000E+00  0.259288E+06
  0.547333E+00  0.251494E+06  0.250292E+06 -0.165040E-02 -0.742757E-02  0.000000E+00  0.251308E+06
  0.558390E+00  0.243739E+06  0.242573E+06 -0.251051E-02 -0.154471E-01  0.000000E+00  0.243559E+06
  0.569670E+00  0.236248E+06  0.235118E+06 -0.183962E-02 -0.210938E-01  0.000000E+00  0.236073E+06
  0.581178E+00  0.229006E+06  0.227912E+06 -0.377266E-02 -0.174104E-01  0.000000E+00  0.228837E+06
  0.592919E+00  0.221974E+06  0.220914E+06 -0.234140E-02 -0.765510E-02  0.000000E+00  0.221810E+06
  0.604897E+00  0.215121E+06  0.214094E+06 -0.202960E-02 -0.181510E-01  0.000000E+00  0.214962E+06
  0.617116E+00  0.208451E+06  0.207455E+06 -0.335637E-02 -0.193640E-01  0.000000E+00  0.208297E+06
  0.629583E+00  0.201979E+06  0.201014E+06 -0.227230E-02 -0.104813E-01  0.000000E+00  0.201830E+06
  0.642302E+00  0.195713E+06  0.194778E+06 -0.220850E-02 -0.161837E-01  0.000000E+00  0.195569E+06
  0.655277E+00  0.189639E+06  0.188734E+06 -0.217081E-02 -0.848475E-02  0.000000E+00  0.189499E+06
  0.668514E+00  0.183738E+06  0.182861E+06 -0.130613E-02 -0.866317E-02  0.000000E+00  0.183602E+06
  0.682019E+00  0.178003E+06  0.177153E+06 -0.188784E-02 -0.126256E-01  0.000000E+00  0.177872E+06
  0.695797E+00  0.172438E+06  0.171614E+06 -0.135505E-02 -0.791956E-02  0.000000E+00  0.172310E+06
  0.709853E+00  0.167043E+06  0.166245E+06 -0.119549E-02 -0.949420E-02  0.000000E+00  0.166919E+06
  0.724193E+00  0.161811E+06  0.161038E+06 -0.123974E-02 -0.799356E-02  0.000000E+00  0.161691E+06
  0.738822E+00  0.156733E+06  0.155984E+06 -0.114469E-02 -0.913777E-02  0.000000E+00  0.156617E+06
  0.753748E+00  0.151804E+06  0.151079E+06 -0.106423E-02 -0.642100E-02  0.000000E+00  0.151692E+06
  0.768974E+00  0.147024E+06  0.146322E+06 -0.112472E-02 -0.784994E-02  0.000000E+00  0.146915E+06
  0.784509E+00  0.142388E+06  0.141708E+06 -0.100104E-02 -0.208178E-02  0.000000E+00  0.142283E+06
  0.800357E+00  0.137892E+06  0.137234E+06 -0.903205E-03 -0.870670E-02  0.000000E+00  0.137790E+06
  0.816525E+00  0.133530E+06  0.132893E+06 -0.801907E-03 -0.506060E-02  0.000000E+00  0.133432E+06
  0.833020E+00  0.129300E+06  0.128682E+06 -0.766417E-03 -0.442923E-02  0.000000E+00  0.129204E+06
  0.849848E+00  0.125198E+06  0.124600E+06 -0.739142E-03 -0.393098E-02  0.000000E+00  0.125105E+06
  0.867016E+00  0.121220E+06  0.120642E+06 -0.678962E-03 -0.418194E-02  0.000000E+00  0.121131E+06
  0.884531E+00  0.117363E+06  0.116803E+06 -0.645976E-03 -0.310443E-02  0.000000E+00  0.117277E+06
  0.902399E+00  0.113624E+06  0.113081E+06 -0.596833E-03  0.698928E-03  0.000000E+00  0.113540E+06
  0.920630E+00  0.109998E+06  0.109473E+06 -0.554859E-03 -0.457922E-02  0.000000E+00  0.109917E+06
  0.939227E+00  0.106485E+06  0.105976E+06 -0.509734E-03 -0.264160E-02  0.000000E+00  0.106406E+06
  0.958201E+00  0.103078E+06  0.102586E+06 -0.478673E-03 -0.435936E-02  0.000000E+00  0.103002E+06
  0.977558E+00  0.997764E+05  0.993001E+05 -0.443785E-03 -0.190202E-02  0.000000E+00  0.997027E+05
  0.997306E+00  0.965763E+05  0.961152E+05 -0.411236E-03 -0.254301E-02  0.000000E+00  0.965049E+05
  0.101745E+01  0.934748E+05  0.930286E+05 -0.383718E-03 -0.152320E-02  0.000000E+00  0.934058E+05
  0.103801E+01  0.904689E+05  0.900370E+05 -0.356426E-03 -0.208190E-02  0.000000E+00  0.904021E+05
  0.105898E+01  0.875558E+05  0.871378E+05 -0.331432E-03 -0.113967E-02  0.000000E+00  0.874911E+05
  0.108037E+01  0.847328E+05  0.843284E+05 -0.307899E-03 -0.248150E-02  0.000000E+00  0.846703E+05
  0.110219E+01  0.819972E+05  0.816059E+05 -0.286150E-03 -0.251862E-02  0.000000E+00  0.819367E+05
  0.112446E+01  0.793467E+05  0.789680E+05 -0.266396E-03 -0.615490E-03  0.000000E+00  0.792881E+05
  0.114718E+01  0.767785E+05  0.764121E+05 -0.247308E-03 -0.103797E-02  0.000000E+00  0.767218E+05
  0.117035E+01  0.742906E+05  0.739360E+05 -0.230010E-03 -0.184032E-02  0.000000E+00  0.742357E+05
  0.119399E+01  0.718803E+05  0.715372E+05 -0.213815E-03 -0.153500E-02  0.000000E+00  0.718272E+05
  0.121811E+01  0.695456E+05  0.692136E+05 -0.198832E-03 -0.913170E-03  0.000000E+00  0.694942E+05
  0.124272E+01  0.672839E+05  0.669628E+05 -0.184772E-03 -0.134107E-02  0.000000E+00  0.672342E+05
  0.126782E+01  0.650933E+05  0.647826E+05 -0.171727E-03 -0.692270E-03  0.000000E+00  0.650452E+05
  0.129344E+01  0.629714E+05  0.626709E+05 -0.159636E-03 -0.145728E-02  0.000000E+00  0.629249E+05
  0.131956E+01  0.609164E+05  0.606257E+05 -0.148360E-03 -0.661341E-03  0.000000E+00  0.608714E+05
  0.134622E+01  0.589261E+05  0.586448E+05 -0.137896E-03 -0.870819E-03  0.000000E+00  0.588826E+05
  0.137342E+01  0.569987E+05  0.567267E+05 -0.128160E-03 -0.323066E-03  0.000000E+00  0.569567E+05
  0.140116E+01  0.551324E+05  0.548693E+05 -0.119085E-03 -0.847433E-03  0.000000E+00  0.550917E+05
  0.142947E+01  0.533253E+05  0.530708E+05 -0.110682E-03 -0.602898E-03  0.000000E+00  0.532859E+05
  0.145835E+01  0.515755E+05  0.513294E+05 -0.102853E-03 -0.488320E-03  0.000000E+00  0.515374E+05
  0.148781E+01  0.498814E+05  0.496433E+05 -0.955705E-04 -0.496527E-03  0.000000E+00  0.498445E+05
  0.151786E+01  0.482410E+05  0.480108E+05 -0.888018E-04 -0.111692E-02  0.000000E+00  0.482054E+05
  0.154852E+01  0.466529E+05  0.464303E+05 -0.825117E-04 -0.241404E-03  0.000000E+00  0.466185E+05
  0.157981E+01  0.451154E+05  0.449001E+05 -0.766635E-04 -0.469374E-03  0.000000E+00  0.450821E+05
  0.161172E+01  0.436270E+05  0.434188E+05 -0.712238E-04 -0.592956E-03  0.000000E+00  0.435948E+05
  0.164428E+01  0.421861E+05  0.419848E+05 -0.661683E-04 -0.746094E-03  0.000000E+00  0.421550E+05
  0.167750E+01  0.407916E+05  0.405969E+05 -0.614760E-04 -0.343726E-03  0.000000E+00  0.407615E+05
  0.171138E+01  0.394417E+05  0.392535E+05 -0.571081E-04 -0.284747E-03  0.000000E+00  0.394126E+05
  0.174596E+01  0.381352E+05  0.379533E+05 -0.530499E-04 -0.389916E-03  0.000000E+00  0.381071E+05
  0.178123E+01  0.368708E+05  0.366949E+05 -0.492815E-04 -0.406701E-03  0.000000E+00  0.368436E+05
  0.181721E+01  0.356471E+05  0.354770E+05 -0.457776E-04 -0.317107E-03  0.000000E+00  0.356207E+05
  0.185392E+01  0.344629E+05  0.342984E+05 -0.425216E-04 -0.187605E-03  0.000000E+00  0.344374E+05
  0.189137E+01  0.333169E+05  0.331579E+05 -0.394964E-04 -0.912501E-04  0.000000E+00  0.332923E+05
  0.192958E+01  0.322081E+05  0.320544E+05 -0.366846E-04 -0.150081E-04  0.000000E+00  0.321843E+05
  0.196856E+01  0.311351E+05  0.309866E+05 -0.340710E-04 -0.312209E-03  0.000000E+00  0.311121E+05
  0.200833E+01  0.300970E+05  0.299534E+05 -0.316441E-04 -0.357612E-04  0.000000E+00  0.300748E+05
  0.204890E+01  0.290924E+05  0.289536E+05 -0.293865E-04 -0.126183E-03  0.000000E+00  0.290709E+05
  0.209029E+01  0.281205E+05  0.279864E+05 -0.272917E-04 -0.103320E-03  0.000000E+00  0.280998E+05
  0.213252E+01  0.271802E+05  0.270505E+05 -0.253446E-04 -0.133111E-03  0.000000E+00  0.271602E+05
  0.217559E+01  0.262706E+05  0.261452E+05 -0.235350E-04 -0.883940E-04  0.000000E+00  0.262512E+05
  0.221955E+01  0.253906E+05  0.252694E+05 -0.218547E-04 -0.142199E-03  0.000000E+00  0.253718E+05
  0.226438E+01  0.245393E+05  0.244222E+05 -0.202935E-04  0.197332E-05  0.000000E+00  0.245212E+05
  0.231013E+01  0.237158E+05  0.236026E+05 -0.188430E-04 -0.129761E-03  0.000000E+00  0.236983E+05
  0.235679E+01  0.229193E+05  0.228100E+05 -0.174964E-04 -0.220728E-03  0.000000E+00  0.229024E+05
  0.240440E+01  0.221489E+05  0.220433E+05 -0.162451E-04 -0.141068E-03  0.000000E+00  0.221326E+05
  0.245298E+01  0.214039E+05  0.213017E+05 -0.150830E-04 -0.110341E-03  0.000000E+00  0.213881E+05
  0.250253E+01  0.206832E+05  0.205845E+05 -0.140035E-04 -0.953373E-04  0.000000E+00  0.206680E+05
  0.255308E+01  0.199863E+05  0.198909E+05 -0.130007E-04 -0.174777E-04  0.000000E+00  0.199716E+05
  0.260466E+01  0.193123E+05  0.192201E+05 -0.120699E-04 -0.120917E-03  0.000000E+00  0.192980E+05
  0.265728E+01  0.186605E+05  0.185715E+05 -0.112050E-04 -0.864625E-04  0.000000E+00  0.186467E+05
  0.271096E+01  0.180302E+05  0.179441E+05 -0.104019E-04 -0.103920E-03  0.000000E+00  0.180168E+05
  0.276572E+01  0.174206E+05  0.173375E+05 -0.965611E-05 -0.152996E-03  0.000000E+00  0.174078E+05
  0.282159E+01  0.168312E+05  0.167509E+05 -0.896327E-05  0.387478E-04  0.000000E+00  0.168188E+05
  0.287860E+01  0.162613E+05  0.161837E+05 -0.832025E-05 -0.768475E-04  0.000000E+00  0.162493E+05
  0.293675E+01  0.157102E+05  0.156353E+05 -0.772303E-05 -0.124711E-04  0.000000E+00  0.156986E+05
  0.299607E+01  0.151774E+05  0.151050E+05 -0.716844E-05 -0.254024E-04  0.000000E+00  0.151662E+05
  0.305660E+01  0.146624E+05  0.145924E+05 -0.665357E-05 -0.735046E-04  0.000000E+00  0.146516E+05
  0.311835E+01  0.141644E+05  0.140968E+05 -0.617554E-05 -0.825952E-04  0.000000E+00  0.141539E+05
  0.318134E+01  0.136830E+05  0.136177E+05 -0.573159E-05 -0.569130E-04  0.000000E+00  0.136729E+05
  0.324561E+01  0.132176E+05  0.131545E+05 -0.531951E-05  0.131725E-04  0.000000E+00  0.132078E+05
  0.331117E+01  0.127677E+05  0.127068E+05 -0.493689E-05 -0.386488E-04  0.000000E+00  0.127583E+05
  0.337806E+01  0.123328E+05  0.122739E+05 -0.458168E-05  0.440885E-05  0.000000E+00  0.123237E+05
  0.344630E+01  0.119124E+05  0.118555E+05 -0.425194E-05  0.273616E-05  0.000000E+00  0.119036E+05
  0.351592E+01  0.115060E+05  0.114511E+05 -0.394582E-05 -0.107721E-04  0.000000E+00  0.114975E+05
  0.358695E+01  0.111132E+05  0.110602E+05 -0.366162E-05 -0.257510E-04  0.000000E+00  0.111050E+05
  0.365941E+01  0.107336E+05  0.106823E+05 -0.339782E-05  0.321972E-04  0.000000E+00  0.107257E+05
  0.373334E+01  0.103667E+05  0.103172E+05 -0.315296E-05  0.213386E-04  0.000000E+00  0.103590E+05
  0.380876E+01  0.100120E+05  0.996423E+04 -0.292564E-05 -0.163002E-04  0.000000E+00  0.100046E+05
  0.388570E+01  0.966934E+04  0.962316E+04 -0.271469E-05 -0.265761E-04  0.000000E+00  0.966220E+04
  0.396419E+01  0.933813E+04  0.929354E+04 -0.251887E-05 -0.155944E-05  0.000000E+00  0.933123E+04
  0.404427E+01  0.901806E+04  0.897500E+04 -0.233712E-05 -0.189187E-04  0.000000E+00  0.901140E+04
  0.412598E+01  0.870874E+04  0.866715E+04 -0.216843E-05 -0.497255E-07  0.000000E+00  0.870230E+04
  0.420932E+01  0.840983E+04  0.836967E+04 -0.201188E-05 -0.229674E-04  0.000000E+00  0.840362E+04
  0.429436E+01  0.812098E+04  0.808219E+04 -0.186657E-05 -0.744926E-05  0.000000E+00  0.811498E+04
  0.438111E+01  0.784187E+04  0.780441E+04 -0.173173E-05 -0.114575E-04  0.000000E+00  0.783608E+04
  0.446961E+01  0.757218E+04  0.753600E+04 -0.160658E-05 -0.378209E-05  0.000000E+00  0.756658E+04
  0.455991E+01  0.731161E+04  0.727668E+04 -0.149045E-05  0.142880E-04  0.000000E+00  0.730621E+04
  0.465202E+01  0.705985E+04  0.702612E+04 -0.138268E-05 -0.321183E-04  0.000000E+00  0.705463E+04
  0.474600E+01  0.681661E+04  0.678404E+04 -0.128268E-05 -0.217458E-04  0.000000E+00  0.681157E+04
  0.484188E+01  0.658162E+04  0.655016E+04 -0.118988E-05 -0.146352E-04  0.000000E+00  0.657675E+04
  0.493969E+01  0.635456E+04  0.632419E+04 -0.110378E-05 -0.199797E-04  0.000000E+00  0.634987E+04
  0.503948E+01  0.613522E+04  0.610589E+04 -0.102388E-05 -0.102142E-04  0.000000E+00  0.613068E+04
  0.514128E+01  0.592330E+04  0.589498E+04 -0.949736E-06 -0.581513E-05  0.000000E+00  0.591892E+04
  0.524514E+01  0.571858E+04  0.569124E+04 -0.880948E-06 -0.374002E-05  0.000000E+00  0.571435E+04
  0.535110E+01  0.552082E+04  0.549442E+04 -0.817123E-06 -0.183659E-05  0.000000E+00  0.551673E+04
  0.545920E+01  0.532980E+04  0.530431E+04 -0.757911E-06  0.756535E-05  0.000000E+00  0.532586E+04
  0.556948E+01  0.514528E+04  0.512067E+04 -0.702972E-06  0.344583E-05  0.000000E+00  0.514147E+04
  0.568199E+01  0.496705E+04  0.494329E+04 -0.652004E-06 -0.874708E-05  0.000000E+00  0.496337E+04
  0.579678E+01  0.479488E+04  0.477194E+04 -0.604716E-06  0.634197E-05  0.000000E+00  0.479133E+04
  0.591388E+01  0.462859E+04  0.460645E+04 -0.560848E-06 -0.660904E-05  0.000000E+00  0.462517E+04
  0.603335E+01  0.446797E+04  0.444659E+04 -0.520150E-06 -0.652720E-05  0.000000E+00  0.446466E+04
  0.615523E+01  0.431283E+04  0.429219E+04 -0.482396E-06 -0.121454E-05  0.000000E+00  0.430964E+04
  0.627958E+01  0.416300E+04  0.414307E+04 -0.447372E-06 -0.471381E-05  0.000000E+00  0.415992E+04
  0.640643E+01  0.401830E+04  0.399907E+04 -0.414885E-06  0.315294E-05  0.000000E+00  0.401533E+04
  0.653585E+01  0.387856E+04  0.385998E+04 -0.384749E-06 -0.618008E-05  0.000000E+00  0.387568E+04
  0.666788E+01  0.374360E+04  0.372567E+04 -0.356796E-06 -0.559012E-05  0.000000E+00  0.374083E+04
  0.680258E+01  0.361327E+04  0.359596E+04 -0.330865E-06  0.149752E-05  0.000000E+00  0.361059E+04
  0.694000E+01  0.348740E+04  0.347069E+04 -0.306814E-06 -0.159376E-05  0.000000E+00  0.348482E+04
  0.708020E+01  0.336585E+04  0.334972E+04 -0.284505E-06 -0.114481E-05  0.000000E+00  0.336335E+04
  0.722323E+01  0.324847E+04  0.323291E+04 -0.263814E-06  0.525956E-07  0.000000E+00  0.324607E+04
  0.736915E+01  0.313513E+04  0.312010E+04 -0.244622E-06  0.371249E-06  0.000000E+00  0.313281E+04
  0.751801E+01  0.302570E+04  0.301119E+04 -0.226823E-06 -0.295085E-05  0.000000E+00  0.302346E+04
  0.766989E+01  0.292003E+04  0.290602E+04 -0.210315E-06 -0.189011E-05  0.000000E+00  0.291786E+04
  0.782484E+01  0.281799E+04  0.280447E+04 -0.195004E-06 -0.208541E-05  0.000000E+00  0.281590E+04
  0.798290E+01  0.271947E+04  0.270642E+04 -0.180805E-06  0.229541E-06  0.000000E+00  0.271746E+04
  0.814417E+01  0.262434E+04  0.261175E+04 -0.167636E-06 -0.299211E-06  0.000000E+00  0.262240E+04
  0.830869E+01  0.253250E+04  0.252034E+04 -0.155424E-06 -0.226208E-06  0.000000E+00  0.253062E+04
  0.847654E+01  0.244383E+04  0.243209E+04 -0.144099E-06 -0.279853E-05  0.000000E+00  0.244201E+04
  0.864778E+01  0.235823E+04  0.234690E+04 -0.133597E-06 -0.571526E-06  0.000000E+00  0.235647E+04
  0.882248E+01  0.227558E+04  0.226464E+04 -0.123858E-06 -0.372643E-06  0.000000E+00  0.227388E+04
  0.900070E+01  0.219579E+04  0.218523E+04 -0.114827E-06 -0.563743E-07  0.000000E+00  0.219415E+04
  0.918253E+01  0.211875E+04  0.210856E+04 -0.106452E-06  0.369099E-06  0.000000E+00  0.211718E+04
  0.936802E+01  0.204439E+04  0.203455E+04 -0.986868E-07 -0.175667E-05  0.000000E+00  0.204287E+04
  0.955727E+01  0.197260E+04  0.196310E+04 -0.914860E-07 -0.622031E-06  0.000000E+00  0.197113E+04
  0.975034E+01  0.190330E+04  0.189414E+04 -0.848095E-07  0.158494E-06  0.000000E+00  0.190188E+04
  0.994731E+01  0.183641E+04  0.182756E+04 -0.786188E-07 -0.610342E-07  0.000000E+00  0.183504E+04
  0.101483E+02  0.177183E+04  0.176330E+04 -0.728789E-07  0.295883E-06  0.000000E+00  0.177051E+04
  0.103533E+02  0.170950E+04  0.170126E+04 -0.675565E-07  0.163193E-05  0.000000E+00  0.170822E+04
  0.105624E+02  0.164933E+04  0.164138E+04 -0.626220E-07 -0.109163E-05  0.000000E+00  0.164810E+04
  0.107758E+02  0.159125E+04  0.158357E+04 -0.580468E-07 -0.189048E-05  0.000000E+00  0.159006E+04
  0.109935E+02  0.153520E+04  0.152779E+04 -0.538051E-07  0.111466E-05  0.000000E+00  0.153405E+04
  0.112156E+02  0.148109E+04  0.147394E+04 -0.498725E-07  0.724458E-06  0.000000E+00  0.147999E+04
  0.114421E+02  0.142887E+04  0.142197E+04 -0.462267E-07  0.837160E-06  0.000000E+00  0.142781E+04
  0.116733E+02  0.137847E+04  0.137181E+04 -0.428464E-07 -0.648406E-07  0.000000E+00  0.137744E+04
  0.119091E+02  0.132982E+04  0.132339E+04 -0.397128E-07  0.250528E-06  0.000000E+00  0.132883E+04
  0.121497E+02  0.128287E+04  0.127666E+04 -0.368077E-07  0.731055E-06  0.000000E+00  0.128191E+04
  0.123951E+02  0.123756E+04  0.123157E+04 -0.341148E-07 -0.116320E-05  0.000000E+00  0.123664E+04
  0.126455E+02  0.119384E+04  0.118805E+04 -0.316182E-07 -0.278686E-07  0.000000E+00  0.119294E+04
  0.129010E+02  0.115163E+04  0.114605E+04 -0.293038E-07  0.491655E-06  0.000000E+00  0.115077E+04
  0.131616E+02  0.111090E+04  0.110551E+04 -0.271585E-07 -0.531163E-06  0.000000E+00  0.111007E+04
  0.134275E+02  0.107160E+04  0.106639E+04 -0.251698E-07 -0.209443E-06  0.000000E+00  0.107079E+04
  0.136987E+02  0.103367E+04  0.102865E+04 -0.233264E-07  0.590795E-06  0.000000E+00  0.103289E+04
  0.139755E+02  0.997071E+03  0.992221E+03 -0.216176E-07  0.340628E-06  0.000000E+00  0.996320E+03
  0.142578E+02  0.961752E+03  0.957070E+03 -0.200338E-07 -0.551872E-06  0.000000E+00  0.961028E+03
  0.145458E+02  0.927668E+03  0.923148E+03 -0.185656E-07  0.334975E-06  0.000000E+00  0.926969E+03
  0.148396E+02  0.894780E+03  0.890416E+03 -0.172048E-07 -0.424786E-06  0.000000E+00  0.894105E+03
  0.151394E+02  0.863045E+03  0.858832E+03 -0.159434E-07 -0.632695E-06  0.000000E+00  0.862393E+03
  0.154453E+02  0.832425E+03  0.828358E+03 -0.147744E-07  0.215704E-06  0.000000E+00  0.831796E+03
  0.157573E+02  0.802878E+03  0.798951E+03 -0.136908E-07  0.296960E-06  0.000000E+00  0.802271E+03
  0.160756E+02  0.774369E+03  0.770577E+03 -0.126866E-07 -0.191472E-06  0.000000E+00  0.773782E+03
  0.164003E+02  0.746860E+03  0.743199E+03 -0.117557E-07  0.136732E-06  0.000000E+00  0.746294E+03
  0.167316E+02  0.720320E+03  0.716786E+03 -0.108931E-07  0.153841E-08  0.000000E+00  0.719773E+03
  0.170697E+02  0.694713E+03  0.691300E+03 -0.100936E-07 -0.243459E-06  0.000000E+00  0.694185E+03
  0.174145E+02  0.670007E+03  0.666711E+03 -0.935260E-08 -0.299968E-07  0.000000E+00  0.669497E+03
  0.177663E+02  0.646169E+03  0.642986E+03 -0.866587E-08 -0.203179E-06  0.000000E+00  0.645676E+03
  0.181252E+02  0.623171E+03  0.620098E+03 -0.802947E-08  0.155323E-07  0.000000E+00  0.622696E+03
  0.184913E+02  0.600984E+03  0.598016E+03 -0.743968E-08  0.309430E-07  0.000000E+00  0.600525E+03
  0.188649E+02  0.579579E+03  0.576713E+03 -0.689313E-08 -0.784345E-07  0.000000E+00  0.579136E+03
  0.192460E+02  0.558928E+03  0.556159E+03 -0.638661E-08 -0.126676E-06  0.000000E+00  0.558499E+03
  0.196348E+02  0.539005E+03  0.536331E+03 -0.591723E-08 -0.139980E-06  0.000000E+00  0.538591E+03
  0.200314E+02  0.519786E+03  0.517203E+03 -0.548225E-08 -0.129148E-06  0.000000E+00  0.519386E+03
  0.204361E+02  0.501246E+03  0.498751E+03 -0.507920E-08 -0.850133E-07  0.000000E+00  0.500860E+03
  0.208489E+02  0.483359E+03  0.480950E+03 -0.470570E-08 -0.160569E-06  0.000000E+00  0.482986E+03
  0.212701E+02  0.466104E+03  0.463777E+03 -0.435959E-08  0.930323E-07  0.000000E+00  0.465744E+03
  0.216998E+02  0.449461E+03  0.447212E+03 -0.403888E-08 -0.314529E-07  0.000000E+00  0.449113E+03
  0.221382E+02  0.433405E+03  0.431233E+03 -0.374172E-08 -0.993899E-07  0.000000E+00  0.433069E+03
  0.225854E+02  0.417918E+03  0.415819E+03 -0.346638E-08  0.118086E-06  0.000000E+00  0.417593E+03
  0.230416E+02  0.402978E+03  0.400949E+03 -0.321121E-08 -0.323240E-07  0.000000E+00  0.402664E+03
  0.235071E+02  0.388568E+03  0.386608E+03 -0.297481E-08 -0.809247E-07  0.000000E+00  0.388265E+03
  0.239820E+02  0.374668E+03  0.372774E+03 -0.275577E-08 -0.131415E-07  0.000000E+00  0.374375E+03
  0.244664E+02  0.361261E+03  0.359430E+03 -0.255283E-08 -0.981128E-07  0.000000E+00  0.360978E+03
  0.249607E+02  0.348328E+03  0.346559E+03 -0.236479E-08 -0.319058E-08  0.000000E+00  0.348054E+03
  0.254649E+02  0.335855E+03  0.334144E+03 -0.219056E-08  0.265348E-07  0.000000E+00  0.335590E+03
